Assemblage_Name	1613298-1-3	3866316-8414082-8374781	5857700-1-5094690	1-6680052-2	2-1-5117689	1-6760579-2	1-3-9282495	5857700-502996-3	577776-1-3	8462731-3-2	5857700-1502262-3	2-1-3	5857700-2028553-128410	171276-8414082-7975816	1-1-9643939	7748833-4-4	2-1-9314448	7216708-1-7975816	9028056-7469102-4567792	5857700-1-3	7567365-1-3	3866316-1-7975816	1-4-588492	3866316-8414082-7975816	4553632-7469102-2	3866316-8414082-7766893	4798911-2028553-128410	1-1570985-4	7211393-8414082-8672426	3866316-8414082-8672426	8929119-0-2	1-3-2	5857700-1-8768088	1-6824755-2	5952504-3-2	6679100-1-3	1-4-4	3866316-4674747-7975816	1-1-7975816	5857700-1-128410	2-1-1168794	2-1-7819610	5857700-1-7156729	9028056-3-2	1-2050665-9643939	3866316-8543375-7975816	3866316-5459538-7975816	5857700-7600171-3	3-0-2	9954363-0-6630532	1-4832600-2	5857700-1-6960395	5857700-8176341-3	9028056-7469102-2	26907-8414082-7975816
assemblage-644-613	0	0	0	0	0	0	0	0	0	0	0	0	0	0	0	0	0	0	0	0	0	0	0	0	0	0	0	0	0	0	0	461	0	3	25	0	0	0	0	0	0	0	0	0	0	0	0	0	0	0	0	0	0	0	11
assemblage-414-117	0	0	0	0	0	0	0	0	0	0	0	21	0	0	0	0	0	0	0	400	0	0	0	0	0	0	0	0	0	0	0	42	9	0	0	0	0	0	0	0	0	0	0	0	0	0	0	0	0	0	0	0	0	21	7
assemblage-172-473	0	0	0	0	0	0	0	0	0	0	0	0	0	0	0	9	0	0	0	0	0	0	0	0	0	0	0	0	0	0	0	0	0	0	0	0	263	0	0	0	0	0	0	0	0	0	0	0	216	0	0	0	0	0	12
assemblage-779-681	0	6	0	0	0	0	0	0	0	0	0	219	0	8	0	0	5	0	0	28	0	0	0	143	0	0	0	0	0	0	3	15	0	0	0	0	6	0	0	0	0	0	0	0	0	0	0	0	60	0	0	0	0	0	7
assemblage-792-155	0	0	0	0	0	0	0	0	0	0	0	270	0	0	0	0	0	0	0	0	0	5	0	52	0	0	0	0	0	0	0	108	0	0	0	0	0	0	44	0	0	0	0	0	11	0	0	0	0	0	0	0	0	0	10
assemblage-522-443	0	0	0	0	0	0	0	0	0	0	0	0	0	0	29	0	0	17	0	0	0	0	0	0	0	0	0	0	0	0	0	0	0	0	0	0	0	0	437	0	0	0	0	0	0	0	0	0	0	0	0	0	0	0	17
assemblage-284-140	0	0	0	0	0	0	0	0	0	0	0	309	0	0	0	0	0	0	0	143	0	10	0	0	0	0	0	0	0	0	0	0	0	0	0	0	0	0	22	0	0	0	0	0	0	0	0	0	0	0	0	0	0	0	16
assemblage-512-531	0	0	0	0	0	0	0	0	0	6	0	11	0	0	0	0	0	0	0	294	0	0	0	0	0	0	0	0	0	0	0	54	0	0	0	0	0	0	0	0	0	0	0	28	0	0	0	0	8	0	0	0	0	70	29
assemblage-269-147	0	0	0	0	0	0	0	0	0	0	0	324	0	0	0	0	0	0	0	139	0	10	0	0	0	0	0	0	0	0	0	0	0	0	0	0	0	0	11	0	0	0	0	0	0	0	0	0	0	0	0	0	0	0	16
assemblage-512-534	0	0	0	0	0	0	0	0	0	0	0	0	0	0	0	0	0	0	0	198	0	0	0	84	0	0	0	17	0	0	0	0	0	0	0	0	120	0	0	0	0	0	0	0	0	0	0	0	72	0	0	0	0	0	9
assemblage-842-245	0	0	0	0	0	0	0	0	0	0	0	0	17	0	0	0	0	0	0	351	4	0	0	69	0	0	0	0	0	0	0	0	0	0	0	0	0	0	0	13	0	0	4	0	0	5	0	0	0	0	0	7	14	0	16
assemblage-358-666	0	17	0	0	0	0	0	0	0	0	0	243	0	0	0	0	9	0	0	18	0	0	0	115	0	0	0	0	0	0	6	19	0	0	0	0	8	0	0	0	0	0	0	0	0	0	0	0	57	0	0	0	0	0	8
assemblage-392-346	0	0	0	0	0	0	0	0	0	0	0	21	0	0	0	0	0	0	0	202	0	8	10	0	0	0	0	50	0	0	0	13	0	0	0	0	160	0	0	0	0	0	0	0	0	0	0	0	21	0	0	0	0	0	15
assemblage-705-411	0	0	0	0	0	0	0	0	0	0	0	14	0	0	0	0	0	0	0	405	0	0	0	0	0	0	0	0	0	0	0	43	7	0	0	0	0	0	0	0	0	0	0	0	0	0	0	0	0	0	0	0	0	25	6
assemblage-844-229	0	0	0	0	0	0	0	0	5	0	0	0	0	0	0	0	0	0	0	76	0	0	0	57	0	6	0	0	0	97	0	0	0	0	0	0	0	0	0	0	127	21	0	0	0	0	0	0	0	0	0	0	0	95	16
assemblage-630-588	0	0	0	0	0	0	0	0	0	0	0	0	0	0	0	0	0	0	0	0	0	0	0	0	0	0	0	0	0	0	0	458	0	7	22	0	0	0	0	0	0	0	0	0	0	0	0	0	0	0	0	0	0	0	13
assemblage-357-740	0	0	0	0	0	0	0	0	0	0	0	78	0	0	0	0	0	0	0	154	0	0	0	75	0	0	0	0	0	0	0	76	0	0	0	0	24	0	0	0	0	0	0	7	0	0	0	0	39	0	0	0	0	15	32
assemblage-557-329	0	0	0	0	0	0	0	0	0	0	0	0	11	0	0	0	0	0	0	348	0	0	0	71	0	0	0	0	0	0	0	0	0	0	0	0	0	0	0	8	0	0	5	0	0	8	0	0	0	0	0	10	19	0	20
assemblage-881-838	0	0	0	0	0	0	0	0	0	0	0	0	40	0	0	0	0	0	0	264	0	0	0	0	4	0	0	0	0	16	0	0	0	0	0	0	0	0	0	0	20	0	0	0	0	0	0	0	0	0	0	0	0	135	21
assemblage-399-844	0	0	0	0	0	0	0	0	0	0	0	240	0	0	0	0	0	0	0	0	0	10	0	68	0	0	0	0	0	0	0	114	0	0	0	0	0	0	44	0	0	0	0	0	13	0	0	0	0	0	0	0	0	0	11
assemblage-372-680	0	0	0	0	0	0	0	0	0	12	0	9	0	0	0	0	0	0	0	268	0	0	0	0	0	0	0	0	0	0	0	56	0	0	0	0	0	0	0	0	0	0	0	26	0	0	0	0	15	0	0	0	0	86	28
assemblage-836-772	0	0	0	0	0	0	0	0	0	0	0	0	21	0	0	0	0	0	0	204	0	0	0	155	0	0	0	0	0	0	0	0	0	0	0	0	0	0	0	0	0	0	0	0	0	0	22	0	0	0	0	0	0	90	8
assemblage-711-402	0	0	0	0	0	0	0	0	0	0	0	8	0	0	0	0	0	0	0	419	0	0	0	0	0	0	0	0	0	0	0	36	8	0	0	0	0	0	0	0	0	0	0	0	0	0	0	0	0	0	0	0	0	23	6
assemblage-721-412	0	0	0	0	0	0	0	0	0	0	0	8	0	0	0	0	0	0	0	389	0	0	0	0	0	0	0	0	0	0	0	56	0	0	0	0	0	0	0	0	0	0	0	0	0	26	0	0	0	0	0	0	0	8	13
assemblage-415-817	0	0	0	0	0	0	0	0	0	0	0	14	0	0	0	0	0	0	0	203	0	10	10	0	0	0	0	64	0	0	0	17	0	0	0	0	130	0	0	0	0	0	0	0	0	0	0	0	21	0	0	0	0	0	31
assemblage-579-646	0	0	0	0	0	0	0	0	0	0	0	13	0	0	0	0	0	0	0	96	0	0	0	0	0	0	0	0	0	0	0	0	0	0	0	0	0	0	0	0	21	0	0	0	0	33	0	0	0	0	0	0	0	317	20
assemblage-629-595	0	0	0	0	0	0	0	0	0	0	0	0	0	0	0	0	0	0	0	0	0	0	0	0	0	0	0	0	0	0	0	460	0	0	27	0	0	0	0	0	0	0	0	0	0	0	0	0	0	0	0	0	0	0	13
assemblage-354-748	0	0	0	0	0	0	0	0	0	0	0	4	0	0	0	0	0	0	0	188	0	0	0	93	0	0	0	12	0	0	0	0	0	0	0	0	123	0	0	0	0	0	0	0	0	0	0	0	69	0	0	0	0	0	11
assemblage-536-459	0	0	0	0	0	0	0	0	0	0	0	0	0	0	28	0	0	10	0	0	0	0	0	0	0	0	0	0	0	0	0	0	0	0	0	0	0	0	443	0	0	0	0	0	0	0	0	0	0	0	0	0	0	0	19
assemblage-549-355	0	0	0	0	0	0	0	0	0	0	0	0	0	0	0	0	0	0	0	61	0	0	0	52	0	0	0	0	0	115	0	0	0	0	0	0	0	5	0	0	143	21	0	0	0	0	0	0	0	0	0	0	0	78	25
assemblage-174-741	0	0	92	0	0	0	0	0	0	0	0	0	0	0	0	0	0	0	6	164	0	0	0	13	0	0	83	0	0	5	0	0	0	0	0	0	0	0	0	0	0	0	0	0	0	0	0	0	0	0	0	0	0	121	16
assemblage-407-859	0	0	0	0	0	0	0	0	0	0	0	131	0	0	7	0	0	0	0	62	0	24	0	22	0	0	0	15	0	0	0	73	0	0	0	0	38	0	12	0	0	0	0	0	0	0	0	0	89	0	0	0	0	0	27
assemblage-797-144	0	0	0	0	0	0	0	0	0	0	0	231	0	0	0	0	0	0	0	0	0	5	0	75	0	0	0	0	0	0	0	112	0	0	0	0	0	0	58	0	0	0	0	0	5	0	0	0	0	0	0	0	0	0	14
assemblage-573-676	0	0	0	0	0	0	0	0	0	0	0	7	0	0	0	0	0	0	0	395	0	0	0	0	0	0	0	0	0	0	0	53	0	0	0	0	0	0	0	0	0	0	0	0	0	31	0	0	0	0	0	0	0	5	9
assemblage-600-677	0	0	0	0	0	0	0	0	0	0	0	7	0	0	0	0	0	0	0	431	0	0	0	0	0	0	0	0	0	0	0	34	7	0	0	0	0	0	0	0	0	0	0	0	0	0	0	0	0	0	0	0	0	9	12
assemblage-617-593	0	0	0	0	0	0	0	0	0	0	0	0	0	0	0	0	0	0	0	0	0	0	0	0	0	0	0	0	0	0	0	456	0	4	28	0	0	0	0	0	0	0	0	0	0	0	0	0	0	0	0	0	0	0	12
assemblage-371-670	0	0	0	0	0	8	0	0	0	0	0	65	0	0	0	0	0	0	0	184	0	0	0	28	0	0	0	0	0	0	0	207	0	0	0	0	0	0	0	0	0	0	0	0	0	0	0	0	0	0	0	0	0	0	8
assemblage-246-160	0	0	0	0	0	0	0	0	0	0	0	294	0	0	0	0	0	0	0	147	0	19	0	0	0	0	0	0	0	0	0	0	0	0	0	0	0	0	16	0	0	0	0	0	0	0	0	0	0	0	0	0	0	0	24
assemblage-698-412	0	0	0	0	0	0	0	0	0	0	0	6	0	0	0	0	0	0	0	390	0	0	0	0	0	0	0	0	0	0	0	54	0	0	0	0	0	0	0	0	0	0	0	0	0	25	0	0	0	0	0	0	0	9	16
assemblage-766-675	0	0	0	0	0	0	0	0	0	0	0	0	0	0	0	0	0	0	0	202	0	0	0	92	0	0	0	11	0	0	0	0	0	0	0	0	125	0	0	0	0	0	0	0	0	0	0	0	61	0	0	0	0	0	9
assemblage-864-750	0	0	89	0	0	0	0	0	0	0	0	0	0	0	0	0	0	0	0	159	0	0	0	17	0	0	93	0	0	6	0	0	0	0	0	0	0	0	0	0	0	0	0	0	0	0	0	0	0	0	0	0	0	120	16
assemblage-560-348	0	0	0	0	0	0	0	0	6	0	0	0	0	0	0	0	0	0	0	80	0	0	0	54	0	0	0	0	0	115	0	0	0	0	0	0	0	6	0	0	117	14	0	0	0	0	0	0	0	0	0	0	0	97	11
assemblage-567-336	8	0	0	0	0	0	0	0	0	0	0	19	0	0	0	0	0	0	0	99	0	0	0	0	0	0	0	0	0	0	0	0	0	0	0	0	0	0	0	0	28	0	0	0	0	35	0	0	0	0	0	0	0	299	12
assemblage-850-233	0	0	0	0	0	0	0	0	0	0	0	0	0	0	0	0	0	0	0	85	0	0	0	36	0	0	0	0	0	113	0	0	0	0	0	0	0	9	0	0	137	10	0	0	0	0	0	0	0	0	0	0	0	93	17
assemblage-753-669	0	9	0	0	0	0	0	0	0	0	0	206	0	4	0	0	10	0	0	20	0	0	0	156	0	0	0	0	0	0	6	13	0	0	0	0	7	0	0	0	0	0	0	0	0	0	0	0	63	0	0	0	0	0	6
assemblage-377-676	0	0	0	0	0	0	0	0	0	10	0	10	0	0	0	0	0	0	0	284	0	0	0	0	0	0	0	0	0	0	0	51	0	0	0	0	0	0	0	0	0	0	0	27	0	0	0	0	14	0	0	0	0	72	32
assemblage-888-861	0	0	84	0	0	0	0	0	0	0	0	0	0	0	0	0	0	0	0	172	0	0	0	23	0	0	71	0	0	3	0	0	0	0	0	0	0	0	0	0	0	0	0	0	0	0	0	0	0	0	0	0	0	121	26
assemblage-276-141	0	0	0	0	4	0	0	0	0	0	0	303	0	0	0	0	0	0	0	151	0	10	0	0	0	0	0	0	0	0	0	0	0	0	0	0	0	0	24	0	0	0	0	0	0	0	0	0	0	0	0	0	0	0	8
assemblage-522-543	0	0	0	0	0	7	0	0	0	0	0	74	0	0	0	0	0	0	0	195	0	0	0	23	0	0	0	0	0	0	0	188	0	0	0	0	0	0	0	0	0	0	0	0	0	0	0	0	0	0	0	0	0	0	13
assemblage-838-264	0	0	0	0	0	0	0	0	0	0	0	17	0	0	0	0	0	0	0	92	0	0	0	0	0	0	0	0	0	0	0	0	0	0	0	0	0	0	0	0	17	0	0	0	0	38	0	0	0	0	0	0	0	315	21
assemblage-903-383	0	0	0	0	0	0	0	0	0	0	0	174	0	0	21	0	0	0	0	0	0	81	0	0	0	0	0	0	0	0	0	173	0	0	0	0	15	0	0	0	0	0	0	0	6	0	0	0	22	0	0	0	0	0	8
assemblage-180-460	0	0	0	0	0	0	0	0	0	0	0	0	0	0	6	13	0	0	0	0	0	0	0	0	0	0	0	0	0	0	0	0	0	0	0	0	260	0	0	0	0	0	0	0	0	0	0	0	208	0	0	0	0	0	13
assemblage-582-656	0	0	0	0	0	0	0	0	0	0	0	0	11	0	0	0	0	0	0	366	0	0	0	37	0	0	0	0	0	0	0	27	0	0	0	0	0	0	0	7	0	0	0	0	0	21	0	0	0	0	0	0	5	0	26
assemblage-827-268	0	0	0	0	0	0	0	0	0	0	0	0	0	0	0	0	0	0	0	236	0	0	0	114	0	8	0	0	0	0	0	0	0	0	0	0	0	0	0	0	0	0	0	0	0	0	0	0	0	0	0	0	0	127	15
assemblage-823-220	0	0	0	0	0	0	0	7	0	0	0	0	14	0	0	0	0	0	0	334	0	0	0	95	0	0	0	0	0	0	0	0	0	0	0	0	0	0	0	7	0	0	0	0	0	6	0	0	0	0	0	5	15	0	17
assemblage-359-740	0	0	0	0	0	0	0	0	0	0	0	0	0	0	0	0	0	0	0	201	0	0	0	107	0	0	0	6	0	0	0	0	0	0	0	0	120	0	0	0	0	0	0	0	0	0	0	0	50	0	0	0	0	0	16
assemblage-326-251	0	0	0	0	0	0	0	0	0	0	0	0	0	0	0	0	0	0	0	223	0	0	0	112	0	0	0	0	0	0	0	0	0	0	0	0	0	0	0	0	0	0	0	0	0	0	0	0	0	0	0	0	0	138	27
assemblage-187-734	0	0	0	0	0	0	0	0	0	0	0	0	16	0	0	0	0	0	0	220	0	0	0	179	0	0	0	0	0	0	0	0	0	0	0	0	0	0	0	0	0	0	0	0	0	0	15	0	0	0	0	0	0	62	8
assemblage-858-773	0	0	0	0	0	0	0	0	0	0	0	0	35	0	0	0	0	0	0	238	0	0	0	0	6	0	0	0	0	14	0	0	0	0	0	0	0	0	0	0	42	0	0	0	0	0	0	0	0	0	0	0	0	145	20
assemblage-293-255	0	0	0	0	0	0	0	0	0	0	0	9	0	0	0	0	0	0	0	104	0	0	0	0	0	0	0	0	0	0	0	0	0	0	0	0	0	0	0	0	28	0	0	0	0	29	0	0	0	0	0	0	0	314	16
assemblage-185-751	0	0	99	0	0	0	0	0	0	0	0	0	7	0	0	0	0	0	0	181	0	0	0	7	0	0	80	0	0	0	0	0	0	0	0	0	0	0	0	0	0	0	0	0	0	0	0	0	0	0	0	0	0	101	25
assemblage-521-556	0	0	0	0	0	0	0	0	0	11	0	15	0	0	0	0	0	0	0	269	0	0	0	0	0	0	0	0	0	0	0	71	0	0	0	0	0	0	0	0	0	0	0	31	0	0	0	0	9	0	0	0	0	74	20
assemblage-963-121	0	0	0	0	0	0	0	0	0	0	0	0	42	0	0	0	0	0	0	256	0	0	0	0	5	0	0	0	0	13	0	0	0	0	0	0	0	0	0	0	19	0	0	0	0	0	0	0	0	0	0	0	0	147	18
assemblage-410-356	0	0	0	28	0	0	0	0	0	0	0	16	0	0	0	0	0	0	0	32	0	0	0	0	0	0	0	0	0	0	0	0	0	0	0	0	5	0	8	0	0	0	0	0	0	0	0	0	367	16	0	0	0	0	28
assemblage-848-779	0	0	0	0	0	0	0	0	0	0	0	0	38	0	0	0	0	0	0	268	0	0	0	0	4	0	0	0	0	9	0	0	0	0	0	0	0	0	0	0	25	0	0	0	0	0	0	0	0	0	0	0	0	143	13
assemblage-771-657	0	0	0	0	0	0	0	0	0	0	0	0	0	0	0	0	0	0	0	221	0	0	0	74	0	0	0	12	0	0	0	0	0	0	0	0	116	0	0	0	0	0	0	0	0	0	0	0	60	0	0	0	0	0	17
assemblage-507-530	0	0	0	0	0	0	0	0	0	10	0	11	0	0	0	0	0	0	0	272	0	0	0	0	0	0	0	0	0	0	0	70	0	0	0	0	0	0	0	0	0	0	0	26	0	0	0	0	13	0	0	0	0	73	25
assemblage-576-679	0	0	0	0	0	0	0	0	0	0	0	137	0	0	0	0	0	0	0	136	0	0	0	14	0	0	0	0	0	0	0	0	0	0	0	0	0	0	0	0	0	0	0	0	0	0	0	0	0	0	0	0	0	196	17
assemblage-968-226	0	0	0	0	0	0	0	0	0	0	0	10	0	0	0	0	0	0	0	399	0	0	0	0	0	0	0	0	0	0	0	51	17	0	0	0	0	0	0	0	0	0	0	0	0	0	0	0	0	0	0	0	0	13	10
assemblage-867-834	0	0	77	0	0	0	0	0	0	0	0	0	0	0	0	0	0	0	0	185	0	0	0	8	0	0	78	0	0	0	0	0	0	0	0	0	0	0	0	0	0	0	0	0	0	0	0	0	0	0	0	0	0	119	33
assemblage-346-732	0	0	0	0	0	0	0	0	0	11	0	8	0	0	0	0	0	0	0	262	0	0	0	0	0	0	0	0	0	0	0	70	0	0	0	0	0	0	0	0	0	0	0	40	0	0	0	0	9	0	0	0	0	73	27
assemblage-589-678	0	0	0	0	0	0	0	0	0	0	0	58	0	0	0	0	18	0	0	24	0	0	0	296	0	37	0	0	0	1	0	0	0	0	0	0	45	0	0	0	0	0	0	0	0	6	0	0	0	0	0	0	0	0	15
assemblage-553-456	0	0	0	0	0	0	0	0	0	0	0	0	0	0	38	0	0	13	0	0	0	0	0	0	0	0	0	0	0	0	0	0	0	0	0	0	0	0	438	0	0	0	0	0	0	0	0	0	0	0	0	0	0	0	11
assemblage-408-827	0	0	0	13	0	0	0	0	0	0	0	16	0	0	0	0	0	0	0	29	0	0	0	0	0	0	0	0	0	0	0	7	0	0	0	0	16	0	10	0	0	0	0	0	0	0	0	0	365	16	3	0	0	0	25
assemblage-183-759	0	0	0	0	0	0	0	0	0	0	0	0	20	0	0	0	0	0	0	228	0	0	0	145	0	0	0	0	0	0	0	0	0	0	0	0	0	0	0	0	0	0	0	0	0	0	14	0	0	0	0	0	0	81	12
assemblage-533-469	0	0	0	0	0	0	0	0	0	0	0	0	0	0	31	0	0	11	0	0	0	0	0	0	0	0	0	0	0	0	0	0	0	0	0	0	0	0	438	0	0	0	0	0	0	0	0	0	0	0	0	0	0	0	20
assemblage-386-339	0	0	0	0	0	0	0	0	0	0	0	20	0	0	0	0	0	0	0	193	0	10	5	0	0	0	0	53	0	0	0	23	0	0	0	0	155	0	0	0	0	0	0	0	0	0	0	0	22	0	0	0	0	0	19
assemblage-649-607	0	0	0	0	0	0	0	0	0	0	0	0	0	0	0	0	0	0	0	0	0	0	0	0	0	0	0	0	0	0	0	471	0	3	16	0	0	0	0	0	0	0	0	0	0	0	0	0	0	0	0	0	0	0	10
assemblage-156-455	0	0	0	0	0	0	0	0	0	0	0	0	0	0	0	8	0	0	0	0	0	0	0	0	0	0	0	0	0	0	0	0	0	0	0	0	271	0	0	0	0	0	0	0	0	0	0	0	209	0	0	0	0	0	12
assemblage-903-841	0	0	82	0	0	0	0	0	0	0	0	0	0	0	0	0	0	0	0	209	0	0	0	6	0	0	61	0	0	0	0	0	0	0	0	0	0	0	0	0	0	0	0	0	0	0	0	0	0	0	0	0	0	118	24
assemblage-879-835	0	0	0	0	0	0	0	0	0	0	0	0	0	0	0	0	0	0	0	36	0	0	0	10	0	0	0	0	11	366	0	0	0	0	0	0	0	0	0	0	22	0	0	0	0	0	0	0	0	0	0	0	0	39	16
assemblage-846-749	0	0	0	0	0	0	0	0	0	0	0	0	0	0	0	0	0	0	0	39	0	0	0	3	0	0	0	0	8	370	0	0	0	0	0	0	0	0	0	0	28	0	0	0	0	0	0	0	0	0	0	0	0	48	4
assemblage-315-251	0	0	0	0	0	0	0	0	0	0	0	0	0	0	0	0	0	0	0	242	0	0	0	123	0	3	0	0	0	0	0	0	0	0	0	0	0	0	0	0	0	0	0	0	0	0	0	0	0	0	0	0	0	115	17
assemblage-901-389	0	0	0	24	0	0	0	0	0	0	0	21	0	0	0	0	0	0	0	25	0	0	0	0	0	0	0	0	0	0	0	0	0	0	0	0	7	0	6	0	0	0	0	0	0	0	0	0	378	8	5	0	0	0	26
assemblage-417-131	0	0	0	0	0	0	0	0	0	0	0	16	0	0	0	0	0	0	0	396	0	0	0	0	0	0	0	0	0	0	0	47	13	0	0	0	0	0	0	0	0	0	0	0	0	0	0	0	0	0	0	0	0	24	4
assemblage-322-242	0	0	0	0	0	0	0	0	0	0	0	0	0	0	0	0	0	0	0	250	0	0	0	112	0	0	0	0	0	0	0	0	0	0	0	0	0	0	0	0	0	0	0	0	0	0	0	0	0	0	0	0	0	119	19
assemblage-353-666	0	0	0	0	0	13	0	0	0	0	0	56	0	0	0	0	0	0	0	183	0	0	0	21	0	0	0	0	0	0	0	218	0	0	0	0	0	0	0	0	0	0	0	0	0	0	0	0	0	0	0	0	0	0	9
assemblage-875-759	0	0	0	0	0	0	0	0	0	0	0	0	29	0	0	0	0	0	0	263	0	0	0	0	11	0	3	0	0	10	0	0	0	0	0	0	0	0	0	0	21	0	0	0	0	0	0	0	0	0	0	0	0	148	15
assemblage-520-551	0	0	0	0	0	0	0	0	0	0	0	0	0	0	0	0	0	0	0	216	0	0	0	73	0	0	0	8	0	0	0	0	0	0	0	0	137	0	0	0	0	0	0	0	0	0	0	0	55	0	0	0	0	0	11
assemblage-594-641	2	0	0	0	0	0	0	0	0	0	0	18	0	0	0	0	0	0	0	127	0	0	0	0	0	0	0	0	0	0	0	0	0	0	0	0	0	0	0	0	27	0	0	0	0	25	0	0	0	0	0	0	0	287	14
assemblage-323-272	0	0	0	0	0	0	0	0	0	0	0	10	0	0	0	0	0	0	0	114	0	0	0	0	0	0	0	0	0	0	0	0	0	0	0	0	0	0	0	0	15	0	0	0	0	22	0	0	0	0	0	0	0	323	16
assemblage-723-402	0	0	0	0	0	0	0	0	0	0	0	135	0	0	0	0	0	0	0	141	0	0	0	15	0	0	0	0	0	0	0	0	0	0	0	0	0	0	0	0	9	0	0	0	0	0	0	0	0	0	0	0	0	182	18
assemblage-360-724	0	7	0	0	0	0	0	0	0	0	0	216	0	4	0	0	5	0	0	33	0	0	0	139	0	0	0	0	0	0	10	6	0	0	0	0	10	0	0	0	0	0	0	0	0	0	0	0	66	0	0	0	0	0	4
assemblage-588-680	0	0	0	0	0	0	0	0	7	0	0	0	0	0	0	0	0	0	0	75	0	0	0	63	0	6	0	0	0	90	0	0	0	0	0	0	0	13	0	0	116	25	0	0	0	0	0	0	0	0	0	0	0	101	4
assemblage-355-732	0	13	0	0	0	0	0	0	0	0	0	214	0	0	0	0	8	0	0	18	0	0	0	152	0	0	0	0	0	0	8	14	0	0	0	0	7	0	0	0	0	0	0	0	0	0	0	0	56	0	0	0	0	0	10
assemblage-921-388	0	0	0	0	0	0	0	0	0	0	0	259	0	0	0	0	0	0	0	0	0	3	0	60	0	0	0	0	0	0	0	111	0	0	0	0	0	0	42	0	0	0	0	0	13	0	0	0	0	0	0	0	0	0	12
assemblage-750-662	0	8	0	0	0	0	0	0	0	0	0	208	0	5	0	0	0	0	0	31	0	0	0	144	0	0	0	0	0	0	9	22	0	0	0	0	0	0	0	0	0	0	0	0	0	0	0	0	58	0	0	0	0	0	15
assemblage-905-383	0	0	0	0	0	0	0	0	0	0	0	171	0	0	26	0	0	0	0	0	0	99	0	0	0	0	0	0	0	0	0	145	0	0	0	0	15	0	0	0	0	0	0	0	14	0	0	0	20	0	0	0	0	0	10
assemblage-578-658	5	0	0	0	0	0	0	0	0	0	0	15	0	0	0	0	0	0	0	110	0	0	0	0	0	0	0	0	0	0	0	0	0	0	0	0	0	0	0	0	12	0	0	0	0	34	0	0	0	0	0	0	0	315	9
assemblage-849-747	0	0	0	0	0	0	0	0	0	0	0	0	0	0	0	0	0	0	0	36	0	0	0	10	0	0	0	0	13	369	0	0	0	0	0	0	0	0	0	0	23	0	0	0	0	0	0	0	0	0	0	0	0	42	7
assemblage-876-854	0	0	0	0	0	0	0	0	0	0	0	0	0	0	0	0	0	0	0	41	0	0	0	11	0	0	0	0	18	359	0	0	0	0	0	0	0	0	0	0	24	0	0	0	0	0	0	0	0	0	0	0	0	33	14
assemblage-962-105	0	0	0	0	0	0	0	0	0	0	0	0	17	0	0	0	0	0	0	233	0	0	0	149	0	0	0	0	0	0	0	0	0	0	0	0	0	0	0	0	0	0	0	0	0	0	18	0	0	0	0	0	0	74	9
assemblage-175-476	0	0	0	0	0	0	0	0	0	0	0	0	0	0	0	12	0	0	0	0	0	0	0	0	0	0	0	0	0	0	0	0	0	0	0	0	270	0	0	0	0	0	0	0	0	0	0	0	209	0	0	0	0	0	9
assemblage-403-854	0	0	0	0	0	0	0	0	0	0	0	171	0	0	26	0	0	0	0	0	0	71	0	0	0	0	0	0	0	0	0	183	0	0	0	0	16	0	0	0	0	0	0	0	7	0	0	0	15	0	0	0	0	0	11
assemblage-604-670	0	0	0	0	0	0	0	0	0	0	0	6	0	0	0	0	0	0	0	377	0	0	0	0	0	0	0	0	0	0	0	55	0	0	0	0	6	0	0	0	0	0	0	0	0	33	0	0	0	0	0	0	0	7	16
assemblage-413-851	0	0	0	0	0	0	0	0	0	0	0	161	0	0	29	0	0	0	0	0	0	76	0	0	0	0	0	0	0	0	0	195	0	0	0	0	8	0	0	0	0	0	0	0	5	0	0	0	12	0	0	0	0	0	14
assemblage-257-154	0	0	0	0	8	0	0	0	0	0	0	305	0	0	0	0	0	0	0	144	0	18	0	0	0	0	0	0	0	0	0	0	0	0	0	0	0	0	10	0	0	0	0	0	0	0	0	0	0	0	0	0	0	0	15
assemblage-952-121	0	0	0	0	0	0	0	0	0	0	0	0	47	0	0	0	0	0	0	270	0	0	0	0	9	0	0	0	0	6	0	0	0	0	0	0	0	0	0	0	21	0	0	0	0	0	0	0	0	0	0	0	0	135	12
assemblage-425-147	0	0	0	0	0	0	0	0	0	0	0	13	0	0	0	0	0	0	0	383	0	0	0	0	0	0	0	0	0	0	0	54	0	0	0	0	0	0	0	0	0	0	0	0	0	30	0	0	0	0	0	0	0	5	15
assemblage-315-245	0	0	4	0	0	0	0	0	0	0	0	0	0	0	0	0	0	0	0	215	0	0	0	130	0	0	0	0	0	0	0	0	0	0	0	0	0	0	0	0	0	0	0	0	0	0	0	0	0	0	0	0	0	131	20
assemblage-902-398	0	0	0	0	0	0	0	0	0	0	0	23	0	0	0	0	0	0	0	221	0	8	3	0	0	0	0	56	0	0	0	12	0	0	0	0	134	0	0	0	0	0	0	0	0	0	0	0	22	0	0	0	0	0	21
assemblage-380-667	0	0	0	0	0	0	0	0	0	0	0	0	0	0	0	0	0	0	0	207	0	0	0	98	0	0	0	10	0	0	0	0	0	0	0	0	129	0	0	0	0	0	0	0	0	0	0	0	45	0	0	0	0	0	11
assemblage-422-364	0	0	0	0	0	0	0	0	0	0	0	162	0	0	34	0	0	0	0	0	0	78	0	0	0	0	0	0	0	0	0	178	0	0	0	0	15	0	0	0	0	0	0	0	5	0	0	0	15	0	0	0	0	0	13
assemblage-397-360	0	0	0	0	0	0	0	0	0	0	0	180	0	0	23	0	0	0	0	0	0	74	0	0	0	0	0	0	0	0	0	184	0	0	0	0	9	0	0	0	0	0	0	0	10	0	0	0	12	0	0	0	0	0	8
assemblage-953-229	0	0	0	0	0	0	0	0	0	0	0	58	0	0	0	0	14	0	0	33	0	0	0	289	0	28	0	0	0	0	0	0	0	0	0	0	56	0	0	0	0	0	0	0	0	11	0	0	0	0	0	0	0	0	11
assemblage-764-677	0	0	0	0	0	6	0	0	0	0	0	44	0	0	0	0	0	0	0	228	0	0	0	17	0	0	0	0	0	0	0	189	0	0	0	0	0	0	0	0	0	0	0	0	0	0	0	0	0	0	0	0	0	0	16
assemblage-581-660	0	0	0	0	0	0	0	0	0	0	0	72	0	0	0	0	16	0	0	34	0	0	0	274	0	29	0	0	0	4	0	0	0	0	0	0	47	0	0	0	0	0	0	0	0	14	0	0	0	0	0	0	0	0	10
assemblage-189-470	0	0	0	0	0	0	0	0	0	0	0	0	0	0	1	7	0	0	0	0	0	0	0	0	0	0	0	0	0	0	0	0	0	0	0	0	284	0	0	0	0	0	0	0	0	0	0	0	190	0	0	0	0	0	18
assemblage-360-732	0	8	0	0	0	0	0	0	0	0	0	240	0	2	0	0	3	0	0	32	0	0	0	119	0	0	0	0	0	0	6	18	0	0	0	0	0	0	0	0	0	0	0	0	0	0	0	0	65	0	0	0	0	0	7
assemblage-803-145	0	0	0	0	0	0	0	0	0	0	0	153	0	0	26	0	0	0	0	0	0	98	0	0	0	0	0	0	0	0	0	170	0	0	0	0	13	0	0	0	0	0	0	0	8	0	0	0	18	0	0	0	0	0	14
assemblage-621-578	0	0	0	0	0	0	0	0	0	0	0	0	0	0	0	0	0	0	0	0	0	0	0	0	0	0	0	0	0	0	0	447	0	5	32	0	0	0	0	0	0	0	0	0	0	0	0	0	0	0	0	0	0	0	16
assemblage-421-153	0	0	0	0	0	0	0	0	0	0	0	54	0	0	0	0	15	0	0	32	0	0	0	287	0	39	0	0	0	0	0	0	0	0	0	0	56	0	0	0	0	0	0	0	0	6	0	0	0	0	0	0	0	0	11
assemblage-728-395	0	0	0	0	0	0	0	0	0	0	0	6	0	0	0	0	0	0	0	375	0	0	0	0	0	0	0	0	0	0	0	61	0	0	0	0	2	0	0	0	0	0	0	0	0	33	0	0	0	0	0	0	0	2	21
assemblage-555-334	0	0	0	0	0	0	0	0	0	0	0	0	12	0	0	0	0	0	0	338	10	0	0	78	0	0	0	0	0	0	0	0	0	0	0	0	0	0	0	7	0	0	5	0	0	12	0	0	0	0	0	10	8	0	20
assemblage-795-159	0	0	0	0	0	0	0	0	0	0	0	24	0	0	0	0	0	0	0	214	0	12	12	0	0	0	0	62	0	0	0	14	0	0	0	0	129	0	6	0	0	0	0	0	0	0	0	0	12	0	0	0	0	0	15
assemblage-421-156	0	0	0	0	0	0	0	0	0	0	0	62	0	0	0	0	15	0	0	33	0	0	0	273	0	34	0	0	0	0	0	0	0	0	0	0	54	0	0	0	0	0	0	0	0	10	0	0	0	0	0	0	0	0	19
assemblage-796-161	0	0	0	17	0	0	0	0	0	0	0	15	0	0	0	0	0	0	0	31	0	0	0	0	0	0	0	0	0	0	4	4	0	0	0	0	9	0	9	0	0	0	0	0	0	0	0	0	368	22	0	0	0	0	21
assemblage-969-257	0	0	0	0	0	0	0	0	0	0	0	125	0	0	0	0	0	0	0	125	0	0	0	18	0	0	0	0	0	0	0	0	0	0	0	0	0	0	0	0	5	0	0	0	0	0	0	0	0	0	0	0	0	211	16
assemblage-843-759	0	0	0	0	0	0	0	0	0	0	0	0	20	0	0	0	0	0	0	213	0	0	0	167	0	0	0	0	0	0	0	0	0	0	0	0	0	0	0	0	0	0	0	0	0	0	19	0	0	0	0	0	0	72	9
assemblage-940-121	0	0	0	0	0	0	0	0	0	0	0	0	11	0	0	0	0	0	0	208	0	0	0	159	0	0	0	0	0	0	0	0	0	0	0	0	0	0	0	0	0	0	0	0	0	0	19	0	0	0	0	0	0	93	10
assemblage-387-349	0	0	0	0	0	0	0	0	0	0	0	20	0	0	0	0	0	0	0	196	0	7	9	0	0	0	0	56	0	0	0	8	0	0	0	0	151	0	0	0	0	0	0	0	0	0	0	0	29	0	0	0	0	0	24
assemblage-951-120	0	0	88	0	0	0	0	0	0	0	0	0	5	0	0	0	0	0	0	183	0	0	0	10	0	0	70	0	0	0	0	0	0	0	0	0	0	0	0	0	0	0	0	0	0	0	0	0	0	0	0	0	0	130	14
assemblage-805-170	0	0	0	0	0	0	0	0	0	0	0	235	0	0	0	0	0	0	0	0	0	3	0	64	0	0	0	0	0	0	0	119	0	0	0	0	0	0	58	0	0	0	0	0	5	0	0	0	0	0	0	0	0	0	16
assemblage-959-116	0	0	0	0	0	0	0	0	0	0	0	0	10	0	0	0	0	0	0	219	0	0	0	148	0	0	0	0	0	0	0	0	0	0	0	0	0	0	0	0	0	0	0	0	0	0	32	0	0	0	0	0	0	77	14
assemblage-269-165	0	0	0	0	7	0	0	0	0	0	0	304	0	0	0	0	0	0	0	137	0	17	0	0	0	0	0	0	0	0	0	0	0	0	0	0	0	0	22	0	0	0	0	0	0	0	0	0	0	0	0	0	0	0	13
assemblage-507-543	0	0	0	0	0	0	0	0	0	0	0	0	0	0	0	0	0	0	0	184	0	0	0	86	0	0	0	12	0	0	0	0	0	0	0	0	123	0	0	0	0	0	0	0	0	0	0	0	83	0	0	0	0	0	12
assemblage-763-668	0	0	0	0	0	0	0	0	0	8	0	10	0	0	0	0	0	0	0	283	0	0	0	0	0	0	0	0	0	0	0	61	0	0	0	0	0	0	0	0	0	0	0	25	0	0	0	1	13	0	0	0	0	78	21
assemblage-953-254	0	0	0	0	0	0	0	0	0	0	0	59	0	0	0	0	0	0	0	227	0	0	0	76	0	11	0	0	0	0	0	31	0	0	0	0	13	0	0	0	0	0	0	0	0	9	0	0	0	0	0	0	0	58	16
assemblage-592-669	0	0	0	0	0	0	0	0	9	0	0	0	0	0	0	0	0	0	0	73	0	0	0	54	0	0	0	0	0	117	0	0	0	0	0	0	0	11	0	0	114	15	0	0	0	0	0	0	0	0	0	0	0	90	17
assemblage-258-142	0	0	0	0	5	0	0	0	0	0	0	294	0	0	0	0	0	0	0	151	0	16	0	0	0	0	0	0	0	0	0	0	0	0	0	0	0	0	19	0	0	0	0	0	0	0	0	0	0	0	0	0	0	0	15
assemblage-875-858	0	0	0	0	0	0	0	0	0	0	0	0	0	0	0	0	0	0	0	38	0	0	0	8	0	0	0	0	11	369	0	0	0	0	0	0	0	0	0	0	19	0	0	0	0	0	0	0	0	0	0	0	0	44	11
assemblage-529-447	0	0	0	0	0	0	0	0	0	0	0	0	0	0	33	0	0	10	0	0	0	0	0	0	0	0	0	0	0	0	0	0	0	0	0	0	0	0	438	0	0	0	0	0	0	0	0	0	0	0	0	0	0	0	19
assemblage-958-238	0	0	0	0	0	0	0	0	0	0	0	14	0	0	0	0	0	0	0	408	0	0	0	0	0	0	0	0	0	0	0	35	12	0	0	0	0	0	0	0	0	0	0	0	0	0	0	0	0	0	0	0	0	22	9
assemblage-347-736	0	0	0	0	0	0	0	0	0	12	3	13	0	0	0	0	0	0	0	270	0	0	0	0	0	0	0	0	0	0	0	58	0	0	0	0	0	0	0	0	0	0	0	21	0	0	0	0	12	0	0	0	0	91	20
assemblage-710-386	0	0	0	0	0	0	0	0	0	0	0	132	0	0	0	0	0	0	0	134	0	0	0	14	0	0	0	0	0	0	0	0	0	0	0	0	5	0	0	0	0	0	0	0	0	0	0	0	0	0	0	0	0	203	12
assemblage-956-109	0	0	102	0	0	0	0	0	0	0	0	0	9	0	0	0	0	0	0	184	0	0	0	6	0	0	71	0	0	6	0	0	0	0	0	0	0	0	0	0	0	0	0	0	0	0	0	0	0	0	0	0	0	107	15
assemblage-773-185	0	0	0	0	0	0	0	0	0	0	0	226	0	0	0	0	0	0	0	0	0	4	0	80	0	0	0	0	0	0	0	118	0	0	0	0	0	0	42	0	0	0	0	0	19	0	0	0	0	0	0	0	0	0	11
assemblage-961-120	0	0	0	0	0	0	0	0	0	0	0	0	45	0	0	0	0	0	0	258	0	0	0	0	5	0	0	0	0	17	0	0	0	0	0	0	0	0	0	0	28	0	0	0	0	0	0	0	0	0	0	0	0	131	16
assemblage-554-333	0	0	0	0	0	0	0	0	0	0	0	0	0	0	0	0	0	0	0	242	0	0	0	117	0	0	0	0	0	0	0	0	0	0	0	0	0	0	0	0	0	0	0	0	0	0	0	0	0	0	0	0	0	123	18
assemblage-919-393	0	0	0	24	0	0	0	0	0	0	0	17	0	0	0	0	0	0	0	33	0	0	0	0	0	0	0	0	0	0	5	9	0	0	0	0	9	0	14	0	0	0	0	0	0	0	0	0	347	17	7	0	0	0	18
assemblage-186-742	0	0	0	0	0	0	0	0	0	0	0	0	0	0	0	0	0	0	0	50	0	0	0	7	0	0	0	0	10	350	0	0	0	0	0	0	0	0	0	0	17	0	0	0	0	0	0	0	0	0	0	0	0	51	15
assemblage-756-692	0	0	0	0	0	11	0	0	0	0	0	61	0	0	0	0	0	0	0	207	0	0	0	23	0	0	0	0	0	0	0	192	0	0	0	0	0	0	0	0	0	0	0	0	0	0	0	0	0	0	0	0	0	0	6
assemblage-722-404	0	0	0	0	0	0	0	0	0	0	0	9	0	0	0	0	0	0	0	417	0	0	0	0	0	0	0	0	0	0	0	39	10	0	0	0	0	0	0	0	0	0	0	0	0	0	0	0	0	0	0	0	0	15	10
assemblage-363-659	0	4	0	0	0	0	0	0	0	0	0	228	0	7	0	0	7	0	0	20	0	0	0	130	0	0	0	0	0	0	12	23	0	0	0	0	0	0	0	0	0	0	0	0	0	0	0	0	60	0	0	0	0	0	9
assemblage-888-401	0	0	0	0	0	0	0	0	0	0	0	20	0	0	0	0	0	0	0	216	0	9	7	0	0	0	0	56	0	0	0	20	0	0	0	0	141	0	0	0	0	0	0	0	0	0	0	0	15	0	0	0	0	0	16
assemblage-400-348	0	0	0	13	0	0	0	0	0	0	0	21	0	0	0	0	0	0	0	32	0	0	0	0	0	0	0	0	0	0	9	0	0	0	0	0	5	0	9	0	0	0	0	0	0	0	0	0	381	9	4	0	0	0	17
assemblage-582-671	0	0	0	0	0	0	0	0	0	0	0	6	0	0	0	0	0	0	0	388	0	0	0	0	0	0	0	0	0	0	0	62	0	0	0	0	0	0	0	0	0	0	0	0	0	18	0	0	0	0	0	0	0	11	15
assemblage-967-235	0	0	0	0	0	0	0	0	0	0	0	130	0	0	0	0	0	0	0	123	0	0	0	9	0	0	0	0	0	0	0	0	0	0	0	0	9	0	0	0	8	0	0	0	0	0	0	0	0	0	0	0	0	213	8
assemblage-427-154	0	0	0	0	0	0	0	0	0	0	0	57	0	0	0	0	15	0	0	33	0	0	0	286	0	31	0	0	0	3	0	0	0	0	0	0	57	0	0	0	0	0	0	0	0	8	0	0	0	0	0	0	0	0	10
assemblage-961-223	0	0	0	0	0	0	0	0	0	0	0	106	0	0	0	0	0	0	0	146	0	0	0	12	0	0	0	0	0	0	0	0	0	0	0	0	0	0	0	0	5	0	0	0	0	0	0	0	0	0	0	0	0	221	10
assemblage-175-456	0	0	0	0	0	0	0	0	0	0	0	0	0	0	0	16	0	0	0	0	0	0	0	0	0	0	0	0	0	0	0	0	0	0	0	0	248	0	0	0	0	0	0	0	0	0	0	0	222	0	0	0	0	0	14
assemblage-187-737	0	0	0	0	0	0	0	0	0	0	0	0	42	0	0	0	0	0	0	248	0	0	0	0	0	0	0	0	0	11	0	0	0	0	0	0	0	0	0	0	36	0	0	0	0	0	0	0	0	0	0	0	0	149	14
assemblage-569-342	0	0	0	0	0	0	0	0	0	0	0	0	16	0	0	0	0	0	0	346	0	0	0	73	0	0	0	0	0	0	0	0	0	0	0	0	0	0	0	6	0	0	5	0	0	10	0	0	0	0	0	6	19	0	19
assemblage-521-457	0	0	0	0	0	0	0	0	0	0	0	0	0	0	21	0	0	5	0	0	0	0	0	0	0	0	0	0	0	0	0	0	0	0	0	0	0	0	457	0	0	0	0	0	0	0	0	0	0	0	0	0	0	0	17
assemblage-416-161	0	0	0	0	0	0	0	0	0	0	0	123	0	0	0	0	0	0	0	153	0	0	0	11	0	0	0	0	0	0	0	0	0	0	0	0	0	0	0	0	11	0	0	0	0	0	0	0	0	0	0	0	0	188	14
assemblage-566-359	0	0	0	0	0	0	0	0	0	0	0	10	0	0	0	0	0	0	0	105	0	0	0	0	0	0	0	0	0	0	0	0	0	0	0	0	0	0	0	0	19	0	0	0	0	35	0	0	0	0	0	0	0	314	17
assemblage-541-463	0	0	0	0	0	0	0	0	0	0	0	0	0	0	27	0	0	11	0	0	0	0	0	0	0	0	0	0	0	0	0	0	0	0	0	0	0	0	452	0	0	0	0	0	0	0	0	0	0	0	0	0	0	0	10
assemblage-848-228	0	0	0	0	0	0	0	0	0	0	0	0	0	0	0	0	0	0	0	198	0	0	0	59	0	0	0	0	0	20	0	0	0	0	0	0	0	0	0	0	27	0	0	0	0	9	0	0	0	0	0	0	0	138	49
assemblage-910-373	0	0	0	0	0	0	0	0	0	0	0	37	0	0	0	0	0	0	0	206	0	11	15	0	0	0	0	38	0	0	0	15	0	0	0	7	148	0	0	0	0	0	0	0	0	0	0	0	11	0	0	0	0	0	12
assemblage-980-247	0	0	0	0	0	0	0	0	0	0	0	51	0	0	0	0	14	0	0	21	0	0	0	310	0	31	0	0	0	6	0	0	0	0	0	0	51	0	0	0	0	0	0	0	0	3	0	0	0	0	0	0	0	0	13
assemblage-186-739	0	0	0	0	0	0	0	0	0	0	0	0	0	0	0	0	0	0	0	33	0	0	0	7	0	0	0	0	8	385	0	0	0	0	0	0	0	0	0	0	22	0	0	0	0	0	0	0	0	0	0	0	0	35	10
assemblage-415-839	0	0	0	24	0	0	0	0	0	0	0	19	0	0	0	0	0	0	0	32	0	0	0	0	0	0	0	0	0	0	0	12	0	0	0	0	4	0	11	0	0	0	0	0	0	0	0	0	360	13	0	0	0	0	25
assemblage-581-658	0	0	0	0	0	0	0	5	0	0	0	0	18	0	0	0	0	0	0	328	0	0	0	85	0	0	0	0	0	0	0	0	0	0	0	0	0	0	0	13	0	0	7	0	0	7	0	0	0	0	0	8	14	0	15
assemblage-260-147	0	0	0	0	5	0	0	0	0	0	0	310	0	0	0	0	0	0	0	142	0	10	0	0	0	0	0	0	0	0	0	0	0	0	0	0	0	0	22	0	0	0	0	0	0	0	0	0	0	0	0	0	0	0	11
assemblage-314-250	0	0	0	0	0	0	0	0	4	0	0	0	0	0	0	0	0	0	0	53	0	0	0	57	0	3	0	0	0	111	0	0	0	0	0	0	0	11	0	0	126	22	0	0	0	0	0	0	0	0	0	0	0	106	7
assemblage-591-669	0	0	0	0	0	0	0	0	0	0	0	0	0	0	0	0	0	0	0	214	0	0	0	127	0	5	0	0	0	0	0	0	0	0	0	0	0	0	0	0	0	0	0	0	0	0	0	0	0	0	0	0	0	137	17
assemblage-183-468	0	0	0	0	0	0	0	0	0	0	0	83	0	0	5	0	0	0	0	36	0	0	0	0	0	0	0	0	0	0	0	124	0	0	5	0	63	0	119	0	0	0	0	0	0	0	0	0	45	0	0	0	0	0	20
assemblage-167-753	0	0	29	0	0	0	0	0	0	0	0	0	17	0	0	0	0	0	0	180	0	0	0	39	0	0	17	0	0	88	0	0	0	0	0	0	0	0	0	0	14	0	0	0	0	0	10	0	0	0	0	0	0	95	11
assemblage-538-444	0	0	0	0	0	0	0	0	0	0	0	0	0	0	34	0	0	7	0	0	0	0	0	0	0	0	0	0	0	0	0	0	0	0	0	0	0	0	447	0	0	0	0	0	0	0	0	0	0	0	0	0	0	0	12
assemblage-383-669	0	0	0	0	0	9	0	0	0	0	0	55	0	0	0	0	0	0	0	211	0	0	0	23	0	0	0	0	0	0	0	197	0	0	0	0	0	0	0	0	0	0	0	0	0	0	0	0	0	0	0	0	0	0	5
assemblage-413-361	0	0	0	0	0	0	0	0	0	0	0	175	0	0	27	0	0	0	0	0	0	85	0	0	0	0	0	0	0	0	0	155	0	0	0	0	12	0	0	0	0	0	0	0	8	0	0	0	25	0	0	0	0	0	13
assemblage-182-467	0	0	0	0	0	0	0	0	0	0	0	0	0	0	3	14	0	0	0	0	0	0	0	0	0	0	0	0	0	0	0	0	0	0	0	0	277	0	0	0	0	0	0	0	0	0	0	0	195	0	0	0	0	0	11
assemblage-397-866	0	0	0	0	0	0	0	0	0	0	0	240	0	0	0	0	0	0	0	0	0	10	0	72	0	0	0	0	0	0	0	108	0	0	0	0	0	0	50	0	0	0	0	0	8	0	0	0	0	0	0	0	0	0	12
assemblage-838-232	0	0	0	0	0	0	0	0	0	0	0	0	0	0	0	0	0	0	0	248	0	0	0	118	0	0	0	0	0	0	0	0	0	0	0	0	0	0	0	0	0	0	0	0	0	0	0	0	0	0	0	0	0	120	14
assemblage-891-845	0	0	0	0	0	0	0	0	0	0	0	0	0	0	0	0	0	0	0	35	0	0	0	6	0	0	0	0	9	382	0	0	0	0	0	0	0	0	0	0	20	0	0	0	0	0	0	0	0	0	0	0	0	35	13
assemblage-423-156	0	0	0	0	0	0	0	0	0	0	0	136	0	0	0	0	0	0	0	129	0	0	0	13	0	0	0	0	0	0	0	0	0	0	0	0	0	0	0	0	12	0	0	0	0	0	0	0	0	0	0	0	0	190	20
assemblage-318-239	0	0	0	0	0	0	0	0	0	0	0	0	21	0	0	0	0	0	0	325	0	0	0	74	0	0	0	0	0	0	0	0	0	0	0	0	0	0	0	8	0	0	0	0	0	11	0	0	0	0	0	15	22	0	24
assemblage-787-156	0	0	0	10	0	0	0	0	0	0	0	20	0	0	0	0	0	0	0	33	0	0	0	0	0	0	0	0	0	0	5	0	0	0	0	0	5	0	11	0	0	0	0	0	0	0	0	0	360	21	4	0	0	0	31
assemblage-642-603	0	0	0	0	0	0	0	0	0	0	0	0	0	0	0	0	0	0	0	0	0	0	0	0	0	0	0	0	0	0	0	457	0	5	25	0	0	0	0	0	0	0	0	0	0	0	0	0	0	0	0	0	0	0	13
assemblage-643-603	0	0	0	0	0	0	2	0	0	0	0	0	0	0	0	0	0	0	0	0	0	0	0	0	0	0	0	0	0	0	0	452	0	0	35	0	0	0	0	0	0	0	0	0	0	0	0	0	0	0	0	0	0	0	11
assemblage-506-532	0	0	0	0	0	8	0	0	0	0	0	57	0	0	0	0	0	0	0	186	0	0	0	24	0	0	0	0	0	0	0	215	0	0	0	0	0	0	0	0	0	0	0	0	0	0	0	0	0	0	0	0	0	0	10
