Seriation_Number	Assemblage	7337-1-1	5437979-0-0	863218-6774618-7774684	3-2049714-0	5437979-0-4934925	1513369-2-0	5437979-0-7899154	3-2-6412691	3-5937436-0	0-1-4	3-2-4072471	8032173-6774618-3965231	863218-6774618-2648646	2137808-2-0	9261477-2-0	5437979-0-6243214	2137808-8975926-0	3-2-23637	3-1127647-0	3-2-7385202	3-2-6427732	5437979-2655857-0	707716-2-23637	863218-6774618-7294087	863218-5578212-0	3-0-0	5437979-0-966640	3-2-3283380	3-644191-0	8032173-6774618-0	3-2-3981338	3-9753436-23637	863218-9032929-0	6193744-6774618-0	863218-6774618-0	863218-1944996-0	3-2-1752149	3-6774618-0	5657780-6774618-0	3-2-0	863218-6774618-6138381	1973093-0-6243214	6193744-6774618-6360729	863218-8281552-0	0-4730046-4	9152926-2-0
1	assemblage-692-143	0	0	0	0	0	0	0	0	0	0	0	0	0	0	0	208	0	0	0	0	22	0	0	62	0	0	0	0	0	0	0	0	0	0	193	0	0	0	0	0	0	6	0	0	0	9
1	assemblage-381-173	0	0	0	0	0	0	0	0	0	0	0	0	0	0	0	141	0	0	0	0	0	0	0	0	53	0	0	0	0	11	0	0	0	0	267	0	0	0	0	0	0	0	0	0	0	28
1	assemblage-384-269	34	6	0	0	0	0	0	0	0	29	0	0	0	8	0	0	0	0	0	0	0	0	0	0	0	0	0	0	0	0	0	0	0	0	0	0	0	0	0	403	0	0	0	0	0	20

2	assemblage-587-643	0	0	0	0	0	0	0	0	0	0	0	0	0	0	0	34	0	314	0	0	33	0	9	0	0	0	0	0	0	0	0	22	0	0	33	0	0	48	0	0	0	0	0	0	0	7
2	assemblage-381-173	0	0	0	0	0	0	0	0	0	0	0	0	0	0	0	141	0	0	0	0	0	0	0	0	53	0	0	0	0	11	0	0	0	0	267	0	0	0	0	0	0	0	0	0	0	28
2	assemblage-384-269	34	6	0	0	0	0	0	0	0	29	0	0	0	8	0	0	0	0	0	0	0	0	0	0	0	0	0	0	0	0	0	0	0	0	0	0	0	0	0	403	0	0	0	0	0	20

3	assemblage-472-672	0	33	0	0	0	0	0	0	0	0	0	0	0	0	0	0	0	93	0	0	0	0	0	0	0	0	0	0	0	0	0	0	0	0	0	0	0	370	0	0	0	0	0	0	0	4
3	assemblage-386-263	30	3	0	0	0	0	0	0	0	19	0	0	0	7	0	0	0	0	0	0	0	0	0	0	0	0	0	0	0	0	0	0	0	0	0	0	0	0	0	423	0	0	0	0	0	18
3	assemblage-692-143	0	0	0	0	0	0	0	0	0	0	0	0	0	0	0	208	0	0	0	0	22	0	0	62	0	0	0	0	0	0	0	0	0	0	193	0	0	0	0	0	0	6	0	0	0	9

4	assemblage-453-654	0	35	0	0	0	0	0	0	0	0	0	0	0	0	0	0	0	108	0	0	0	0	0	0	0	0	0	0	0	0	0	0	0	0	0	0	0	341	0	0	0	0	0	0	0	16
4	assemblage-386-263	30	3	0	0	0	0	0	0	0	19	0	0	0	7	0	0	0	0	0	0	0	0	0	0	0	0	0	0	0	0	0	0	0	0	0	0	0	0	0	423	0	0	0	0	0	18
4	assemblage-692-143	0	0	0	0	0	0	0	0	0	0	0	0	0	0	0	208	0	0	0	0	22	0	0	62	0	0	0	0	0	0	0	0	0	0	193	0	0	0	0	0	0	6	0	0	0	9

5	assemblage-127-489	0	70	0	0	0	0	0	0	0	17	5	0	0	0	0	0	22	0	0	0	0	8	0	0	0	0	0	0	0	0	0	0	0	0	0	0	3	0	0	372	0	0	0	0	0	3
5	assemblage-386-263	30	3	0	0	0	0	0	0	0	19	0	0	0	7	0	0	0	0	0	0	0	0	0	0	0	0	0	0	0	0	0	0	0	0	0	0	0	0	0	423	0	0	0	0	0	18
5	assemblage-692-143	0	0	0	0	0	0	0	0	0	0	0	0	0	0	0	208	0	0	0	0	22	0	0	62	0	0	0	0	0	0	0	0	0	0	193	0	0	0	0	0	0	6	0	0	0	9

6	assemblage-127-489	0	70	0	0	0	0	0	0	0	17	5	0	0	0	0	0	22	0	0	0	0	8	0	0	0	0	0	0	0	0	0	0	0	0	0	0	3	0	0	372	0	0	0	0	0	3
6	assemblage-386-263	30	3	0	0	0	0	0	0	0	19	0	0	0	7	0	0	0	0	0	0	0	0	0	0	0	0	0	0	0	0	0	0	0	0	0	0	0	0	0	423	0	0	0	0	0	18
6	assemblage-587-643	0	0	0	0	0	0	0	0	0	0	0	0	0	0	0	34	0	314	0	0	33	0	9	0	0	0	0	0	0	0	0	22	0	0	33	0	0	48	0	0	0	0	0	0	0	7

7	assemblage-127-489	0	70	0	0	0	0	0	0	0	17	5	0	0	0	0	0	22	0	0	0	0	8	0	0	0	0	0	0	0	0	0	0	0	0	0	0	3	0	0	372	0	0	0	0	0	3
7	assemblage-453-654	0	35	0	0	0	0	0	0	0	0	0	0	0	0	0	0	0	108	0	0	0	0	0	0	0	0	0	0	0	0	0	0	0	0	0	0	0	341	0	0	0	0	0	0	0	16
7	assemblage-692-143	0	0	0	0	0	0	0	0	0	0	0	0	0	0	0	208	0	0	0	0	22	0	0	62	0	0	0	0	0	0	0	0	0	0	193	0	0	0	0	0	0	6	0	0	0	9

8	assemblage-127-489	0	70	0	0	0	0	0	0	0	17	5	0	0	0	0	0	22	0	0	0	0	8	0	0	0	0	0	0	0	0	0	0	0	0	0	0	3	0	0	372	0	0	0	0	0	3
8	assemblage-453-654	0	35	0	0	0	0	0	0	0	0	0	0	0	0	0	0	0	108	0	0	0	0	0	0	0	0	0	0	0	0	0	0	0	0	0	0	0	341	0	0	0	0	0	0	0	16
8	assemblage-587-643	0	0	0	0	0	0	0	0	0	0	0	0	0	0	0	34	0	314	0	0	33	0	9	0	0	0	0	0	0	0	0	22	0	0	33	0	0	48	0	0	0	0	0	0	0	7

9	assemblage-127-489	0	70	0	0	0	0	0	0	0	17	5	0	0	0	0	0	22	0	0	0	0	8	0	0	0	0	0	0	0	0	0	0	0	0	0	0	3	0	0	372	0	0	0	0	0	3
9	assemblage-453-654	0	35	0	0	0	0	0	0	0	0	0	0	0	0	0	0	0	108	0	0	0	0	0	0	0	0	0	0	0	0	0	0	0	0	0	0	0	341	0	0	0	0	0	0	0	16
9	assemblage-472-672	0	33	0	0	0	0	0	0	0	0	0	0	0	0	0	0	0	93	0	0	0	0	0	0	0	0	0	0	0	0	0	0	0	0	0	0	0	370	0	0	0	0	0	0	0	4

10	assemblage-764-521	0	32	0	0	0	0	0	0	0	0	0	0	0	0	0	0	197	0	0	0	0	0	0	0	0	0	0	0	0	0	0	0	0	0	0	0	0	0	0	186	0	0	0	0	76	9
10	assemblage-692-143	0	0	0	0	0	0	0	0	0	0	0	0	0	0	0	208	0	0	0	0	22	0	0	62	0	0	0	0	0	0	0	0	0	0	193	0	0	0	0	0	0	6	0	0	0	9
10	assemblage-381-173	0	0	0	0	0	0	0	0	0	0	0	0	0	0	0	141	0	0	0	0	0	0	0	0	53	0	0	0	0	11	0	0	0	0	267	0	0	0	0	0	0	0	0	0	0	28

11	assemblage-764-521	0	32	0	0	0	0	0	0	0	0	0	0	0	0	0	0	197	0	0	0	0	0	0	0	0	0	0	0	0	0	0	0	0	0	0	0	0	0	0	186	0	0	0	0	76	9
11	assemblage-386-263	30	3	0	0	0	0	0	0	0	19	0	0	0	7	0	0	0	0	0	0	0	0	0	0	0	0	0	0	0	0	0	0	0	0	0	0	0	0	0	423	0	0	0	0	0	18
11	assemblage-692-143	0	0	0	0	0	0	0	0	0	0	0	0	0	0	0	208	0	0	0	0	22	0	0	62	0	0	0	0	0	0	0	0	0	0	193	0	0	0	0	0	0	6	0	0	0	9

12	assemblage-764-521	0	32	0	0	0	0	0	0	0	0	0	0	0	0	0	0	197	0	0	0	0	0	0	0	0	0	0	0	0	0	0	0	0	0	0	0	0	0	0	186	0	0	0	0	76	9
12	assemblage-386-263	30	3	0	0	0	0	0	0	0	19	0	0	0	7	0	0	0	0	0	0	0	0	0	0	0	0	0	0	0	0	0	0	0	0	0	0	0	0	0	423	0	0	0	0	0	18
12	assemblage-587-643	0	0	0	0	0	0	0	0	0	0	0	0	0	0	0	34	0	314	0	0	33	0	9	0	0	0	0	0	0	0	0	22	0	0	33	0	0	48	0	0	0	0	0	0	0	7

13	assemblage-764-521	0	32	0	0	0	0	0	0	0	0	0	0	0	0	0	0	197	0	0	0	0	0	0	0	0	0	0	0	0	0	0	0	0	0	0	0	0	0	0	186	0	0	0	0	76	9
13	assemblage-453-654	0	35	0	0	0	0	0	0	0	0	0	0	0	0	0	0	0	108	0	0	0	0	0	0	0	0	0	0	0	0	0	0	0	0	0	0	0	341	0	0	0	0	0	0	0	16
13	assemblage-692-143	0	0	0	0	0	0	0	0	0	0	0	0	0	0	0	208	0	0	0	0	22	0	0	62	0	0	0	0	0	0	0	0	0	0	193	0	0	0	0	0	0	6	0	0	0	9

14	assemblage-764-521	0	32	0	0	0	0	0	0	0	0	0	0	0	0	0	0	197	0	0	0	0	0	0	0	0	0	0	0	0	0	0	0	0	0	0	0	0	0	0	186	0	0	0	0	76	9
14	assemblage-453-654	0	35	0	0	0	0	0	0	0	0	0	0	0	0	0	0	0	108	0	0	0	0	0	0	0	0	0	0	0	0	0	0	0	0	0	0	0	341	0	0	0	0	0	0	0	16
14	assemblage-587-643	0	0	0	0	0	0	0	0	0	0	0	0	0	0	0	34	0	314	0	0	33	0	9	0	0	0	0	0	0	0	0	22	0	0	33	0	0	48	0	0	0	0	0	0	0	7

15	assemblage-764-521	0	32	0	0	0	0	0	0	0	0	0	0	0	0	0	0	197	0	0	0	0	0	0	0	0	0	0	0	0	0	0	0	0	0	0	0	0	0	0	186	0	0	0	0	76	9
15	assemblage-453-654	0	35	0	0	0	0	0	0	0	0	0	0	0	0	0	0	0	108	0	0	0	0	0	0	0	0	0	0	0	0	0	0	0	0	0	0	0	341	0	0	0	0	0	0	0	16
15	assemblage-472-672	0	33	0	0	0	0	0	0	0	0	0	0	0	0	0	0	0	93	0	0	0	0	0	0	0	0	0	0	0	0	0	0	0	0	0	0	0	370	0	0	0	0	0	0	0	4

16	assemblage-296-429	0	21	0	0	0	0	0	0	0	0	0	0	0	0	0	332	0	57	0	0	0	0	0	0	0	0	0	0	0	0	0	0	0	0	36	0	0	36	0	0	0	0	0	0	0	18
16	assemblage-453-654	0	35	0	0	0	0	0	0	0	0	0	0	0	0	0	0	0	108	0	0	0	0	0	0	0	0	0	0	0	0	0	0	0	0	0	0	0	341	0	0	0	0	0	0	0	16
16	assemblage-472-672	0	33	0	0	0	0	0	0	0	0	0	0	0	0	0	0	0	93	0	0	0	0	0	0	0	0	0	0	0	0	0	0	0	0	0	0	0	370	0	0	0	0	0	0	0	4

17	assemblage-296-429	0	21	0	0	0	0	0	0	0	0	0	0	0	0	0	332	0	57	0	0	0	0	0	0	0	0	0	0	0	0	0	0	0	0	36	0	0	36	0	0	0	0	0	0	0	18
17	assemblage-764-521	0	32	0	0	0	0	0	0	0	0	0	0	0	0	0	0	197	0	0	0	0	0	0	0	0	0	0	0	0	0	0	0	0	0	0	0	0	0	0	186	0	0	0	0	76	9
17	assemblage-127-489	0	70	0	0	0	0	0	0	0	17	5	0	0	0	0	0	22	0	0	0	0	8	0	0	0	0	0	0	0	0	0	0	0	0	0	0	3	0	0	372	0	0	0	0	0	3

18	assemblage-382-196	0	0	0	0	0	0	0	0	0	0	0	0	0	0	0	208	0	0	0	0	17	0	0	52	0	0	0	0	0	0	0	0	0	0	206	0	0	0	0	0	0	0	0	0	0	17
18	assemblage-381-173	0	0	0	0	0	0	0	0	0	0	0	0	0	0	0	141	0	0	0	0	0	0	0	0	53	0	0	0	0	11	0	0	0	0	267	0	0	0	0	0	0	0	0	0	0	28
18	assemblage-384-269	34	6	0	0	0	0	0	0	0	29	0	0	0	8	0	0	0	0	0	0	0	0	0	0	0	0	0	0	0	0	0	0	0	0	0	0	0	0	0	403	0	0	0	0	0	20

19	assemblage-382-196	0	0	0	0	0	0	0	0	0	0	0	0	0	0	0	208	0	0	0	0	17	0	0	52	0	0	0	0	0	0	0	0	0	0	206	0	0	0	0	0	0	0	0	0	0	17
19	assemblage-386-263	30	3	0	0	0	0	0	0	0	19	0	0	0	7	0	0	0	0	0	0	0	0	0	0	0	0	0	0	0	0	0	0	0	0	0	0	0	0	0	423	0	0	0	0	0	18
19	assemblage-384-269	34	6	0	0	0	0	0	0	0	29	0	0	0	8	0	0	0	0	0	0	0	0	0	0	0	0	0	0	0	0	0	0	0	0	0	0	0	0	0	403	0	0	0	0	0	20

20	assemblage-382-196	0	0	0	0	0	0	0	0	0	0	0	0	0	0	0	208	0	0	0	0	17	0	0	52	0	0	0	0	0	0	0	0	0	0	206	0	0	0	0	0	0	0	0	0	0	17
20	assemblage-453-654	0	35	0	0	0	0	0	0	0	0	0	0	0	0	0	0	0	108	0	0	0	0	0	0	0	0	0	0	0	0	0	0	0	0	0	0	0	341	0	0	0	0	0	0	0	16
20	assemblage-384-269	34	6	0	0	0	0	0	0	0	29	0	0	0	8	0	0	0	0	0	0	0	0	0	0	0	0	0	0	0	0	0	0	0	0	0	0	0	0	0	403	0	0	0	0	0	20

21	assemblage-382-196	0	0	0	0	0	0	0	0	0	0	0	0	0	0	0	208	0	0	0	0	17	0	0	52	0	0	0	0	0	0	0	0	0	0	206	0	0	0	0	0	0	0	0	0	0	17
21	assemblage-453-654	0	35	0	0	0	0	0	0	0	0	0	0	0	0	0	0	0	108	0	0	0	0	0	0	0	0	0	0	0	0	0	0	0	0	0	0	0	341	0	0	0	0	0	0	0	16
21	assemblage-386-263	30	3	0	0	0	0	0	0	0	19	0	0	0	7	0	0	0	0	0	0	0	0	0	0	0	0	0	0	0	0	0	0	0	0	0	0	0	0	0	423	0	0	0	0	0	18

22	assemblage-382-196	0	0	0	0	0	0	0	0	0	0	0	0	0	0	0	208	0	0	0	0	17	0	0	52	0	0	0	0	0	0	0	0	0	0	206	0	0	0	0	0	0	0	0	0	0	17
22	assemblage-453-654	0	35	0	0	0	0	0	0	0	0	0	0	0	0	0	0	0	108	0	0	0	0	0	0	0	0	0	0	0	0	0	0	0	0	0	0	0	341	0	0	0	0	0	0	0	16
22	assemblage-472-672	0	33	0	0	0	0	0	0	0	0	0	0	0	0	0	0	0	93	0	0	0	0	0	0	0	0	0	0	0	0	0	0	0	0	0	0	0	370	0	0	0	0	0	0	0	4

23	assemblage-382-196	0	0	0	0	0	0	0	0	0	0	0	0	0	0	0	208	0	0	0	0	17	0	0	52	0	0	0	0	0	0	0	0	0	0	206	0	0	0	0	0	0	0	0	0	0	17
23	assemblage-764-521	0	32	0	0	0	0	0	0	0	0	0	0	0	0	0	0	197	0	0	0	0	0	0	0	0	0	0	0	0	0	0	0	0	0	0	0	0	0	0	186	0	0	0	0	76	9
23	assemblage-472-672	0	33	0	0	0	0	0	0	0	0	0	0	0	0	0	0	0	93	0	0	0	0	0	0	0	0	0	0	0	0	0	0	0	0	0	0	0	370	0	0	0	0	0	0	0	4

24	assemblage-382-196	0	0	0	0	0	0	0	0	0	0	0	0	0	0	0	208	0	0	0	0	17	0	0	52	0	0	0	0	0	0	0	0	0	0	206	0	0	0	0	0	0	0	0	0	0	17
24	assemblage-764-521	0	32	0	0	0	0	0	0	0	0	0	0	0	0	0	0	197	0	0	0	0	0	0	0	0	0	0	0	0	0	0	0	0	0	0	0	0	0	0	186	0	0	0	0	76	9
24	assemblage-127-489	0	70	0	0	0	0	0	0	0	17	5	0	0	0	0	0	22	0	0	0	0	8	0	0	0	0	0	0	0	0	0	0	0	0	0	0	3	0	0	372	0	0	0	0	0	3

25	assemblage-382-196	0	0	0	0	0	0	0	0	0	0	0	0	0	0	0	208	0	0	0	0	17	0	0	52	0	0	0	0	0	0	0	0	0	0	206	0	0	0	0	0	0	0	0	0	0	17
25	assemblage-296-429	0	21	0	0	0	0	0	0	0	0	0	0	0	0	0	332	0	57	0	0	0	0	0	0	0	0	0	0	0	0	0	0	0	0	36	0	0	36	0	0	0	0	0	0	0	18
25	assemblage-384-269	34	6	0	0	0	0	0	0	0	29	0	0	0	8	0	0	0	0	0	0	0	0	0	0	0	0	0	0	0	0	0	0	0	0	0	0	0	0	0	403	0	0	0	0	0	20

26	assemblage-382-196	0	0	0	0	0	0	0	0	0	0	0	0	0	0	0	208	0	0	0	0	17	0	0	52	0	0	0	0	0	0	0	0	0	0	206	0	0	0	0	0	0	0	0	0	0	17
26	assemblage-296-429	0	21	0	0	0	0	0	0	0	0	0	0	0	0	0	332	0	57	0	0	0	0	0	0	0	0	0	0	0	0	0	0	0	0	36	0	0	36	0	0	0	0	0	0	0	18
26	assemblage-386-263	30	3	0	0	0	0	0	0	0	19	0	0	0	7	0	0	0	0	0	0	0	0	0	0	0	0	0	0	0	0	0	0	0	0	0	0	0	0	0	423	0	0	0	0	0	18

27	assemblage-382-196	0	0	0	0	0	0	0	0	0	0	0	0	0	0	0	208	0	0	0	0	17	0	0	52	0	0	0	0	0	0	0	0	0	0	206	0	0	0	0	0	0	0	0	0	0	17
27	assemblage-296-429	0	21	0	0	0	0	0	0	0	0	0	0	0	0	0	332	0	57	0	0	0	0	0	0	0	0	0	0	0	0	0	0	0	0	36	0	0	36	0	0	0	0	0	0	0	18
27	assemblage-472-672	0	33	0	0	0	0	0	0	0	0	0	0	0	0	0	0	0	93	0	0	0	0	0	0	0	0	0	0	0	0	0	0	0	0	0	0	0	370	0	0	0	0	0	0	0	4

28	assemblage-382-196	0	0	0	0	0	0	0	0	0	0	0	0	0	0	0	208	0	0	0	0	17	0	0	52	0	0	0	0	0	0	0	0	0	0	206	0	0	0	0	0	0	0	0	0	0	17
28	assemblage-296-429	0	21	0	0	0	0	0	0	0	0	0	0	0	0	0	332	0	57	0	0	0	0	0	0	0	0	0	0	0	0	0	0	0	0	36	0	0	36	0	0	0	0	0	0	0	18
28	assemblage-453-654	0	35	0	0	0	0	0	0	0	0	0	0	0	0	0	0	0	108	0	0	0	0	0	0	0	0	0	0	0	0	0	0	0	0	0	0	0	341	0	0	0	0	0	0	0	16

29	assemblage-382-196	0	0	0	0	0	0	0	0	0	0	0	0	0	0	0	208	0	0	0	0	17	0	0	52	0	0	0	0	0	0	0	0	0	0	206	0	0	0	0	0	0	0	0	0	0	17
29	assemblage-296-429	0	21	0	0	0	0	0	0	0	0	0	0	0	0	0	332	0	57	0	0	0	0	0	0	0	0	0	0	0	0	0	0	0	0	36	0	0	36	0	0	0	0	0	0	0	18
29	assemblage-127-489	0	70	0	0	0	0	0	0	0	17	5	0	0	0	0	0	22	0	0	0	0	8	0	0	0	0	0	0	0	0	0	0	0	0	0	0	3	0	0	372	0	0	0	0	0	3

30	assemblage-382-196	0	0	0	0	0	0	0	0	0	0	0	0	0	0	0	208	0	0	0	0	17	0	0	52	0	0	0	0	0	0	0	0	0	0	206	0	0	0	0	0	0	0	0	0	0	17
30	assemblage-296-429	0	21	0	0	0	0	0	0	0	0	0	0	0	0	0	332	0	57	0	0	0	0	0	0	0	0	0	0	0	0	0	0	0	0	36	0	0	36	0	0	0	0	0	0	0	18
30	assemblage-764-521	0	32	0	0	0	0	0	0	0	0	0	0	0	0	0	0	197	0	0	0	0	0	0	0	0	0	0	0	0	0	0	0	0	0	0	0	0	0	0	186	0	0	0	0	76	9

31	assemblage-329-265	0	91	0	23	0	0	0	0	0	43	0	0	0	0	0	0	55	0	0	0	0	0	0	0	0	0	0	0	0	0	0	0	0	0	0	0	0	29	0	231	0	0	0	0	17	11
31	assemblage-386-263	30	3	0	0	0	0	0	0	0	19	0	0	0	7	0	0	0	0	0	0	0	0	0	0	0	0	0	0	0	0	0	0	0	0	0	0	0	0	0	423	0	0	0	0	0	18
31	assemblage-692-143	0	0	0	0	0	0	0	0	0	0	0	0	0	0	0	208	0	0	0	0	22	0	0	62	0	0	0	0	0	0	0	0	0	0	193	0	0	0	0	0	0	6	0	0	0	9

32	assemblage-329-265	0	91	0	23	0	0	0	0	0	43	0	0	0	0	0	0	55	0	0	0	0	0	0	0	0	0	0	0	0	0	0	0	0	0	0	0	0	29	0	231	0	0	0	0	17	11
32	assemblage-453-654	0	35	0	0	0	0	0	0	0	0	0	0	0	0	0	0	0	108	0	0	0	0	0	0	0	0	0	0	0	0	0	0	0	0	0	0	0	341	0	0	0	0	0	0	0	16
32	assemblage-692-143	0	0	0	0	0	0	0	0	0	0	0	0	0	0	0	208	0	0	0	0	22	0	0	62	0	0	0	0	0	0	0	0	0	0	193	0	0	0	0	0	0	6	0	0	0	9

33	assemblage-329-265	0	91	0	23	0	0	0	0	0	43	0	0	0	0	0	0	55	0	0	0	0	0	0	0	0	0	0	0	0	0	0	0	0	0	0	0	0	29	0	231	0	0	0	0	17	11
33	assemblage-453-654	0	35	0	0	0	0	0	0	0	0	0	0	0	0	0	0	0	108	0	0	0	0	0	0	0	0	0	0	0	0	0	0	0	0	0	0	0	341	0	0	0	0	0	0	0	16
33	assemblage-587-643	0	0	0	0	0	0	0	0	0	0	0	0	0	0	0	34	0	314	0	0	33	0	9	0	0	0	0	0	0	0	0	22	0	0	33	0	0	48	0	0	0	0	0	0	0	7

34	assemblage-329-265	0	91	0	23	0	0	0	0	0	43	0	0	0	0	0	0	55	0	0	0	0	0	0	0	0	0	0	0	0	0	0	0	0	0	0	0	0	29	0	231	0	0	0	0	17	11
34	assemblage-453-654	0	35	0	0	0	0	0	0	0	0	0	0	0	0	0	0	0	108	0	0	0	0	0	0	0	0	0	0	0	0	0	0	0	0	0	0	0	341	0	0	0	0	0	0	0	16
34	assemblage-472-672	0	33	0	0	0	0	0	0	0	0	0	0	0	0	0	0	0	93	0	0	0	0	0	0	0	0	0	0	0	0	0	0	0	0	0	0	0	370	0	0	0	0	0	0	0	4

35	assemblage-329-265	0	91	0	23	0	0	0	0	0	43	0	0	0	0	0	0	55	0	0	0	0	0	0	0	0	0	0	0	0	0	0	0	0	0	0	0	0	29	0	231	0	0	0	0	17	11
35	assemblage-764-521	0	32	0	0	0	0	0	0	0	0	0	0	0	0	0	0	197	0	0	0	0	0	0	0	0	0	0	0	0	0	0	0	0	0	0	0	0	0	0	186	0	0	0	0	76	9
35	assemblage-692-143	0	0	0	0	0	0	0	0	0	0	0	0	0	0	0	208	0	0	0	0	22	0	0	62	0	0	0	0	0	0	0	0	0	0	193	0	0	0	0	0	0	6	0	0	0	9

36	assemblage-329-265	0	91	0	23	0	0	0	0	0	43	0	0	0	0	0	0	55	0	0	0	0	0	0	0	0	0	0	0	0	0	0	0	0	0	0	0	0	29	0	231	0	0	0	0	17	11
36	assemblage-296-429	0	21	0	0	0	0	0	0	0	0	0	0	0	0	0	332	0	57	0	0	0	0	0	0	0	0	0	0	0	0	0	0	0	0	36	0	0	36	0	0	0	0	0	0	0	18
36	assemblage-692-143	0	0	0	0	0	0	0	0	0	0	0	0	0	0	0	208	0	0	0	0	22	0	0	62	0	0	0	0	0	0	0	0	0	0	193	0	0	0	0	0	0	6	0	0	0	9

37	assemblage-329-265	0	91	0	23	0	0	0	0	0	43	0	0	0	0	0	0	55	0	0	0	0	0	0	0	0	0	0	0	0	0	0	0	0	0	0	0	0	29	0	231	0	0	0	0	17	11
37	assemblage-296-429	0	21	0	0	0	0	0	0	0	0	0	0	0	0	0	332	0	57	0	0	0	0	0	0	0	0	0	0	0	0	0	0	0	0	36	0	0	36	0	0	0	0	0	0	0	18
37	assemblage-587-643	0	0	0	0	0	0	0	0	0	0	0	0	0	0	0	34	0	314	0	0	33	0	9	0	0	0	0	0	0	0	0	22	0	0	33	0	0	48	0	0	0	0	0	0	0	7

38	assemblage-329-265	0	91	0	23	0	0	0	0	0	43	0	0	0	0	0	0	55	0	0	0	0	0	0	0	0	0	0	0	0	0	0	0	0	0	0	0	0	29	0	231	0	0	0	0	17	11
38	assemblage-382-196	0	0	0	0	0	0	0	0	0	0	0	0	0	0	0	208	0	0	0	0	17	0	0	52	0	0	0	0	0	0	0	0	0	0	206	0	0	0	0	0	0	0	0	0	0	17
38	assemblage-692-143	0	0	0	0	0	0	0	0	0	0	0	0	0	0	0	208	0	0	0	0	22	0	0	62	0	0	0	0	0	0	0	0	0	0	193	0	0	0	0	0	0	6	0	0	0	9

39	assemblage-776-769	0	0	0	0	0	0	0	0	0	0	0	22	0	0	0	16	0	4	0	0	0	0	0	0	0	0	0	0	0	414	0	0	0	0	38	0	0	0	0	0	0	0	0	0	0	6
39	assemblage-381-173	0	0	0	0	0	0	0	0	0	0	0	0	0	0	0	141	0	0	0	0	0	0	0	0	53	0	0	0	0	11	0	0	0	0	267	0	0	0	0	0	0	0	0	0	0	28
39	assemblage-384-269	34	6	0	0	0	0	0	0	0	29	0	0	0	8	0	0	0	0	0	0	0	0	0	0	0	0	0	0	0	0	0	0	0	0	0	0	0	0	0	403	0	0	0	0	0	20

40	assemblage-776-769	0	0	0	0	0	0	0	0	0	0	0	22	0	0	0	16	0	4	0	0	0	0	0	0	0	0	0	0	0	414	0	0	0	0	38	0	0	0	0	0	0	0	0	0	0	6
40	assemblage-453-654	0	35	0	0	0	0	0	0	0	0	0	0	0	0	0	0	0	108	0	0	0	0	0	0	0	0	0	0	0	0	0	0	0	0	0	0	0	341	0	0	0	0	0	0	0	16
40	assemblage-472-672	0	33	0	0	0	0	0	0	0	0	0	0	0	0	0	0	0	93	0	0	0	0	0	0	0	0	0	0	0	0	0	0	0	0	0	0	0	370	0	0	0	0	0	0	0	4

41	assemblage-776-769	0	0	0	0	0	0	0	0	0	0	0	22	0	0	0	16	0	4	0	0	0	0	0	0	0	0	0	0	0	414	0	0	0	0	38	0	0	0	0	0	0	0	0	0	0	6
41	assemblage-764-521	0	32	0	0	0	0	0	0	0	0	0	0	0	0	0	0	197	0	0	0	0	0	0	0	0	0	0	0	0	0	0	0	0	0	0	0	0	0	0	186	0	0	0	0	76	9
41	assemblage-127-489	0	70	0	0	0	0	0	0	0	17	5	0	0	0	0	0	22	0	0	0	0	8	0	0	0	0	0	0	0	0	0	0	0	0	0	0	3	0	0	372	0	0	0	0	0	3

42	assemblage-776-769	0	0	0	0	0	0	0	0	0	0	0	22	0	0	0	16	0	4	0	0	0	0	0	0	0	0	0	0	0	414	0	0	0	0	38	0	0	0	0	0	0	0	0	0	0	6
42	assemblage-296-429	0	21	0	0	0	0	0	0	0	0	0	0	0	0	0	332	0	57	0	0	0	0	0	0	0	0	0	0	0	0	0	0	0	0	36	0	0	36	0	0	0	0	0	0	0	18
42	assemblage-692-143	0	0	0	0	0	0	0	0	0	0	0	0	0	0	0	208	0	0	0	0	22	0	0	62	0	0	0	0	0	0	0	0	0	0	193	0	0	0	0	0	0	6	0	0	0	9

43	assemblage-776-769	0	0	0	0	0	0	0	0	0	0	0	22	0	0	0	16	0	4	0	0	0	0	0	0	0	0	0	0	0	414	0	0	0	0	38	0	0	0	0	0	0	0	0	0	0	6
43	assemblage-296-429	0	21	0	0	0	0	0	0	0	0	0	0	0	0	0	332	0	57	0	0	0	0	0	0	0	0	0	0	0	0	0	0	0	0	36	0	0	36	0	0	0	0	0	0	0	18
43	assemblage-587-643	0	0	0	0	0	0	0	0	0	0	0	0	0	0	0	34	0	314	0	0	33	0	9	0	0	0	0	0	0	0	0	22	0	0	33	0	0	48	0	0	0	0	0	0	0	7

44	assemblage-776-769	0	0	0	0	0	0	0	0	0	0	0	22	0	0	0	16	0	4	0	0	0	0	0	0	0	0	0	0	0	414	0	0	0	0	38	0	0	0	0	0	0	0	0	0	0	6
44	assemblage-296-429	0	21	0	0	0	0	0	0	0	0	0	0	0	0	0	332	0	57	0	0	0	0	0	0	0	0	0	0	0	0	0	0	0	0	36	0	0	36	0	0	0	0	0	0	0	18
44	assemblage-386-263	30	3	0	0	0	0	0	0	0	19	0	0	0	7	0	0	0	0	0	0	0	0	0	0	0	0	0	0	0	0	0	0	0	0	0	0	0	0	0	423	0	0	0	0	0	18

45	assemblage-776-769	0	0	0	0	0	0	0	0	0	0	0	22	0	0	0	16	0	4	0	0	0	0	0	0	0	0	0	0	0	414	0	0	0	0	38	0	0	0	0	0	0	0	0	0	0	6
45	assemblage-296-429	0	21	0	0	0	0	0	0	0	0	0	0	0	0	0	332	0	57	0	0	0	0	0	0	0	0	0	0	0	0	0	0	0	0	36	0	0	36	0	0	0	0	0	0	0	18
45	assemblage-472-672	0	33	0	0	0	0	0	0	0	0	0	0	0	0	0	0	0	93	0	0	0	0	0	0	0	0	0	0	0	0	0	0	0	0	0	0	0	370	0	0	0	0	0	0	0	4

46	assemblage-776-769	0	0	0	0	0	0	0	0	0	0	0	22	0	0	0	16	0	4	0	0	0	0	0	0	0	0	0	0	0	414	0	0	0	0	38	0	0	0	0	0	0	0	0	0	0	6
46	assemblage-296-429	0	21	0	0	0	0	0	0	0	0	0	0	0	0	0	332	0	57	0	0	0	0	0	0	0	0	0	0	0	0	0	0	0	0	36	0	0	36	0	0	0	0	0	0	0	18
46	assemblage-453-654	0	35	0	0	0	0	0	0	0	0	0	0	0	0	0	0	0	108	0	0	0	0	0	0	0	0	0	0	0	0	0	0	0	0	0	0	0	341	0	0	0	0	0	0	0	16

47	assemblage-776-769	0	0	0	0	0	0	0	0	0	0	0	22	0	0	0	16	0	4	0	0	0	0	0	0	0	0	0	0	0	414	0	0	0	0	38	0	0	0	0	0	0	0	0	0	0	6
47	assemblage-296-429	0	21	0	0	0	0	0	0	0	0	0	0	0	0	0	332	0	57	0	0	0	0	0	0	0	0	0	0	0	0	0	0	0	0	36	0	0	36	0	0	0	0	0	0	0	18
47	assemblage-127-489	0	70	0	0	0	0	0	0	0	17	5	0	0	0	0	0	22	0	0	0	0	8	0	0	0	0	0	0	0	0	0	0	0	0	0	0	3	0	0	372	0	0	0	0	0	3

48	assemblage-776-769	0	0	0	0	0	0	0	0	0	0	0	22	0	0	0	16	0	4	0	0	0	0	0	0	0	0	0	0	0	414	0	0	0	0	38	0	0	0	0	0	0	0	0	0	0	6
48	assemblage-296-429	0	21	0	0	0	0	0	0	0	0	0	0	0	0	0	332	0	57	0	0	0	0	0	0	0	0	0	0	0	0	0	0	0	0	36	0	0	36	0	0	0	0	0	0	0	18
48	assemblage-764-521	0	32	0	0	0	0	0	0	0	0	0	0	0	0	0	0	197	0	0	0	0	0	0	0	0	0	0	0	0	0	0	0	0	0	0	0	0	0	0	186	0	0	0	0	76	9

49	assemblage-776-769	0	0	0	0	0	0	0	0	0	0	0	22	0	0	0	16	0	4	0	0	0	0	0	0	0	0	0	0	0	414	0	0	0	0	38	0	0	0	0	0	0	0	0	0	0	6
49	assemblage-382-196	0	0	0	0	0	0	0	0	0	0	0	0	0	0	0	208	0	0	0	0	17	0	0	52	0	0	0	0	0	0	0	0	0	0	206	0	0	0	0	0	0	0	0	0	0	17
49	assemblage-692-143	0	0	0	0	0	0	0	0	0	0	0	0	0	0	0	208	0	0	0	0	22	0	0	62	0	0	0	0	0	0	0	0	0	0	193	0	0	0	0	0	0	6	0	0	0	9

50	assemblage-776-769	0	0	0	0	0	0	0	0	0	0	0	22	0	0	0	16	0	4	0	0	0	0	0	0	0	0	0	0	0	414	0	0	0	0	38	0	0	0	0	0	0	0	0	0	0	6
50	assemblage-382-196	0	0	0	0	0	0	0	0	0	0	0	0	0	0	0	208	0	0	0	0	17	0	0	52	0	0	0	0	0	0	0	0	0	0	206	0	0	0	0	0	0	0	0	0	0	17
50	assemblage-386-263	30	3	0	0	0	0	0	0	0	19	0	0	0	7	0	0	0	0	0	0	0	0	0	0	0	0	0	0	0	0	0	0	0	0	0	0	0	0	0	423	0	0	0	0	0	18

51	assemblage-776-769	0	0	0	0	0	0	0	0	0	0	0	22	0	0	0	16	0	4	0	0	0	0	0	0	0	0	0	0	0	414	0	0	0	0	38	0	0	0	0	0	0	0	0	0	0	6
51	assemblage-382-196	0	0	0	0	0	0	0	0	0	0	0	0	0	0	0	208	0	0	0	0	17	0	0	52	0	0	0	0	0	0	0	0	0	0	206	0	0	0	0	0	0	0	0	0	0	17
51	assemblage-127-489	0	70	0	0	0	0	0	0	0	17	5	0	0	0	0	0	22	0	0	0	0	8	0	0	0	0	0	0	0	0	0	0	0	0	0	0	3	0	0	372	0	0	0	0	0	3

52	assemblage-776-769	0	0	0	0	0	0	0	0	0	0	0	22	0	0	0	16	0	4	0	0	0	0	0	0	0	0	0	0	0	414	0	0	0	0	38	0	0	0	0	0	0	0	0	0	0	6
52	assemblage-382-196	0	0	0	0	0	0	0	0	0	0	0	0	0	0	0	208	0	0	0	0	17	0	0	52	0	0	0	0	0	0	0	0	0	0	206	0	0	0	0	0	0	0	0	0	0	17
52	assemblage-764-521	0	32	0	0	0	0	0	0	0	0	0	0	0	0	0	0	197	0	0	0	0	0	0	0	0	0	0	0	0	0	0	0	0	0	0	0	0	0	0	186	0	0	0	0	76	9

53	assemblage-776-769	0	0	0	0	0	0	0	0	0	0	0	22	0	0	0	16	0	4	0	0	0	0	0	0	0	0	0	0	0	414	0	0	0	0	38	0	0	0	0	0	0	0	0	0	0	6
53	assemblage-329-265	0	91	0	23	0	0	0	0	0	43	0	0	0	0	0	0	55	0	0	0	0	0	0	0	0	0	0	0	0	0	0	0	0	0	0	0	0	29	0	231	0	0	0	0	17	11
53	assemblage-127-489	0	70	0	0	0	0	0	0	0	17	5	0	0	0	0	0	22	0	0	0	0	8	0	0	0	0	0	0	0	0	0	0	0	0	0	0	3	0	0	372	0	0	0	0	0	3

54	assemblage-776-769	0	0	0	0	0	0	0	0	0	0	0	22	0	0	0	16	0	4	0	0	0	0	0	0	0	0	0	0	0	414	0	0	0	0	38	0	0	0	0	0	0	0	0	0	0	6
54	assemblage-329-265	0	91	0	23	0	0	0	0	0	43	0	0	0	0	0	0	55	0	0	0	0	0	0	0	0	0	0	0	0	0	0	0	0	0	0	0	0	29	0	231	0	0	0	0	17	11
54	assemblage-764-521	0	32	0	0	0	0	0	0	0	0	0	0	0	0	0	0	197	0	0	0	0	0	0	0	0	0	0	0	0	0	0	0	0	0	0	0	0	0	0	186	0	0	0	0	76	9

55	assemblage-153-925	0	25	0	0	0	0	0	0	0	10	0	0	0	0	0	0	28	0	10	0	0	0	0	0	0	0	0	0	0	0	0	0	0	0	6	0	0	364	0	53	0	0	0	0	0	4
55	assemblage-296-429	0	21	0	0	0	0	0	0	0	0	0	0	0	0	0	332	0	57	0	0	0	0	0	0	0	0	0	0	0	0	0	0	0	0	36	0	0	36	0	0	0	0	0	0	0	18
55	assemblage-692-143	0	0	0	0	0	0	0	0	0	0	0	0	0	0	0	208	0	0	0	0	22	0	0	62	0	0	0	0	0	0	0	0	0	0	193	0	0	0	0	0	0	6	0	0	0	9

56	assemblage-153-925	0	25	0	0	0	0	0	0	0	10	0	0	0	0	0	0	28	0	10	0	0	0	0	0	0	0	0	0	0	0	0	0	0	0	6	0	0	364	0	53	0	0	0	0	0	4
56	assemblage-382-196	0	0	0	0	0	0	0	0	0	0	0	0	0	0	0	208	0	0	0	0	17	0	0	52	0	0	0	0	0	0	0	0	0	0	206	0	0	0	0	0	0	0	0	0	0	17
56	assemblage-692-143	0	0	0	0	0	0	0	0	0	0	0	0	0	0	0	208	0	0	0	0	22	0	0	62	0	0	0	0	0	0	0	0	0	0	193	0	0	0	0	0	0	6	0	0	0	9

57	assemblage-153-925	0	25	0	0	0	0	0	0	0	10	0	0	0	0	0	0	28	0	10	0	0	0	0	0	0	0	0	0	0	0	0	0	0	0	6	0	0	364	0	53	0	0	0	0	0	4
57	assemblage-329-265	0	91	0	23	0	0	0	0	0	43	0	0	0	0	0	0	55	0	0	0	0	0	0	0	0	0	0	0	0	0	0	0	0	0	0	0	0	29	0	231	0	0	0	0	17	11
57	assemblage-127-489	0	70	0	0	0	0	0	0	0	17	5	0	0	0	0	0	22	0	0	0	0	8	0	0	0	0	0	0	0	0	0	0	0	0	0	0	3	0	0	372	0	0	0	0	0	3

58	assemblage-153-925	0	25	0	0	0	0	0	0	0	10	0	0	0	0	0	0	28	0	10	0	0	0	0	0	0	0	0	0	0	0	0	0	0	0	6	0	0	364	0	53	0	0	0	0	0	4
58	assemblage-329-265	0	91	0	23	0	0	0	0	0	43	0	0	0	0	0	0	55	0	0	0	0	0	0	0	0	0	0	0	0	0	0	0	0	0	0	0	0	29	0	231	0	0	0	0	17	11
58	assemblage-764-521	0	32	0	0	0	0	0	0	0	0	0	0	0	0	0	0	197	0	0	0	0	0	0	0	0	0	0	0	0	0	0	0	0	0	0	0	0	0	0	186	0	0	0	0	76	9

59	assemblage-106-503	0	202	0	67	0	0	0	0	0	137	0	0	0	0	0	0	0	0	0	0	0	0	0	0	0	0	0	0	0	0	0	0	0	0	0	0	0	0	0	85	0	0	0	0	0	9
59	assemblage-692-143	0	0	0	0	0	0	0	0	0	0	0	0	0	0	0	208	0	0	0	0	22	0	0	62	0	0	0	0	0	0	0	0	0	0	193	0	0	0	0	0	0	6	0	0	0	9
59	assemblage-381-173	0	0	0	0	0	0	0	0	0	0	0	0	0	0	0	141	0	0	0	0	0	0	0	0	53	0	0	0	0	11	0	0	0	0	267	0	0	0	0	0	0	0	0	0	0	28

60	assemblage-106-503	0	202	0	67	0	0	0	0	0	137	0	0	0	0	0	0	0	0	0	0	0	0	0	0	0	0	0	0	0	0	0	0	0	0	0	0	0	0	0	85	0	0	0	0	0	9
60	assemblage-386-263	30	3	0	0	0	0	0	0	0	19	0	0	0	7	0	0	0	0	0	0	0	0	0	0	0	0	0	0	0	0	0	0	0	0	0	0	0	0	0	423	0	0	0	0	0	18
60	assemblage-692-143	0	0	0	0	0	0	0	0	0	0	0	0	0	0	0	208	0	0	0	0	22	0	0	62	0	0	0	0	0	0	0	0	0	0	193	0	0	0	0	0	0	6	0	0	0	9

61	assemblage-106-503	0	202	0	67	0	0	0	0	0	137	0	0	0	0	0	0	0	0	0	0	0	0	0	0	0	0	0	0	0	0	0	0	0	0	0	0	0	0	0	85	0	0	0	0	0	9
61	assemblage-386-263	30	3	0	0	0	0	0	0	0	19	0	0	0	7	0	0	0	0	0	0	0	0	0	0	0	0	0	0	0	0	0	0	0	0	0	0	0	0	0	423	0	0	0	0	0	18
61	assemblage-587-643	0	0	0	0	0	0	0	0	0	0	0	0	0	0	0	34	0	314	0	0	33	0	9	0	0	0	0	0	0	0	0	22	0	0	33	0	0	48	0	0	0	0	0	0	0	7

62	assemblage-106-503	0	202	0	67	0	0	0	0	0	137	0	0	0	0	0	0	0	0	0	0	0	0	0	0	0	0	0	0	0	0	0	0	0	0	0	0	0	0	0	85	0	0	0	0	0	9
62	assemblage-453-654	0	35	0	0	0	0	0	0	0	0	0	0	0	0	0	0	0	108	0	0	0	0	0	0	0	0	0	0	0	0	0	0	0	0	0	0	0	341	0	0	0	0	0	0	0	16
62	assemblage-692-143	0	0	0	0	0	0	0	0	0	0	0	0	0	0	0	208	0	0	0	0	22	0	0	62	0	0	0	0	0	0	0	0	0	0	193	0	0	0	0	0	0	6	0	0	0	9

63	assemblage-106-503	0	202	0	67	0	0	0	0	0	137	0	0	0	0	0	0	0	0	0	0	0	0	0	0	0	0	0	0	0	0	0	0	0	0	0	0	0	0	0	85	0	0	0	0	0	9
63	assemblage-453-654	0	35	0	0	0	0	0	0	0	0	0	0	0	0	0	0	0	108	0	0	0	0	0	0	0	0	0	0	0	0	0	0	0	0	0	0	0	341	0	0	0	0	0	0	0	16
63	assemblage-587-643	0	0	0	0	0	0	0	0	0	0	0	0	0	0	0	34	0	314	0	0	33	0	9	0	0	0	0	0	0	0	0	22	0	0	33	0	0	48	0	0	0	0	0	0	0	7

64	assemblage-106-503	0	202	0	67	0	0	0	0	0	137	0	0	0	0	0	0	0	0	0	0	0	0	0	0	0	0	0	0	0	0	0	0	0	0	0	0	0	0	0	85	0	0	0	0	0	9
64	assemblage-453-654	0	35	0	0	0	0	0	0	0	0	0	0	0	0	0	0	0	108	0	0	0	0	0	0	0	0	0	0	0	0	0	0	0	0	0	0	0	341	0	0	0	0	0	0	0	16
64	assemblage-472-672	0	33	0	0	0	0	0	0	0	0	0	0	0	0	0	0	0	93	0	0	0	0	0	0	0	0	0	0	0	0	0	0	0	0	0	0	0	370	0	0	0	0	0	0	0	4

65	assemblage-106-503	0	202	0	67	0	0	0	0	0	137	0	0	0	0	0	0	0	0	0	0	0	0	0	0	0	0	0	0	0	0	0	0	0	0	0	0	0	0	0	85	0	0	0	0	0	9
65	assemblage-764-521	0	32	0	0	0	0	0	0	0	0	0	0	0	0	0	0	197	0	0	0	0	0	0	0	0	0	0	0	0	0	0	0	0	0	0	0	0	0	0	186	0	0	0	0	76	9
65	assemblage-381-173	0	0	0	0	0	0	0	0	0	0	0	0	0	0	0	141	0	0	0	0	0	0	0	0	53	0	0	0	0	11	0	0	0	0	267	0	0	0	0	0	0	0	0	0	0	28

66	assemblage-106-503	0	202	0	67	0	0	0	0	0	137	0	0	0	0	0	0	0	0	0	0	0	0	0	0	0	0	0	0	0	0	0	0	0	0	0	0	0	0	0	85	0	0	0	0	0	9
66	assemblage-764-521	0	32	0	0	0	0	0	0	0	0	0	0	0	0	0	0	197	0	0	0	0	0	0	0	0	0	0	0	0	0	0	0	0	0	0	0	0	0	0	186	0	0	0	0	76	9
66	assemblage-692-143	0	0	0	0	0	0	0	0	0	0	0	0	0	0	0	208	0	0	0	0	22	0	0	62	0	0	0	0	0	0	0	0	0	0	193	0	0	0	0	0	0	6	0	0	0	9

67	assemblage-106-503	0	202	0	67	0	0	0	0	0	137	0	0	0	0	0	0	0	0	0	0	0	0	0	0	0	0	0	0	0	0	0	0	0	0	0	0	0	0	0	85	0	0	0	0	0	9
67	assemblage-764-521	0	32	0	0	0	0	0	0	0	0	0	0	0	0	0	0	197	0	0	0	0	0	0	0	0	0	0	0	0	0	0	0	0	0	0	0	0	0	0	186	0	0	0	0	76	9
67	assemblage-587-643	0	0	0	0	0	0	0	0	0	0	0	0	0	0	0	34	0	314	0	0	33	0	9	0	0	0	0	0	0	0	0	22	0	0	33	0	0	48	0	0	0	0	0	0	0	7

68	assemblage-106-503	0	202	0	67	0	0	0	0	0	137	0	0	0	0	0	0	0	0	0	0	0	0	0	0	0	0	0	0	0	0	0	0	0	0	0	0	0	0	0	85	0	0	0	0	0	9
68	assemblage-764-521	0	32	0	0	0	0	0	0	0	0	0	0	0	0	0	0	197	0	0	0	0	0	0	0	0	0	0	0	0	0	0	0	0	0	0	0	0	0	0	186	0	0	0	0	76	9
68	assemblage-472-672	0	33	0	0	0	0	0	0	0	0	0	0	0	0	0	0	0	93	0	0	0	0	0	0	0	0	0	0	0	0	0	0	0	0	0	0	0	370	0	0	0	0	0	0	0	4

69	assemblage-106-503	0	202	0	67	0	0	0	0	0	137	0	0	0	0	0	0	0	0	0	0	0	0	0	0	0	0	0	0	0	0	0	0	0	0	0	0	0	0	0	85	0	0	0	0	0	9
69	assemblage-296-429	0	21	0	0	0	0	0	0	0	0	0	0	0	0	0	332	0	57	0	0	0	0	0	0	0	0	0	0	0	0	0	0	0	0	36	0	0	36	0	0	0	0	0	0	0	18
69	assemblage-692-143	0	0	0	0	0	0	0	0	0	0	0	0	0	0	0	208	0	0	0	0	22	0	0	62	0	0	0	0	0	0	0	0	0	0	193	0	0	0	0	0	0	6	0	0	0	9

70	assemblage-106-503	0	202	0	67	0	0	0	0	0	137	0	0	0	0	0	0	0	0	0	0	0	0	0	0	0	0	0	0	0	0	0	0	0	0	0	0	0	0	0	85	0	0	0	0	0	9
70	assemblage-296-429	0	21	0	0	0	0	0	0	0	0	0	0	0	0	0	332	0	57	0	0	0	0	0	0	0	0	0	0	0	0	0	0	0	0	36	0	0	36	0	0	0	0	0	0	0	18
70	assemblage-587-643	0	0	0	0	0	0	0	0	0	0	0	0	0	0	0	34	0	314	0	0	33	0	9	0	0	0	0	0	0	0	0	22	0	0	33	0	0	48	0	0	0	0	0	0	0	7

71	assemblage-106-503	0	202	0	67	0	0	0	0	0	137	0	0	0	0	0	0	0	0	0	0	0	0	0	0	0	0	0	0	0	0	0	0	0	0	0	0	0	0	0	85	0	0	0	0	0	9
71	assemblage-382-196	0	0	0	0	0	0	0	0	0	0	0	0	0	0	0	208	0	0	0	0	17	0	0	52	0	0	0	0	0	0	0	0	0	0	206	0	0	0	0	0	0	0	0	0	0	17
71	assemblage-692-143	0	0	0	0	0	0	0	0	0	0	0	0	0	0	0	208	0	0	0	0	22	0	0	62	0	0	0	0	0	0	0	0	0	0	193	0	0	0	0	0	0	6	0	0	0	9

72	assemblage-106-503	0	202	0	67	0	0	0	0	0	137	0	0	0	0	0	0	0	0	0	0	0	0	0	0	0	0	0	0	0	0	0	0	0	0	0	0	0	0	0	85	0	0	0	0	0	9
72	assemblage-382-196	0	0	0	0	0	0	0	0	0	0	0	0	0	0	0	208	0	0	0	0	17	0	0	52	0	0	0	0	0	0	0	0	0	0	206	0	0	0	0	0	0	0	0	0	0	17
72	assemblage-587-643	0	0	0	0	0	0	0	0	0	0	0	0	0	0	0	34	0	314	0	0	33	0	9	0	0	0	0	0	0	0	0	22	0	0	33	0	0	48	0	0	0	0	0	0	0	7

73	assemblage-106-503	0	202	0	67	0	0	0	0	0	137	0	0	0	0	0	0	0	0	0	0	0	0	0	0	0	0	0	0	0	0	0	0	0	0	0	0	0	0	0	85	0	0	0	0	0	9
73	assemblage-329-265	0	91	0	23	0	0	0	0	0	43	0	0	0	0	0	0	55	0	0	0	0	0	0	0	0	0	0	0	0	0	0	0	0	0	0	0	0	29	0	231	0	0	0	0	17	11
73	assemblage-692-143	0	0	0	0	0	0	0	0	0	0	0	0	0	0	0	208	0	0	0	0	22	0	0	62	0	0	0	0	0	0	0	0	0	0	193	0	0	0	0	0	0	6	0	0	0	9

74	assemblage-106-503	0	202	0	67	0	0	0	0	0	137	0	0	0	0	0	0	0	0	0	0	0	0	0	0	0	0	0	0	0	0	0	0	0	0	0	0	0	0	0	85	0	0	0	0	0	9
74	assemblage-329-265	0	91	0	23	0	0	0	0	0	43	0	0	0	0	0	0	55	0	0	0	0	0	0	0	0	0	0	0	0	0	0	0	0	0	0	0	0	29	0	231	0	0	0	0	17	11
74	assemblage-587-643	0	0	0	0	0	0	0	0	0	0	0	0	0	0	0	34	0	314	0	0	33	0	9	0	0	0	0	0	0	0	0	22	0	0	33	0	0	48	0	0	0	0	0	0	0	7

75	assemblage-106-503	0	202	0	67	0	0	0	0	0	137	0	0	0	0	0	0	0	0	0	0	0	0	0	0	0	0	0	0	0	0	0	0	0	0	0	0	0	0	0	85	0	0	0	0	0	9
75	assemblage-329-265	0	91	0	23	0	0	0	0	0	43	0	0	0	0	0	0	55	0	0	0	0	0	0	0	0	0	0	0	0	0	0	0	0	0	0	0	0	29	0	231	0	0	0	0	17	11
75	assemblage-472-672	0	33	0	0	0	0	0	0	0	0	0	0	0	0	0	0	0	93	0	0	0	0	0	0	0	0	0	0	0	0	0	0	0	0	0	0	0	370	0	0	0	0	0	0	0	4

76	assemblage-106-503	0	202	0	67	0	0	0	0	0	137	0	0	0	0	0	0	0	0	0	0	0	0	0	0	0	0	0	0	0	0	0	0	0	0	0	0	0	0	0	85	0	0	0	0	0	9
76	assemblage-329-265	0	91	0	23	0	0	0	0	0	43	0	0	0	0	0	0	55	0	0	0	0	0	0	0	0	0	0	0	0	0	0	0	0	0	0	0	0	29	0	231	0	0	0	0	17	11
76	assemblage-127-489	0	70	0	0	0	0	0	0	0	17	5	0	0	0	0	0	22	0	0	0	0	8	0	0	0	0	0	0	0	0	0	0	0	0	0	0	3	0	0	372	0	0	0	0	0	3

77	assemblage-106-503	0	202	0	67	0	0	0	0	0	137	0	0	0	0	0	0	0	0	0	0	0	0	0	0	0	0	0	0	0	0	0	0	0	0	0	0	0	0	0	85	0	0	0	0	0	9
77	assemblage-329-265	0	91	0	23	0	0	0	0	0	43	0	0	0	0	0	0	55	0	0	0	0	0	0	0	0	0	0	0	0	0	0	0	0	0	0	0	0	29	0	231	0	0	0	0	17	11
77	assemblage-764-521	0	32	0	0	0	0	0	0	0	0	0	0	0	0	0	0	197	0	0	0	0	0	0	0	0	0	0	0	0	0	0	0	0	0	0	0	0	0	0	186	0	0	0	0	76	9

78	assemblage-463-661	0	13	0	0	0	0	0	0	0	0	0	0	0	0	0	365	0	49	0	0	0	0	0	0	0	0	0	0	0	0	0	0	0	0	28	0	0	34	0	0	0	0	0	0	0	11
78	assemblage-453-654	0	35	0	0	0	0	0	0	0	0	0	0	0	0	0	0	0	108	0	0	0	0	0	0	0	0	0	0	0	0	0	0	0	0	0	0	0	341	0	0	0	0	0	0	0	16
78	assemblage-472-672	0	33	0	0	0	0	0	0	0	0	0	0	0	0	0	0	0	93	0	0	0	0	0	0	0	0	0	0	0	0	0	0	0	0	0	0	0	370	0	0	0	0	0	0	0	4

79	assemblage-463-661	0	13	0	0	0	0	0	0	0	0	0	0	0	0	0	365	0	49	0	0	0	0	0	0	0	0	0	0	0	0	0	0	0	0	28	0	0	34	0	0	0	0	0	0	0	11
79	assemblage-764-521	0	32	0	0	0	0	0	0	0	0	0	0	0	0	0	0	197	0	0	0	0	0	0	0	0	0	0	0	0	0	0	0	0	0	0	0	0	0	0	186	0	0	0	0	76	9
79	assemblage-127-489	0	70	0	0	0	0	0	0	0	17	5	0	0	0	0	0	22	0	0	0	0	8	0	0	0	0	0	0	0	0	0	0	0	0	0	0	3	0	0	372	0	0	0	0	0	3

80	assemblage-463-661	0	13	0	0	0	0	0	0	0	0	0	0	0	0	0	365	0	49	0	0	0	0	0	0	0	0	0	0	0	0	0	0	0	0	28	0	0	34	0	0	0	0	0	0	0	11
80	assemblage-296-429	0	21	0	0	0	0	0	0	0	0	0	0	0	0	0	332	0	57	0	0	0	0	0	0	0	0	0	0	0	0	0	0	0	0	36	0	0	36	0	0	0	0	0	0	0	18
80	assemblage-692-143	0	0	0	0	0	0	0	0	0	0	0	0	0	0	0	208	0	0	0	0	22	0	0	62	0	0	0	0	0	0	0	0	0	0	193	0	0	0	0	0	0	6	0	0	0	9

81	assemblage-463-661	0	13	0	0	0	0	0	0	0	0	0	0	0	0	0	365	0	49	0	0	0	0	0	0	0	0	0	0	0	0	0	0	0	0	28	0	0	34	0	0	0	0	0	0	0	11
81	assemblage-296-429	0	21	0	0	0	0	0	0	0	0	0	0	0	0	0	332	0	57	0	0	0	0	0	0	0	0	0	0	0	0	0	0	0	0	36	0	0	36	0	0	0	0	0	0	0	18
81	assemblage-587-643	0	0	0	0	0	0	0	0	0	0	0	0	0	0	0	34	0	314	0	0	33	0	9	0	0	0	0	0	0	0	0	22	0	0	33	0	0	48	0	0	0	0	0	0	0	7

82	assemblage-463-661	0	13	0	0	0	0	0	0	0	0	0	0	0	0	0	365	0	49	0	0	0	0	0	0	0	0	0	0	0	0	0	0	0	0	28	0	0	34	0	0	0	0	0	0	0	11
82	assemblage-296-429	0	21	0	0	0	0	0	0	0	0	0	0	0	0	0	332	0	57	0	0	0	0	0	0	0	0	0	0	0	0	0	0	0	0	36	0	0	36	0	0	0	0	0	0	0	18
82	assemblage-386-263	30	3	0	0	0	0	0	0	0	19	0	0	0	7	0	0	0	0	0	0	0	0	0	0	0	0	0	0	0	0	0	0	0	0	0	0	0	0	0	423	0	0	0	0	0	18

83	assemblage-463-661	0	13	0	0	0	0	0	0	0	0	0	0	0	0	0	365	0	49	0	0	0	0	0	0	0	0	0	0	0	0	0	0	0	0	28	0	0	34	0	0	0	0	0	0	0	11
83	assemblage-296-429	0	21	0	0	0	0	0	0	0	0	0	0	0	0	0	332	0	57	0	0	0	0	0	0	0	0	0	0	0	0	0	0	0	0	36	0	0	36	0	0	0	0	0	0	0	18
83	assemblage-472-672	0	33	0	0	0	0	0	0	0	0	0	0	0	0	0	0	0	93	0	0	0	0	0	0	0	0	0	0	0	0	0	0	0	0	0	0	0	370	0	0	0	0	0	0	0	4

84	assemblage-463-661	0	13	0	0	0	0	0	0	0	0	0	0	0	0	0	365	0	49	0	0	0	0	0	0	0	0	0	0	0	0	0	0	0	0	28	0	0	34	0	0	0	0	0	0	0	11
84	assemblage-296-429	0	21	0	0	0	0	0	0	0	0	0	0	0	0	0	332	0	57	0	0	0	0	0	0	0	0	0	0	0	0	0	0	0	0	36	0	0	36	0	0	0	0	0	0	0	18
84	assemblage-453-654	0	35	0	0	0	0	0	0	0	0	0	0	0	0	0	0	0	108	0	0	0	0	0	0	0	0	0	0	0	0	0	0	0	0	0	0	0	341	0	0	0	0	0	0	0	16

85	assemblage-463-661	0	13	0	0	0	0	0	0	0	0	0	0	0	0	0	365	0	49	0	0	0	0	0	0	0	0	0	0	0	0	0	0	0	0	28	0	0	34	0	0	0	0	0	0	0	11
85	assemblage-296-429	0	21	0	0	0	0	0	0	0	0	0	0	0	0	0	332	0	57	0	0	0	0	0	0	0	0	0	0	0	0	0	0	0	0	36	0	0	36	0	0	0	0	0	0	0	18
85	assemblage-127-489	0	70	0	0	0	0	0	0	0	17	5	0	0	0	0	0	22	0	0	0	0	8	0	0	0	0	0	0	0	0	0	0	0	0	0	0	3	0	0	372	0	0	0	0	0	3

86	assemblage-463-661	0	13	0	0	0	0	0	0	0	0	0	0	0	0	0	365	0	49	0	0	0	0	0	0	0	0	0	0	0	0	0	0	0	0	28	0	0	34	0	0	0	0	0	0	0	11
86	assemblage-296-429	0	21	0	0	0	0	0	0	0	0	0	0	0	0	0	332	0	57	0	0	0	0	0	0	0	0	0	0	0	0	0	0	0	0	36	0	0	36	0	0	0	0	0	0	0	18
86	assemblage-764-521	0	32	0	0	0	0	0	0	0	0	0	0	0	0	0	0	197	0	0	0	0	0	0	0	0	0	0	0	0	0	0	0	0	0	0	0	0	0	0	186	0	0	0	0	76	9

87	assemblage-463-661	0	13	0	0	0	0	0	0	0	0	0	0	0	0	0	365	0	49	0	0	0	0	0	0	0	0	0	0	0	0	0	0	0	0	28	0	0	34	0	0	0	0	0	0	0	11
87	assemblage-382-196	0	0	0	0	0	0	0	0	0	0	0	0	0	0	0	208	0	0	0	0	17	0	0	52	0	0	0	0	0	0	0	0	0	0	206	0	0	0	0	0	0	0	0	0	0	17
87	assemblage-692-143	0	0	0	0	0	0	0	0	0	0	0	0	0	0	0	208	0	0	0	0	22	0	0	62	0	0	0	0	0	0	0	0	0	0	193	0	0	0	0	0	0	6	0	0	0	9

88	assemblage-463-661	0	13	0	0	0	0	0	0	0	0	0	0	0	0	0	365	0	49	0	0	0	0	0	0	0	0	0	0	0	0	0	0	0	0	28	0	0	34	0	0	0	0	0	0	0	11
88	assemblage-329-265	0	91	0	23	0	0	0	0	0	43	0	0	0	0	0	0	55	0	0	0	0	0	0	0	0	0	0	0	0	0	0	0	0	0	0	0	0	29	0	231	0	0	0	0	17	11
88	assemblage-384-269	34	6	0	0	0	0	0	0	0	29	0	0	0	8	0	0	0	0	0	0	0	0	0	0	0	0	0	0	0	0	0	0	0	0	0	0	0	0	0	403	0	0	0	0	0	20

89	assemblage-463-661	0	13	0	0	0	0	0	0	0	0	0	0	0	0	0	365	0	49	0	0	0	0	0	0	0	0	0	0	0	0	0	0	0	0	28	0	0	34	0	0	0	0	0	0	0	11
89	assemblage-329-265	0	91	0	23	0	0	0	0	0	43	0	0	0	0	0	0	55	0	0	0	0	0	0	0	0	0	0	0	0	0	0	0	0	0	0	0	0	29	0	231	0	0	0	0	17	11
89	assemblage-386-263	30	3	0	0	0	0	0	0	0	19	0	0	0	7	0	0	0	0	0	0	0	0	0	0	0	0	0	0	0	0	0	0	0	0	0	0	0	0	0	423	0	0	0	0	0	18

90	assemblage-463-661	0	13	0	0	0	0	0	0	0	0	0	0	0	0	0	365	0	49	0	0	0	0	0	0	0	0	0	0	0	0	0	0	0	0	28	0	0	34	0	0	0	0	0	0	0	11
90	assemblage-329-265	0	91	0	23	0	0	0	0	0	43	0	0	0	0	0	0	55	0	0	0	0	0	0	0	0	0	0	0	0	0	0	0	0	0	0	0	0	29	0	231	0	0	0	0	17	11
90	assemblage-127-489	0	70	0	0	0	0	0	0	0	17	5	0	0	0	0	0	22	0	0	0	0	8	0	0	0	0	0	0	0	0	0	0	0	0	0	0	3	0	0	372	0	0	0	0	0	3

91	assemblage-463-661	0	13	0	0	0	0	0	0	0	0	0	0	0	0	0	365	0	49	0	0	0	0	0	0	0	0	0	0	0	0	0	0	0	0	28	0	0	34	0	0	0	0	0	0	0	11
91	assemblage-329-265	0	91	0	23	0	0	0	0	0	43	0	0	0	0	0	0	55	0	0	0	0	0	0	0	0	0	0	0	0	0	0	0	0	0	0	0	0	29	0	231	0	0	0	0	17	11
91	assemblage-764-521	0	32	0	0	0	0	0	0	0	0	0	0	0	0	0	0	197	0	0	0	0	0	0	0	0	0	0	0	0	0	0	0	0	0	0	0	0	0	0	186	0	0	0	0	76	9

92	assemblage-463-661	0	13	0	0	0	0	0	0	0	0	0	0	0	0	0	365	0	49	0	0	0	0	0	0	0	0	0	0	0	0	0	0	0	0	28	0	0	34	0	0	0	0	0	0	0	11
92	assemblage-153-925	0	25	0	0	0	0	0	0	0	10	0	0	0	0	0	0	28	0	10	0	0	0	0	0	0	0	0	0	0	0	0	0	0	0	6	0	0	364	0	53	0	0	0	0	0	4
92	assemblage-127-489	0	70	0	0	0	0	0	0	0	17	5	0	0	0	0	0	22	0	0	0	0	8	0	0	0	0	0	0	0	0	0	0	0	0	0	0	3	0	0	372	0	0	0	0	0	3

93	assemblage-463-661	0	13	0	0	0	0	0	0	0	0	0	0	0	0	0	365	0	49	0	0	0	0	0	0	0	0	0	0	0	0	0	0	0	0	28	0	0	34	0	0	0	0	0	0	0	11
93	assemblage-106-503	0	202	0	67	0	0	0	0	0	137	0	0	0	0	0	0	0	0	0	0	0	0	0	0	0	0	0	0	0	0	0	0	0	0	0	0	0	0	0	85	0	0	0	0	0	9
93	assemblage-127-489	0	70	0	0	0	0	0	0	0	17	5	0	0	0	0	0	22	0	0	0	0	8	0	0	0	0	0	0	0	0	0	0	0	0	0	0	3	0	0	372	0	0	0	0	0	3

94	assemblage-463-661	0	13	0	0	0	0	0	0	0	0	0	0	0	0	0	365	0	49	0	0	0	0	0	0	0	0	0	0	0	0	0	0	0	0	28	0	0	34	0	0	0	0	0	0	0	11
94	assemblage-106-503	0	202	0	67	0	0	0	0	0	137	0	0	0	0	0	0	0	0	0	0	0	0	0	0	0	0	0	0	0	0	0	0	0	0	0	0	0	0	0	85	0	0	0	0	0	9
94	assemblage-764-521	0	32	0	0	0	0	0	0	0	0	0	0	0	0	0	0	197	0	0	0	0	0	0	0	0	0	0	0	0	0	0	0	0	0	0	0	0	0	0	186	0	0	0	0	76	9

95	assemblage-772-154	0	0	0	0	0	0	0	0	0	0	0	0	0	0	0	37	0	325	0	0	28	0	7	0	0	0	0	0	0	0	0	15	0	0	30	0	0	51	0	0	0	0	0	0	0	7
95	assemblage-381-173	0	0	0	0	0	0	0	0	0	0	0	0	0	0	0	141	0	0	0	0	0	0	0	0	53	0	0	0	0	11	0	0	0	0	267	0	0	0	0	0	0	0	0	0	0	28
95	assemblage-384-269	34	6	0	0	0	0	0	0	0	29	0	0	0	8	0	0	0	0	0	0	0	0	0	0	0	0	0	0	0	0	0	0	0	0	0	0	0	0	0	403	0	0	0	0	0	20

96	assemblage-772-154	0	0	0	0	0	0	0	0	0	0	0	0	0	0	0	37	0	325	0	0	28	0	7	0	0	0	0	0	0	0	0	15	0	0	30	0	0	51	0	0	0	0	0	0	0	7
96	assemblage-587-643	0	0	0	0	0	0	0	0	0	0	0	0	0	0	0	34	0	314	0	0	33	0	9	0	0	0	0	0	0	0	0	22	0	0	33	0	0	48	0	0	0	0	0	0	0	7
96	assemblage-384-269	34	6	0	0	0	0	0	0	0	29	0	0	0	8	0	0	0	0	0	0	0	0	0	0	0	0	0	0	0	0	0	0	0	0	0	0	0	0	0	403	0	0	0	0	0	20

97	assemblage-772-154	0	0	0	0	0	0	0	0	0	0	0	0	0	0	0	37	0	325	0	0	28	0	7	0	0	0	0	0	0	0	0	15	0	0	30	0	0	51	0	0	0	0	0	0	0	7
97	assemblage-453-654	0	35	0	0	0	0	0	0	0	0	0	0	0	0	0	0	0	108	0	0	0	0	0	0	0	0	0	0	0	0	0	0	0	0	0	0	0	341	0	0	0	0	0	0	0	16
97	assemblage-472-672	0	33	0	0	0	0	0	0	0	0	0	0	0	0	0	0	0	93	0	0	0	0	0	0	0	0	0	0	0	0	0	0	0	0	0	0	0	370	0	0	0	0	0	0	0	4

98	assemblage-772-154	0	0	0	0	0	0	0	0	0	0	0	0	0	0	0	37	0	325	0	0	28	0	7	0	0	0	0	0	0	0	0	15	0	0	30	0	0	51	0	0	0	0	0	0	0	7
98	assemblage-764-521	0	32	0	0	0	0	0	0	0	0	0	0	0	0	0	0	197	0	0	0	0	0	0	0	0	0	0	0	0	0	0	0	0	0	0	0	0	0	0	186	0	0	0	0	76	9
98	assemblage-127-489	0	70	0	0	0	0	0	0	0	17	5	0	0	0	0	0	22	0	0	0	0	8	0	0	0	0	0	0	0	0	0	0	0	0	0	0	3	0	0	372	0	0	0	0	0	3

99	assemblage-772-154	0	0	0	0	0	0	0	0	0	0	0	0	0	0	0	37	0	325	0	0	28	0	7	0	0	0	0	0	0	0	0	15	0	0	30	0	0	51	0	0	0	0	0	0	0	7
99	assemblage-296-429	0	21	0	0	0	0	0	0	0	0	0	0	0	0	0	332	0	57	0	0	0	0	0	0	0	0	0	0	0	0	0	0	0	0	36	0	0	36	0	0	0	0	0	0	0	18
99	assemblage-386-263	30	3	0	0	0	0	0	0	0	19	0	0	0	7	0	0	0	0	0	0	0	0	0	0	0	0	0	0	0	0	0	0	0	0	0	0	0	0	0	423	0	0	0	0	0	18

100	assemblage-772-154	0	0	0	0	0	0	0	0	0	0	0	0	0	0	0	37	0	325	0	0	28	0	7	0	0	0	0	0	0	0	0	15	0	0	30	0	0	51	0	0	0	0	0	0	0	7
100	assemblage-296-429	0	21	0	0	0	0	0	0	0	0	0	0	0	0	0	332	0	57	0	0	0	0	0	0	0	0	0	0	0	0	0	0	0	0	36	0	0	36	0	0	0	0	0	0	0	18
100	assemblage-127-489	0	70	0	0	0	0	0	0	0	17	5	0	0	0	0	0	22	0	0	0	0	8	0	0	0	0	0	0	0	0	0	0	0	0	0	0	3	0	0	372	0	0	0	0	0	3

101	assemblage-772-154	0	0	0	0	0	0	0	0	0	0	0	0	0	0	0	37	0	325	0	0	28	0	7	0	0	0	0	0	0	0	0	15	0	0	30	0	0	51	0	0	0	0	0	0	0	7
101	assemblage-296-429	0	21	0	0	0	0	0	0	0	0	0	0	0	0	0	332	0	57	0	0	0	0	0	0	0	0	0	0	0	0	0	0	0	0	36	0	0	36	0	0	0	0	0	0	0	18
101	assemblage-764-521	0	32	0	0	0	0	0	0	0	0	0	0	0	0	0	0	197	0	0	0	0	0	0	0	0	0	0	0	0	0	0	0	0	0	0	0	0	0	0	186	0	0	0	0	76	9

102	assemblage-772-154	0	0	0	0	0	0	0	0	0	0	0	0	0	0	0	37	0	325	0	0	28	0	7	0	0	0	0	0	0	0	0	15	0	0	30	0	0	51	0	0	0	0	0	0	0	7
102	assemblage-382-196	0	0	0	0	0	0	0	0	0	0	0	0	0	0	0	208	0	0	0	0	17	0	0	52	0	0	0	0	0	0	0	0	0	0	206	0	0	0	0	0	0	0	0	0	0	17
102	assemblage-386-263	30	3	0	0	0	0	0	0	0	19	0	0	0	7	0	0	0	0	0	0	0	0	0	0	0	0	0	0	0	0	0	0	0	0	0	0	0	0	0	423	0	0	0	0	0	18

103	assemblage-772-154	0	0	0	0	0	0	0	0	0	0	0	0	0	0	0	37	0	325	0	0	28	0	7	0	0	0	0	0	0	0	0	15	0	0	30	0	0	51	0	0	0	0	0	0	0	7
103	assemblage-382-196	0	0	0	0	0	0	0	0	0	0	0	0	0	0	0	208	0	0	0	0	17	0	0	52	0	0	0	0	0	0	0	0	0	0	206	0	0	0	0	0	0	0	0	0	0	17
103	assemblage-127-489	0	70	0	0	0	0	0	0	0	17	5	0	0	0	0	0	22	0	0	0	0	8	0	0	0	0	0	0	0	0	0	0	0	0	0	0	3	0	0	372	0	0	0	0	0	3

104	assemblage-772-154	0	0	0	0	0	0	0	0	0	0	0	0	0	0	0	37	0	325	0	0	28	0	7	0	0	0	0	0	0	0	0	15	0	0	30	0	0	51	0	0	0	0	0	0	0	7
104	assemblage-382-196	0	0	0	0	0	0	0	0	0	0	0	0	0	0	0	208	0	0	0	0	17	0	0	52	0	0	0	0	0	0	0	0	0	0	206	0	0	0	0	0	0	0	0	0	0	17
104	assemblage-764-521	0	32	0	0	0	0	0	0	0	0	0	0	0	0	0	0	197	0	0	0	0	0	0	0	0	0	0	0	0	0	0	0	0	0	0	0	0	0	0	186	0	0	0	0	76	9

105	assemblage-772-154	0	0	0	0	0	0	0	0	0	0	0	0	0	0	0	37	0	325	0	0	28	0	7	0	0	0	0	0	0	0	0	15	0	0	30	0	0	51	0	0	0	0	0	0	0	7
105	assemblage-329-265	0	91	0	23	0	0	0	0	0	43	0	0	0	0	0	0	55	0	0	0	0	0	0	0	0	0	0	0	0	0	0	0	0	0	0	0	0	29	0	231	0	0	0	0	17	11
105	assemblage-127-489	0	70	0	0	0	0	0	0	0	17	5	0	0	0	0	0	22	0	0	0	0	8	0	0	0	0	0	0	0	0	0	0	0	0	0	0	3	0	0	372	0	0	0	0	0	3

106	assemblage-772-154	0	0	0	0	0	0	0	0	0	0	0	0	0	0	0	37	0	325	0	0	28	0	7	0	0	0	0	0	0	0	0	15	0	0	30	0	0	51	0	0	0	0	0	0	0	7
106	assemblage-329-265	0	91	0	23	0	0	0	0	0	43	0	0	0	0	0	0	55	0	0	0	0	0	0	0	0	0	0	0	0	0	0	0	0	0	0	0	0	29	0	231	0	0	0	0	17	11
106	assemblage-764-521	0	32	0	0	0	0	0	0	0	0	0	0	0	0	0	0	197	0	0	0	0	0	0	0	0	0	0	0	0	0	0	0	0	0	0	0	0	0	0	186	0	0	0	0	76	9

107	assemblage-772-154	0	0	0	0	0	0	0	0	0	0	0	0	0	0	0	37	0	325	0	0	28	0	7	0	0	0	0	0	0	0	0	15	0	0	30	0	0	51	0	0	0	0	0	0	0	7
107	assemblage-776-769	0	0	0	0	0	0	0	0	0	0	0	22	0	0	0	16	0	4	0	0	0	0	0	0	0	0	0	0	0	414	0	0	0	0	38	0	0	0	0	0	0	0	0	0	0	6
107	assemblage-384-269	34	6	0	0	0	0	0	0	0	29	0	0	0	8	0	0	0	0	0	0	0	0	0	0	0	0	0	0	0	0	0	0	0	0	0	0	0	0	0	403	0	0	0	0	0	20

108	assemblage-772-154	0	0	0	0	0	0	0	0	0	0	0	0	0	0	0	37	0	325	0	0	28	0	7	0	0	0	0	0	0	0	0	15	0	0	30	0	0	51	0	0	0	0	0	0	0	7
108	assemblage-776-769	0	0	0	0	0	0	0	0	0	0	0	22	0	0	0	16	0	4	0	0	0	0	0	0	0	0	0	0	0	414	0	0	0	0	38	0	0	0	0	0	0	0	0	0	0	6
108	assemblage-386-263	30	3	0	0	0	0	0	0	0	19	0	0	0	7	0	0	0	0	0	0	0	0	0	0	0	0	0	0	0	0	0	0	0	0	0	0	0	0	0	423	0	0	0	0	0	18

109	assemblage-772-154	0	0	0	0	0	0	0	0	0	0	0	0	0	0	0	37	0	325	0	0	28	0	7	0	0	0	0	0	0	0	0	15	0	0	30	0	0	51	0	0	0	0	0	0	0	7
109	assemblage-776-769	0	0	0	0	0	0	0	0	0	0	0	22	0	0	0	16	0	4	0	0	0	0	0	0	0	0	0	0	0	414	0	0	0	0	38	0	0	0	0	0	0	0	0	0	0	6
109	assemblage-127-489	0	70	0	0	0	0	0	0	0	17	5	0	0	0	0	0	22	0	0	0	0	8	0	0	0	0	0	0	0	0	0	0	0	0	0	0	3	0	0	372	0	0	0	0	0	3

110	assemblage-772-154	0	0	0	0	0	0	0	0	0	0	0	0	0	0	0	37	0	325	0	0	28	0	7	0	0	0	0	0	0	0	0	15	0	0	30	0	0	51	0	0	0	0	0	0	0	7
110	assemblage-776-769	0	0	0	0	0	0	0	0	0	0	0	22	0	0	0	16	0	4	0	0	0	0	0	0	0	0	0	0	0	414	0	0	0	0	38	0	0	0	0	0	0	0	0	0	0	6
110	assemblage-764-521	0	32	0	0	0	0	0	0	0	0	0	0	0	0	0	0	197	0	0	0	0	0	0	0	0	0	0	0	0	0	0	0	0	0	0	0	0	0	0	186	0	0	0	0	76	9

111	assemblage-772-154	0	0	0	0	0	0	0	0	0	0	0	0	0	0	0	37	0	325	0	0	28	0	7	0	0	0	0	0	0	0	0	15	0	0	30	0	0	51	0	0	0	0	0	0	0	7
111	assemblage-153-925	0	25	0	0	0	0	0	0	0	10	0	0	0	0	0	0	28	0	10	0	0	0	0	0	0	0	0	0	0	0	0	0	0	0	6	0	0	364	0	53	0	0	0	0	0	4
111	assemblage-127-489	0	70	0	0	0	0	0	0	0	17	5	0	0	0	0	0	22	0	0	0	0	8	0	0	0	0	0	0	0	0	0	0	0	0	0	0	3	0	0	372	0	0	0	0	0	3

112	assemblage-772-154	0	0	0	0	0	0	0	0	0	0	0	0	0	0	0	37	0	325	0	0	28	0	7	0	0	0	0	0	0	0	0	15	0	0	30	0	0	51	0	0	0	0	0	0	0	7
112	assemblage-106-503	0	202	0	67	0	0	0	0	0	137	0	0	0	0	0	0	0	0	0	0	0	0	0	0	0	0	0	0	0	0	0	0	0	0	0	0	0	0	0	85	0	0	0	0	0	9
112	assemblage-127-489	0	70	0	0	0	0	0	0	0	17	5	0	0	0	0	0	22	0	0	0	0	8	0	0	0	0	0	0	0	0	0	0	0	0	0	0	3	0	0	372	0	0	0	0	0	3

113	assemblage-772-154	0	0	0	0	0	0	0	0	0	0	0	0	0	0	0	37	0	325	0	0	28	0	7	0	0	0	0	0	0	0	0	15	0	0	30	0	0	51	0	0	0	0	0	0	0	7
113	assemblage-106-503	0	202	0	67	0	0	0	0	0	137	0	0	0	0	0	0	0	0	0	0	0	0	0	0	0	0	0	0	0	0	0	0	0	0	0	0	0	0	0	85	0	0	0	0	0	9
113	assemblage-764-521	0	32	0	0	0	0	0	0	0	0	0	0	0	0	0	0	197	0	0	0	0	0	0	0	0	0	0	0	0	0	0	0	0	0	0	0	0	0	0	186	0	0	0	0	76	9

114	assemblage-772-154	0	0	0	0	0	0	0	0	0	0	0	0	0	0	0	37	0	325	0	0	28	0	7	0	0	0	0	0	0	0	0	15	0	0	30	0	0	51	0	0	0	0	0	0	0	7
114	assemblage-463-661	0	13	0	0	0	0	0	0	0	0	0	0	0	0	0	365	0	49	0	0	0	0	0	0	0	0	0	0	0	0	0	0	0	0	28	0	0	34	0	0	0	0	0	0	0	11
114	assemblage-127-489	0	70	0	0	0	0	0	0	0	17	5	0	0	0	0	0	22	0	0	0	0	8	0	0	0	0	0	0	0	0	0	0	0	0	0	0	3	0	0	372	0	0	0	0	0	3

115	assemblage-772-154	0	0	0	0	0	0	0	0	0	0	0	0	0	0	0	37	0	325	0	0	28	0	7	0	0	0	0	0	0	0	0	15	0	0	30	0	0	51	0	0	0	0	0	0	0	7
115	assemblage-463-661	0	13	0	0	0	0	0	0	0	0	0	0	0	0	0	365	0	49	0	0	0	0	0	0	0	0	0	0	0	0	0	0	0	0	28	0	0	34	0	0	0	0	0	0	0	11
115	assemblage-764-521	0	32	0	0	0	0	0	0	0	0	0	0	0	0	0	0	197	0	0	0	0	0	0	0	0	0	0	0	0	0	0	0	0	0	0	0	0	0	0	186	0	0	0	0	76	9

116	assemblage-772-154	0	0	0	0	0	0	0	0	0	0	0	0	0	0	0	37	0	325	0	0	28	0	7	0	0	0	0	0	0	0	0	15	0	0	30	0	0	51	0	0	0	0	0	0	0	7
116	assemblage-463-661	0	13	0	0	0	0	0	0	0	0	0	0	0	0	0	365	0	49	0	0	0	0	0	0	0	0	0	0	0	0	0	0	0	0	28	0	0	34	0	0	0	0	0	0	0	11
116	assemblage-329-265	0	91	0	23	0	0	0	0	0	43	0	0	0	0	0	0	55	0	0	0	0	0	0	0	0	0	0	0	0	0	0	0	0	0	0	0	0	29	0	231	0	0	0	0	17	11

117	assemblage-772-154	0	0	0	0	0	0	0	0	0	0	0	0	0	0	0	37	0	325	0	0	28	0	7	0	0	0	0	0	0	0	0	15	0	0	30	0	0	51	0	0	0	0	0	0	0	7
117	assemblage-463-661	0	13	0	0	0	0	0	0	0	0	0	0	0	0	0	365	0	49	0	0	0	0	0	0	0	0	0	0	0	0	0	0	0	0	28	0	0	34	0	0	0	0	0	0	0	11
117	assemblage-776-769	0	0	0	0	0	0	0	0	0	0	0	22	0	0	0	16	0	4	0	0	0	0	0	0	0	0	0	0	0	414	0	0	0	0	38	0	0	0	0	0	0	0	0	0	0	6

118	assemblage-772-154	0	0	0	0	0	0	0	0	0	0	0	0	0	0	0	37	0	325	0	0	28	0	7	0	0	0	0	0	0	0	0	15	0	0	30	0	0	51	0	0	0	0	0	0	0	7
118	assemblage-463-661	0	13	0	0	0	0	0	0	0	0	0	0	0	0	0	365	0	49	0	0	0	0	0	0	0	0	0	0	0	0	0	0	0	0	28	0	0	34	0	0	0	0	0	0	0	11
118	assemblage-106-503	0	202	0	67	0	0	0	0	0	137	0	0	0	0	0	0	0	0	0	0	0	0	0	0	0	0	0	0	0	0	0	0	0	0	0	0	0	0	0	85	0	0	0	0	0	9

119	assemblage-228-424	0	33	0	0	0	0	0	0	0	0	0	0	0	0	0	0	0	102	0	0	0	0	0	0	0	0	0	0	0	0	0	0	0	0	0	0	0	351	0	0	0	0	0	0	0	14
119	assemblage-386-263	30	3	0	0	0	0	0	0	0	19	0	0	0	7	0	0	0	0	0	0	0	0	0	0	0	0	0	0	0	0	0	0	0	0	0	0	0	0	0	423	0	0	0	0	0	18
119	assemblage-692-143	0	0	0	0	0	0	0	0	0	0	0	0	0	0	0	208	0	0	0	0	22	0	0	62	0	0	0	0	0	0	0	0	0	0	193	0	0	0	0	0	0	6	0	0	0	9

120	assemblage-228-424	0	33	0	0	0	0	0	0	0	0	0	0	0	0	0	0	0	102	0	0	0	0	0	0	0	0	0	0	0	0	0	0	0	0	0	0	0	351	0	0	0	0	0	0	0	14
120	assemblage-453-654	0	35	0	0	0	0	0	0	0	0	0	0	0	0	0	0	0	108	0	0	0	0	0	0	0	0	0	0	0	0	0	0	0	0	0	0	0	341	0	0	0	0	0	0	0	16
120	assemblage-384-269	34	6	0	0	0	0	0	0	0	29	0	0	0	8	0	0	0	0	0	0	0	0	0	0	0	0	0	0	0	0	0	0	0	0	0	0	0	0	0	403	0	0	0	0	0	20

121	assemblage-228-424	0	33	0	0	0	0	0	0	0	0	0	0	0	0	0	0	0	102	0	0	0	0	0	0	0	0	0	0	0	0	0	0	0	0	0	0	0	351	0	0	0	0	0	0	0	14
121	assemblage-453-654	0	35	0	0	0	0	0	0	0	0	0	0	0	0	0	0	0	108	0	0	0	0	0	0	0	0	0	0	0	0	0	0	0	0	0	0	0	341	0	0	0	0	0	0	0	16
121	assemblage-381-173	0	0	0	0	0	0	0	0	0	0	0	0	0	0	0	141	0	0	0	0	0	0	0	0	53	0	0	0	0	11	0	0	0	0	267	0	0	0	0	0	0	0	0	0	0	28

122	assemblage-228-424	0	33	0	0	0	0	0	0	0	0	0	0	0	0	0	0	0	102	0	0	0	0	0	0	0	0	0	0	0	0	0	0	0	0	0	0	0	351	0	0	0	0	0	0	0	14
122	assemblage-453-654	0	35	0	0	0	0	0	0	0	0	0	0	0	0	0	0	0	108	0	0	0	0	0	0	0	0	0	0	0	0	0	0	0	0	0	0	0	341	0	0	0	0	0	0	0	16
122	assemblage-692-143	0	0	0	0	0	0	0	0	0	0	0	0	0	0	0	208	0	0	0	0	22	0	0	62	0	0	0	0	0	0	0	0	0	0	193	0	0	0	0	0	0	6	0	0	0	9

123	assemblage-228-424	0	33	0	0	0	0	0	0	0	0	0	0	0	0	0	0	0	102	0	0	0	0	0	0	0	0	0	0	0	0	0	0	0	0	0	0	0	351	0	0	0	0	0	0	0	14
123	assemblage-453-654	0	35	0	0	0	0	0	0	0	0	0	0	0	0	0	0	0	108	0	0	0	0	0	0	0	0	0	0	0	0	0	0	0	0	0	0	0	341	0	0	0	0	0	0	0	16
123	assemblage-587-643	0	0	0	0	0	0	0	0	0	0	0	0	0	0	0	34	0	314	0	0	33	0	9	0	0	0	0	0	0	0	0	22	0	0	33	0	0	48	0	0	0	0	0	0	0	7

124	assemblage-228-424	0	33	0	0	0	0	0	0	0	0	0	0	0	0	0	0	0	102	0	0	0	0	0	0	0	0	0	0	0	0	0	0	0	0	0	0	0	351	0	0	0	0	0	0	0	14
124	assemblage-453-654	0	35	0	0	0	0	0	0	0	0	0	0	0	0	0	0	0	108	0	0	0	0	0	0	0	0	0	0	0	0	0	0	0	0	0	0	0	341	0	0	0	0	0	0	0	16
124	assemblage-386-263	30	3	0	0	0	0	0	0	0	19	0	0	0	7	0	0	0	0	0	0	0	0	0	0	0	0	0	0	0	0	0	0	0	0	0	0	0	0	0	423	0	0	0	0	0	18

125	assemblage-228-424	0	33	0	0	0	0	0	0	0	0	0	0	0	0	0	0	0	102	0	0	0	0	0	0	0	0	0	0	0	0	0	0	0	0	0	0	0	351	0	0	0	0	0	0	0	14
125	assemblage-764-521	0	32	0	0	0	0	0	0	0	0	0	0	0	0	0	0	197	0	0	0	0	0	0	0	0	0	0	0	0	0	0	0	0	0	0	0	0	0	0	186	0	0	0	0	76	9
125	assemblage-692-143	0	0	0	0	0	0	0	0	0	0	0	0	0	0	0	208	0	0	0	0	22	0	0	62	0	0	0	0	0	0	0	0	0	0	193	0	0	0	0	0	0	6	0	0	0	9

126	assemblage-228-424	0	33	0	0	0	0	0	0	0	0	0	0	0	0	0	0	0	102	0	0	0	0	0	0	0	0	0	0	0	0	0	0	0	0	0	0	0	351	0	0	0	0	0	0	0	14
126	assemblage-764-521	0	32	0	0	0	0	0	0	0	0	0	0	0	0	0	0	197	0	0	0	0	0	0	0	0	0	0	0	0	0	0	0	0	0	0	0	0	0	0	186	0	0	0	0	76	9
126	assemblage-127-489	0	70	0	0	0	0	0	0	0	17	5	0	0	0	0	0	22	0	0	0	0	8	0	0	0	0	0	0	0	0	0	0	0	0	0	0	3	0	0	372	0	0	0	0	0	3

127	assemblage-228-424	0	33	0	0	0	0	0	0	0	0	0	0	0	0	0	0	0	102	0	0	0	0	0	0	0	0	0	0	0	0	0	0	0	0	0	0	0	351	0	0	0	0	0	0	0	14
127	assemblage-296-429	0	21	0	0	0	0	0	0	0	0	0	0	0	0	0	332	0	57	0	0	0	0	0	0	0	0	0	0	0	0	0	0	0	0	36	0	0	36	0	0	0	0	0	0	0	18
127	assemblage-692-143	0	0	0	0	0	0	0	0	0	0	0	0	0	0	0	208	0	0	0	0	22	0	0	62	0	0	0	0	0	0	0	0	0	0	193	0	0	0	0	0	0	6	0	0	0	9

128	assemblage-228-424	0	33	0	0	0	0	0	0	0	0	0	0	0	0	0	0	0	102	0	0	0	0	0	0	0	0	0	0	0	0	0	0	0	0	0	0	0	351	0	0	0	0	0	0	0	14
128	assemblage-296-429	0	21	0	0	0	0	0	0	0	0	0	0	0	0	0	332	0	57	0	0	0	0	0	0	0	0	0	0	0	0	0	0	0	0	36	0	0	36	0	0	0	0	0	0	0	18
128	assemblage-386-263	30	3	0	0	0	0	0	0	0	19	0	0	0	7	0	0	0	0	0	0	0	0	0	0	0	0	0	0	0	0	0	0	0	0	0	0	0	0	0	423	0	0	0	0	0	18

129	assemblage-228-424	0	33	0	0	0	0	0	0	0	0	0	0	0	0	0	0	0	102	0	0	0	0	0	0	0	0	0	0	0	0	0	0	0	0	0	0	0	351	0	0	0	0	0	0	0	14
129	assemblage-382-196	0	0	0	0	0	0	0	0	0	0	0	0	0	0	0	208	0	0	0	0	17	0	0	52	0	0	0	0	0	0	0	0	0	0	206	0	0	0	0	0	0	0	0	0	0	17
129	assemblage-692-143	0	0	0	0	0	0	0	0	0	0	0	0	0	0	0	208	0	0	0	0	22	0	0	62	0	0	0	0	0	0	0	0	0	0	193	0	0	0	0	0	0	6	0	0	0	9

130	assemblage-228-424	0	33	0	0	0	0	0	0	0	0	0	0	0	0	0	0	0	102	0	0	0	0	0	0	0	0	0	0	0	0	0	0	0	0	0	0	0	351	0	0	0	0	0	0	0	14
130	assemblage-329-265	0	91	0	23	0	0	0	0	0	43	0	0	0	0	0	0	55	0	0	0	0	0	0	0	0	0	0	0	0	0	0	0	0	0	0	0	0	29	0	231	0	0	0	0	17	11
130	assemblage-692-143	0	0	0	0	0	0	0	0	0	0	0	0	0	0	0	208	0	0	0	0	22	0	0	62	0	0	0	0	0	0	0	0	0	0	193	0	0	0	0	0	0	6	0	0	0	9

131	assemblage-228-424	0	33	0	0	0	0	0	0	0	0	0	0	0	0	0	0	0	102	0	0	0	0	0	0	0	0	0	0	0	0	0	0	0	0	0	0	0	351	0	0	0	0	0	0	0	14
131	assemblage-329-265	0	91	0	23	0	0	0	0	0	43	0	0	0	0	0	0	55	0	0	0	0	0	0	0	0	0	0	0	0	0	0	0	0	0	0	0	0	29	0	231	0	0	0	0	17	11
131	assemblage-127-489	0	70	0	0	0	0	0	0	0	17	5	0	0	0	0	0	22	0	0	0	0	8	0	0	0	0	0	0	0	0	0	0	0	0	0	0	3	0	0	372	0	0	0	0	0	3

132	assemblage-228-424	0	33	0	0	0	0	0	0	0	0	0	0	0	0	0	0	0	102	0	0	0	0	0	0	0	0	0	0	0	0	0	0	0	0	0	0	0	351	0	0	0	0	0	0	0	14
132	assemblage-329-265	0	91	0	23	0	0	0	0	0	43	0	0	0	0	0	0	55	0	0	0	0	0	0	0	0	0	0	0	0	0	0	0	0	0	0	0	0	29	0	231	0	0	0	0	17	11
132	assemblage-764-521	0	32	0	0	0	0	0	0	0	0	0	0	0	0	0	0	197	0	0	0	0	0	0	0	0	0	0	0	0	0	0	0	0	0	0	0	0	0	0	186	0	0	0	0	76	9

133	assemblage-228-424	0	33	0	0	0	0	0	0	0	0	0	0	0	0	0	0	0	102	0	0	0	0	0	0	0	0	0	0	0	0	0	0	0	0	0	0	0	351	0	0	0	0	0	0	0	14
133	assemblage-106-503	0	202	0	67	0	0	0	0	0	137	0	0	0	0	0	0	0	0	0	0	0	0	0	0	0	0	0	0	0	0	0	0	0	0	0	0	0	0	0	85	0	0	0	0	0	9
133	assemblage-692-143	0	0	0	0	0	0	0	0	0	0	0	0	0	0	0	208	0	0	0	0	22	0	0	62	0	0	0	0	0	0	0	0	0	0	193	0	0	0	0	0	0	6	0	0	0	9

134	assemblage-228-424	0	33	0	0	0	0	0	0	0	0	0	0	0	0	0	0	0	102	0	0	0	0	0	0	0	0	0	0	0	0	0	0	0	0	0	0	0	351	0	0	0	0	0	0	0	14
134	assemblage-106-503	0	202	0	67	0	0	0	0	0	137	0	0	0	0	0	0	0	0	0	0	0	0	0	0	0	0	0	0	0	0	0	0	0	0	0	0	0	0	0	85	0	0	0	0	0	9
134	assemblage-127-489	0	70	0	0	0	0	0	0	0	17	5	0	0	0	0	0	22	0	0	0	0	8	0	0	0	0	0	0	0	0	0	0	0	0	0	0	3	0	0	372	0	0	0	0	0	3

135	assemblage-228-424	0	33	0	0	0	0	0	0	0	0	0	0	0	0	0	0	0	102	0	0	0	0	0	0	0	0	0	0	0	0	0	0	0	0	0	0	0	351	0	0	0	0	0	0	0	14
135	assemblage-106-503	0	202	0	67	0	0	0	0	0	137	0	0	0	0	0	0	0	0	0	0	0	0	0	0	0	0	0	0	0	0	0	0	0	0	0	0	0	0	0	85	0	0	0	0	0	9
135	assemblage-764-521	0	32	0	0	0	0	0	0	0	0	0	0	0	0	0	0	197	0	0	0	0	0	0	0	0	0	0	0	0	0	0	0	0	0	0	0	0	0	0	186	0	0	0	0	76	9

136	assemblage-228-424	0	33	0	0	0	0	0	0	0	0	0	0	0	0	0	0	0	102	0	0	0	0	0	0	0	0	0	0	0	0	0	0	0	0	0	0	0	351	0	0	0	0	0	0	0	14
136	assemblage-463-661	0	13	0	0	0	0	0	0	0	0	0	0	0	0	0	365	0	49	0	0	0	0	0	0	0	0	0	0	0	0	0	0	0	0	28	0	0	34	0	0	0	0	0	0	0	11
136	assemblage-692-143	0	0	0	0	0	0	0	0	0	0	0	0	0	0	0	208	0	0	0	0	22	0	0	62	0	0	0	0	0	0	0	0	0	0	193	0	0	0	0	0	0	6	0	0	0	9

137	assemblage-228-424	0	33	0	0	0	0	0	0	0	0	0	0	0	0	0	0	0	102	0	0	0	0	0	0	0	0	0	0	0	0	0	0	0	0	0	0	0	351	0	0	0	0	0	0	0	14
137	assemblage-463-661	0	13	0	0	0	0	0	0	0	0	0	0	0	0	0	365	0	49	0	0	0	0	0	0	0	0	0	0	0	0	0	0	0	0	28	0	0	34	0	0	0	0	0	0	0	11
137	assemblage-776-769	0	0	0	0	0	0	0	0	0	0	0	22	0	0	0	16	0	4	0	0	0	0	0	0	0	0	0	0	0	414	0	0	0	0	38	0	0	0	0	0	0	0	0	0	0	6

138	assemblage-228-424	0	33	0	0	0	0	0	0	0	0	0	0	0	0	0	0	0	102	0	0	0	0	0	0	0	0	0	0	0	0	0	0	0	0	0	0	0	351	0	0	0	0	0	0	0	14
138	assemblage-772-154	0	0	0	0	0	0	0	0	0	0	0	0	0	0	0	37	0	325	0	0	28	0	7	0	0	0	0	0	0	0	0	15	0	0	30	0	0	51	0	0	0	0	0	0	0	7
138	assemblage-587-643	0	0	0	0	0	0	0	0	0	0	0	0	0	0	0	34	0	314	0	0	33	0	9	0	0	0	0	0	0	0	0	22	0	0	33	0	0	48	0	0	0	0	0	0	0	7

139	assemblage-228-424	0	33	0	0	0	0	0	0	0	0	0	0	0	0	0	0	0	102	0	0	0	0	0	0	0	0	0	0	0	0	0	0	0	0	0	0	0	351	0	0	0	0	0	0	0	14
139	assemblage-772-154	0	0	0	0	0	0	0	0	0	0	0	0	0	0	0	37	0	325	0	0	28	0	7	0	0	0	0	0	0	0	0	15	0	0	30	0	0	51	0	0	0	0	0	0	0	7
139	assemblage-776-769	0	0	0	0	0	0	0	0	0	0	0	22	0	0	0	16	0	4	0	0	0	0	0	0	0	0	0	0	0	414	0	0	0	0	38	0	0	0	0	0	0	0	0	0	0	6

