Assemblage_Name	6278862-0-4	1-1-1	3-5437308-1	4122708-6092088-1	3137862-0-4	1-0-4	4122708-7696843-9020058	4122708-9524480-1	7994592-7057881-4798394	4122708-8858550-9020058	4122708-368458-1	4122708-7057881-8728393	4122708-5054630-1	4122708-533743-4183744	8291512-5796611-5909726	3-0-885661	4122708-4111701-1	4451947-7057881-9020058	3156360-0-1	0-7182328-3	5901222-8746381-1	7994592-7057881-9020058	0-1-3	8593696-7057881-7668173	5901222-7057881-1	4122708-4512747-1	6877217-0-1	4979587-7057881-1	1-1419806-4	7994592-5945578-9020058	1-1-6445342	3-7056631-1	2-2-4	3-4646215-1	4122708-2548673-1	4122708-9173726-3597671	5901222-8819837-1	9982968-7057881-1	3-1-1	3-1-4	3100670-7057881-1	4122708-6764257-1	240441-0-4	4122708-7057881-7668173	4122708-7057881-9318974	4122708-7057881-7880574	4122708-9173726-1	4122708-2229869-9020058	8223918-7057881-9020058	1-0-7788596	0-5796611-3	4122708-7057881-1	4122708-7057881-9020058	2071973-0-4	2936605-5796611-3	0-5796611-6495450	3-0-1	4122708-7057881-4183744	4122708-8447117-1	4122708-8378225-1	1326126-7057881-1	1326126-6150652-1	6688220-7057881-9020058	4122708-3410732-1	9438794-7057881-1	3-3-4	4122708-5387930-1	0-5796611-5909726	9704867-7057881-9020058	1017114-5796611-5909726	4122708-9173726-505969	4122708-9173726-3063168
assemblage-663-968	0	0	0	0	0	0	0	0	0	0	0	0	0	0	0	0	0	16	0	0	0	0	0	0	0	0	0	0	0	0	0	0	0	0	0	0	0	0	0	0	0	0	0	0	0	0	196	50	0	0	0	8	219	0	0	0	0	0	0	0	0	0	0	0	0	0	0	0	0	0	0	11
assemblage-832-789	0	0	0	0	0	0	0	0	0	0	0	0	10	0	0	0	0	0	0	0	0	0	0	0	0	0	0	0	0	0	0	0	0	0	0	0	10	0	0	0	0	0	0	0	0	0	0	0	12	0	0	9	389	0	0	0	0	0	0	0	38	0	0	0	0	0	0	0	26	0	0	6
assemblage-549-432	0	0	0	0	0	0	0	0	0	0	0	0	0	0	0	0	0	0	0	0	0	36	0	0	0	0	0	0	0	0	0	0	0	0	8	0	0	0	0	0	0	0	0	0	0	0	0	0	0	0	0	414	21	0	0	0	0	0	0	0	0	0	0	0	0	0	0	0	0	0	0	21
assemblage-637-948	0	0	0	0	0	0	0	0	0	0	0	0	0	0	0	0	0	28	0	0	0	0	0	0	0	0	0	0	0	0	0	0	0	0	0	0	0	0	0	0	0	0	0	0	0	0	179	58	0	0	0	4	217	0	0	0	0	0	0	0	0	0	0	0	0	0	7	0	0	0	0	7
assemblage-653-972	0	0	0	0	0	0	0	31	0	0	0	0	0	0	0	0	0	0	0	0	0	0	0	0	11	0	0	0	0	0	0	0	0	0	0	0	0	0	0	0	0	0	0	0	0	0	367	0	0	0	0	25	0	0	0	0	0	37	0	0	0	0	0	0	0	0	0	0	0	0	17	12
assemblage-750-626	0	0	0	0	0	0	0	0	0	0	0	0	0	0	8	0	0	0	0	0	0	0	121	0	0	0	0	0	0	0	0	0	0	0	0	0	0	0	111	0	0	0	0	0	0	0	0	0	0	0	101	0	0	0	42	0	0	0	0	0	0	0	0	0	0	0	0	100	0	0	0	17
assemblage-834-809	0	0	0	0	0	0	0	0	0	0	0	0	6	0	0	0	0	0	0	0	0	0	0	0	0	0	0	0	0	0	0	0	0	0	0	0	17	0	0	0	0	0	0	0	0	0	0	0	5	0	0	9	392	0	0	0	0	0	0	0	36	0	0	0	0	0	0	0	31	0	0	4
assemblage-639-332	0	0	4	0	0	0	0	0	0	0	0	0	0	0	0	0	0	0	0	0	0	0	0	0	0	0	8	0	0	0	0	0	0	55	0	0	0	0	0	0	0	0	0	0	0	0	0	0	0	0	0	0	0	0	0	0	417	0	0	0	0	0	0	0	0	0	0	0	0	0	0	16
assemblage-749-590	0	0	0	0	0	0	0	0	0	0	0	0	0	0	16	0	0	0	0	0	0	0	115	0	0	0	0	0	0	0	0	0	0	0	0	0	0	0	103	0	0	0	0	0	0	0	0	0	0	0	110	0	0	0	51	0	0	0	0	0	0	0	0	0	0	0	0	95	0	0	0	10
assemblage-788-907	0	0	0	0	0	20	0	0	0	0	0	0	0	0	0	0	0	0	0	0	0	0	0	0	0	0	0	0	0	0	0	0	0	0	0	0	0	0	0	0	0	0	0	0	0	0	0	0	0	0	0	418	0	0	0	0	17	0	0	0	0	0	0	0	0	0	0	32	0	0	0	13
assemblage-431-697	0	0	0	0	0	0	0	19	0	0	0	0	0	0	0	0	0	0	0	0	0	0	0	0	9	0	0	0	0	0	0	0	0	0	0	0	0	0	0	0	0	0	0	0	0	0	397	0	0	0	0	20	0	0	0	0	0	36	0	0	0	0	0	0	0	0	0	0	0	0	11	8
assemblage-393-831	0	0	0	0	0	177	0	0	0	0	0	0	0	0	0	0	0	0	0	0	0	0	0	0	0	0	0	0	0	0	0	0	0	0	0	0	0	0	0	0	0	0	0	0	0	0	0	0	0	0	0	319	0	0	0	0	0	0	0	0	0	0	0	0	0	0	0	0	0	0	0	4
assemblage-752-785	0	0	0	0	0	24	0	0	0	0	0	0	0	0	0	0	0	0	0	0	0	0	0	0	0	0	0	0	0	0	0	0	0	0	0	0	0	0	0	0	0	0	0	0	0	0	0	0	0	0	0	410	0	0	0	0	14	0	0	0	0	0	0	0	0	0	0	35	0	0	0	17
assemblage-840-332	0	0	0	0	0	0	0	0	0	0	0	0	0	0	0	0	0	0	0	0	0	0	0	37	0	0	0	0	0	0	0	0	0	0	0	0	0	0	0	0	0	0	0	194	0	0	14	0	0	0	0	45	168	0	0	0	0	0	0	0	0	0	0	0	0	0	0	0	27	0	0	15
assemblage-895-640	0	0	0	0	0	0	0	31	0	0	0	0	0	0	0	0	0	0	0	0	0	0	0	0	8	0	0	0	0	0	0	0	0	0	0	0	0	0	0	0	0	0	0	0	0	0	384	0	0	0	0	24	0	0	0	0	0	33	0	0	0	0	0	0	0	0	0	0	0	0	0	20
assemblage-762-980	0	0	0	0	0	161	0	0	0	0	0	0	0	0	0	0	0	0	0	0	0	0	0	0	0	0	0	0	0	0	0	0	0	0	0	0	0	0	0	0	0	0	0	0	0	0	0	0	0	0	0	330	0	0	0	0	0	0	0	0	0	0	0	0	0	0	0	0	0	0	0	9
assemblage-766-603	0	0	0	0	0	0	0	0	0	0	0	0	0	0	8	0	0	0	0	0	0	0	159	0	0	0	0	0	0	0	0	0	0	0	0	0	0	0	100	0	0	0	0	0	0	0	0	0	0	0	106	0	0	0	29	0	0	0	0	0	0	0	0	0	0	0	0	84	0	0	0	14
assemblage-737-767	0	0	0	0	53	370	0	0	0	0	0	0	0	0	0	0	0	0	3	0	0	0	0	0	0	0	0	0	0	0	0	0	0	0	0	0	0	0	0	0	0	0	0	0	0	0	0	0	0	0	0	0	0	0	0	0	56	0	0	0	0	0	0	0	0	0	0	0	0	0	0	18
assemblage-663-744	0	0	0	0	0	0	0	0	0	0	0	0	0	0	0	0	0	0	0	0	0	30	0	0	0	0	0	0	0	0	0	0	0	0	6	0	0	0	0	0	0	0	0	0	0	0	0	0	0	0	0	425	15	0	0	0	0	0	0	0	0	0	0	6	0	0	0	0	0	0	0	18
assemblage-726-965	0	0	0	0	19	0	0	0	0	0	0	9	0	0	0	0	0	0	0	0	0	6	0	0	0	0	0	0	0	0	0	0	0	0	0	0	0	0	0	0	0	0	0	0	0	0	0	0	0	0	0	322	128	0	0	0	0	0	0	0	0	0	0	0	0	0	0	0	0	0	0	16
assemblage-379-102	0	0	0	0	0	0	0	0	0	0	0	0	0	0	0	0	0	0	0	0	0	0	0	41	0	0	0	0	0	0	0	0	0	0	0	0	0	0	0	0	0	0	0	218	0	0	17	0	0	0	0	38	138	0	0	0	0	0	0	0	4	0	0	0	0	0	0	0	36	0	0	8
assemblage-762-609	0	0	0	0	0	0	0	0	0	0	0	0	0	0	11	0	0	0	0	0	0	0	101	0	0	0	0	0	0	0	0	0	0	0	0	0	0	0	116	0	0	0	0	0	0	0	0	0	0	0	120	0	0	0	48	0	0	0	0	0	0	0	0	0	0	0	0	95	0	0	0	9
assemblage-753-770	0	0	0	0	47	371	0	0	0	0	0	0	0	0	0	0	0	0	9	0	0	0	0	0	0	0	0	0	0	0	0	0	0	0	0	0	0	0	0	0	0	0	0	0	0	0	0	0	0	0	0	0	0	0	0	0	62	0	0	0	0	0	0	0	0	0	0	0	0	0	0	11
assemblage-747-774	0	0	0	0	57	352	0	0	0	0	0	0	0	0	0	0	0	0	9	0	0	0	0	0	0	0	0	0	0	0	0	0	0	0	0	0	0	0	0	0	0	0	0	0	0	0	0	0	0	0	0	0	0	0	0	0	67	0	0	0	0	0	0	0	0	0	0	0	0	0	0	15
assemblage-381-816	0	0	0	0	0	140	0	0	0	0	0	0	0	0	0	0	0	0	0	0	0	0	0	0	0	0	0	0	0	0	0	0	0	0	0	0	0	0	0	0	0	0	0	0	0	0	0	0	0	0	0	353	0	0	0	0	0	0	0	0	0	0	0	0	0	0	0	0	0	0	0	7
assemblage-405-108	0	0	0	0	0	0	0	0	0	0	0	0	0	0	0	0	0	0	0	0	0	0	0	12	0	0	0	0	0	0	0	0	0	0	0	21	0	0	0	0	0	0	0	9	0	0	319	0	0	0	0	104	24	0	0	0	0	0	0	0	0	0	0	0	0	0	0	0	0	0	0	11
assemblage-855-346	0	0	0	0	0	0	0	0	0	0	0	0	0	0	0	0	0	0	0	0	0	0	0	38	0	0	0	0	0	0	0	0	0	0	0	0	0	0	0	0	0	0	0	220	0	0	14	0	0	0	0	37	138	0	0	0	0	0	0	0	0	0	0	0	0	0	0	0	25	0	0	28
assemblage-944-541	0	0	0	0	0	0	0	0	0	0	0	0	0	0	0	0	0	0	0	0	0	34	0	0	0	0	0	0	0	0	0	0	0	0	7	0	0	0	0	0	0	0	0	0	0	0	0	0	0	0	0	421	19	0	0	0	0	0	0	0	0	0	0	0	0	0	0	0	0	0	0	19
assemblage-786-921	0	0	0	0	0	404	0	0	0	0	0	0	0	0	0	0	0	0	0	0	0	0	0	0	0	0	0	0	0	0	0	0	0	0	0	0	0	0	0	0	0	0	0	0	0	0	0	0	0	21	0	5	0	0	0	0	0	0	0	0	0	0	0	0	0	0	0	54	0	0	0	16
assemblage-684-767	0	0	0	0	0	3	0	0	0	0	0	0	0	0	0	0	0	0	0	0	0	35	0	0	244	0	0	0	0	0	0	0	0	0	0	0	0	0	0	0	0	0	0	0	0	0	6	0	0	0	0	177	23	0	0	0	0	0	0	0	0	0	0	0	0	0	0	0	0	0	0	12
assemblage-414-683	0	0	0	0	0	0	0	0	0	0	0	0	0	0	0	0	0	0	0	0	0	0	0	0	179	0	0	0	0	0	0	0	0	0	0	0	81	0	0	0	0	0	0	0	0	0	86	0	0	0	0	12	12	0	0	0	0	0	0	0	112	6	0	0	0	0	0	0	0	0	0	12
assemblage-653-962	0	0	0	0	0	0	0	9	0	0	0	0	0	0	0	0	0	0	0	0	0	0	0	0	9	0	0	0	0	0	0	0	0	0	0	0	0	0	0	0	0	0	0	0	0	0	416	0	0	0	0	23	0	0	0	0	0	24	0	0	0	0	0	0	0	0	0	0	0	0	0	19
assemblage-311-427	0	0	0	0	2	14	0	0	0	0	0	0	0	0	0	0	0	0	0	0	0	0	0	0	0	0	0	0	0	0	0	0	0	0	0	0	0	0	0	0	0	23	0	0	0	0	0	0	0	0	0	364	78	0	0	0	0	0	0	0	0	0	0	9	0	0	0	0	0	0	0	10
assemblage-426-694	0	0	0	0	0	0	0	0	0	0	13	0	0	8	0	0	0	0	0	0	0	0	0	0	0	0	0	0	0	0	0	0	0	0	0	0	0	0	0	0	0	0	0	0	0	0	0	0	0	0	0	351	16	0	0	0	0	90	0	0	0	0	0	0	0	0	0	0	0	0	0	22
assemblage-604-126	0	0	0	0	0	0	0	0	0	0	0	0	0	0	0	0	0	0	0	0	0	49	0	0	66	0	0	0	0	15	0	0	0	0	0	0	0	0	0	0	0	0	0	0	0	0	38	0	0	0	0	221	81	0	0	0	0	0	0	0	0	0	0	0	0	0	0	0	0	0	0	30
assemblage-783-921	0	0	0	0	0	417	0	0	0	0	0	0	0	0	0	0	0	0	0	0	0	0	0	0	0	0	0	0	0	0	0	0	0	0	0	0	0	0	0	0	0	0	0	0	0	0	0	0	0	20	0	8	0	0	0	0	0	0	0	0	0	0	0	0	0	0	0	46	0	0	0	9
assemblage-293-730	0	0	0	0	0	0	0	0	0	0	0	0	8	0	0	0	0	0	0	0	0	0	0	0	0	0	0	0	0	0	0	0	0	0	0	0	20	0	0	0	0	0	0	0	0	0	0	0	6	0	0	17	371	0	0	0	0	0	0	0	38	0	0	0	0	0	0	0	31	0	0	9
assemblage-431-667	0	0	0	0	0	0	0	0	0	0	14	0	0	0	0	0	0	0	0	0	0	0	0	0	0	0	0	0	0	0	0	0	0	0	0	0	0	0	0	0	0	0	0	0	0	0	0	0	0	0	0	330	18	0	0	0	0	121	0	0	0	0	0	0	0	0	0	0	0	0	0	17
assemblage-292-700	0	0	0	0	0	0	0	0	0	0	0	0	0	0	0	0	0	0	0	0	0	0	0	24	0	0	0	0	0	0	0	0	0	0	0	28	0	0	0	0	0	0	0	11	0	0	324	0	0	0	0	77	26	0	0	0	0	0	0	0	0	0	0	0	0	0	0	0	0	0	0	10
assemblage-726-971	0	0	0	0	0	123	0	0	0	0	0	0	0	0	0	0	0	0	0	0	0	0	0	0	0	0	0	0	0	0	0	0	0	0	0	0	0	0	0	0	0	0	0	0	0	0	0	0	0	0	0	366	0	0	0	0	0	0	0	0	0	0	0	0	0	0	0	0	0	0	0	11
assemblage-294-696	0	0	0	0	0	0	4	0	0	0	0	0	0	0	0	0	0	0	0	0	0	0	0	35	0	0	0	0	0	0	0	0	0	0	0	0	0	0	0	0	0	0	0	203	0	0	22	0	0	0	0	33	159	0	0	0	0	0	0	0	6	0	0	0	0	0	0	0	25	0	0	13
assemblage-399-81	0	0	0	0	0	0	0	0	0	0	0	0	0	0	0	0	0	0	0	0	0	0	0	0	0	0	0	0	0	0	0	0	0	0	0	0	0	0	0	0	0	0	0	0	4	0	25	0	0	0	0	0	107	0	0	0	0	0	0	0	342	0	0	0	0	0	0	0	0	0	0	22
assemblage-694-487	6	0	0	0	0	130	0	0	0	0	0	0	0	0	0	0	0	0	0	0	0	0	0	0	0	0	0	0	0	0	0	0	0	0	0	0	0	0	0	0	0	0	0	0	0	0	0	0	0	0	0	346	0	0	0	0	0	0	0	0	0	0	0	0	0	0	0	0	0	0	0	18
assemblage-379-112	0	0	0	0	0	0	0	0	0	0	0	0	7	0	0	0	0	0	0	0	0	0	0	0	0	0	0	0	0	0	0	0	0	0	0	0	15	0	0	0	0	0	0	0	0	0	0	0	5	0	0	8	393	0	0	0	0	0	0	0	36	0	0	0	0	0	0	0	28	0	0	8
assemblage-832-326	0	0	0	0	0	0	0	0	0	0	0	0	0	0	0	0	0	0	0	0	0	0	0	0	0	0	0	0	0	0	0	0	0	0	0	0	0	0	0	0	0	0	0	0	0	0	18	0	0	0	0	0	110	0	0	0	0	0	0	0	353	0	0	0	0	0	0	0	0	0	0	19
assemblage-597-123	0	0	0	3	0	0	0	0	3	0	0	0	0	0	0	0	0	0	0	0	0	105	0	0	0	0	0	0	0	57	0	0	0	0	0	0	0	0	0	0	0	0	0	0	0	0	0	0	0	0	0	141	176	0	0	0	0	0	0	0	0	0	0	6	0	0	0	0	0	0	0	9
assemblage-907-636	0	0	0	0	0	0	0	0	0	0	0	0	0	0	0	0	0	0	0	0	5	0	0	0	186	0	0	0	0	0	0	0	0	0	0	0	66	0	0	0	0	0	0	0	0	0	83	0	0	0	0	5	17	0	0	0	0	0	0	0	118	9	0	0	0	0	0	0	0	0	0	11
assemblage-907-621	0	0	0	0	0	0	0	0	0	0	0	0	0	0	0	0	0	20	0	0	0	0	0	0	0	0	0	0	0	0	0	0	0	0	0	0	0	0	0	0	0	0	0	0	0	0	170	57	0	0	0	0	228	0	0	0	0	0	0	0	0	0	0	0	0	0	12	0	0	0	0	13
assemblage-439-709	0	0	0	0	0	0	0	0	0	0	18	0	0	0	0	0	5	0	0	0	0	0	0	0	0	0	0	0	0	0	0	0	0	0	0	0	0	0	0	0	0	0	0	0	0	0	0	0	0	0	0	336	19	0	0	0	0	101	0	0	0	0	0	0	0	0	0	0	0	0	0	21
assemblage-546-416	0	0	0	0	0	0	0	0	0	0	0	0	0	0	0	0	0	0	0	0	0	0	0	0	0	0	0	4	0	0	0	0	0	0	0	0	0	0	0	0	0	0	0	0	0	0	110	0	0	0	0	241	112	0	0	0	0	0	0	19	0	0	0	0	0	0	0	0	0	0	0	14
assemblage-695-482	0	0	0	0	0	132	0	0	0	0	0	0	0	0	0	0	0	0	0	0	0	0	0	0	0	0	0	0	0	0	0	0	0	0	0	0	0	0	0	0	0	0	0	0	0	0	0	0	0	0	0	347	0	0	0	0	0	0	0	0	0	0	0	0	0	0	0	0	0	0	0	21
assemblage-648-341	0	0	0	0	0	0	0	0	0	0	0	0	0	0	0	0	0	0	0	0	0	0	0	0	0	0	0	0	0	0	0	0	0	0	0	0	0	0	0	0	0	0	0	0	0	0	0	0	0	0	0	330	0	0	0	17	15	0	0	0	0	0	0	0	0	0	0	121	0	0	0	17
assemblage-994-194	0	0	0	0	0	0	0	0	0	0	0	0	0	0	0	0	0	0	0	0	3	0	0	0	179	0	0	0	0	0	0	0	0	0	0	0	82	0	0	0	0	0	0	0	0	0	76	0	0	0	0	6	17	0	0	0	0	0	0	0	118	6	0	0	0	0	0	0	0	0	0	13
assemblage-657-318	0	0	5	0	0	0	0	0	0	0	0	0	0	0	0	8	0	0	0	0	0	0	0	0	0	0	0	0	0	0	0	0	0	49	0	0	0	0	0	0	0	0	0	0	0	0	0	0	0	0	0	0	0	0	0	0	428	0	0	0	0	0	0	0	0	0	0	0	0	0	0	10
assemblage-421-689	0	0	0	0	0	0	0	49	0	0	0	0	0	0	0	0	0	0	0	0	0	0	0	0	12	0	0	0	0	0	0	0	0	0	0	0	0	0	0	0	0	0	0	0	0	0	387	0	0	0	0	22	0	0	0	0	0	24	0	0	0	0	0	0	0	0	0	0	0	0	5	1
assemblage-716-481	0	0	0	0	0	161	0	0	0	0	0	0	0	0	0	0	0	0	0	0	0	0	0	0	0	0	0	0	0	0	0	0	0	0	0	0	0	0	0	0	0	0	0	0	0	0	0	0	0	0	0	322	0	0	0	0	0	0	0	0	0	0	0	0	0	0	0	0	0	0	0	17
assemblage-980-599	0	0	0	0	0	449	0	0	0	0	0	0	0	0	0	0	0	0	0	0	0	0	0	0	0	0	0	0	33	0	0	0	0	0	0	0	0	0	0	0	0	0	0	0	0	0	0	0	0	0	0	0	0	0	0	0	0	0	0	0	0	0	0	0	0	0	0	0	0	0	0	18
assemblage-990-203	0	0	0	0	0	0	0	0	0	0	21	0	0	0	0	0	4	0	0	0	0	0	0	0	8	0	0	0	0	0	0	0	0	0	0	0	0	0	0	0	0	0	0	0	0	0	10	0	0	0	0	330	10	0	0	0	0	106	0	0	0	0	0	0	0	0	0	0	0	0	0	11
assemblage-612-122	0	0	0	0	0	0	0	0	0	0	0	0	0	0	0	0	0	0	0	0	0	26	0	0	0	0	0	0	0	0	0	0	0	0	7	0	0	0	0	0	0	0	0	0	0	0	0	0	0	0	0	438	17	0	0	0	0	0	0	0	0	0	0	5	0	0	0	0	0	0	0	7
assemblage-311-717	0	0	0	0	0	0	0	0	0	0	0	0	0	0	0	0	0	0	0	0	0	0	0	24	0	0	0	0	0	0	0	0	0	0	0	24	0	0	0	0	0	0	0	9	0	0	322	0	0	0	0	96	20	0	0	0	0	0	0	0	0	0	0	0	0	0	0	0	0	0	0	5
assemblage-643-323	0	0	0	0	0	400	0	0	0	0	0	0	0	0	0	0	0	0	0	0	0	0	0	0	0	0	0	0	0	0	0	0	0	0	0	0	0	0	0	0	0	0	0	0	0	0	0	0	0	16	0	0	0	0	0	0	0	0	0	0	0	0	0	0	0	0	0	66	0	8	0	10
assemblage-836-798	0	0	0	0	0	0	0	0	0	0	0	0	0	0	0	0	0	0	0	0	0	0	0	10	0	0	0	0	0	0	0	0	0	0	0	19	0	0	0	0	0	0	0	7	0	0	346	0	0	0	0	86	15	0	0	0	0	0	0	0	0	0	0	0	0	0	0	0	0	0	0	17
assemblage-985-197	0	0	0	0	0	0	0	0	0	0	0	0	0	0	0	0	0	0	0	0	0	0	0	0	188	0	0	0	0	0	0	0	0	0	0	0	49	0	0	0	0	0	0	0	0	0	87	0	0	0	0	2	19	0	0	0	0	0	0	0	140	7	0	0	0	0	0	0	0	0	0	8
assemblage-659-328	0	0	0	0	0	389	0	0	0	0	0	0	0	0	0	0	0	0	0	0	0	0	0	0	0	0	0	0	0	0	0	0	0	0	0	0	0	0	0	0	0	0	0	0	0	0	0	0	0	17	0	4	0	0	0	0	0	0	0	0	0	0	0	0	0	0	0	69	0	6	0	15
assemblage-652-952	0	0	0	0	0	0	0	0	0	0	0	0	0	0	0	0	0	0	0	0	0	0	0	0	172	0	0	0	0	0	0	0	0	0	0	0	65	0	0	0	0	0	0	0	0	0	104	0	0	0	0	0	9	0	0	0	0	0	0	0	132	5	0	0	0	0	0	0	0	0	0	13
assemblage-162-852	0	0	0	0	0	18	0	0	0	0	0	0	0	0	0	0	0	0	0	0	0	0	0	0	0	0	0	0	0	0	0	0	0	0	0	0	0	0	0	0	0	0	0	0	0	0	0	0	0	0	0	388	0	0	0	0	33	0	0	0	0	0	0	0	0	0	0	31	0	0	0	30
assemblage-996-614	0	0	0	0	0	438	0	0	0	0	0	0	0	0	0	0	0	0	0	0	0	0	0	0	0	0	0	0	35	0	0	0	0	0	0	0	0	0	0	0	0	0	9	0	0	0	0	0	0	0	0	0	0	0	0	0	0	0	0	0	0	0	0	0	0	0	0	0	0	0	0	18
assemblage-843-799	0	0	0	0	0	0	0	0	0	0	0	0	0	0	0	0	0	0	0	0	0	0	0	35	0	0	0	0	0	0	0	0	0	0	0	0	0	0	0	0	0	0	0	217	0	0	17	0	0	0	0	44	142	0	0	0	0	0	0	0	0	0	0	0	0	0	0	0	28	0	0	17
assemblage-322-394	0	0	0	0	0	122	0	0	0	0	0	0	0	0	0	0	0	0	0	0	0	0	0	0	0	0	0	0	0	0	0	0	0	0	0	0	0	0	0	0	0	0	0	0	0	0	0	0	0	0	0	356	0	0	0	0	0	0	0	0	0	0	0	0	0	0	0	0	0	0	0	22
assemblage-731-788	0	0	0	0	0	415	0	0	0	0	0	0	0	0	0	0	0	0	0	0	0	0	0	0	0	0	0	0	0	0	0	0	0	0	0	0	0	0	0	0	0	0	0	0	0	0	0	0	0	17	0	0	0	0	0	0	0	0	0	0	0	0	0	0	0	0	0	59	0	0	0	9
assemblage-655-777	0	0	0	0	0	2	0	0	0	0	0	0	0	0	0	0	0	0	0	0	0	34	0	0	245	0	0	0	0	0	0	0	0	0	0	0	0	0	0	0	0	0	0	0	0	0	8	0	0	0	0	178	17	0	0	0	0	0	0	0	0	0	0	0	0	0	0	0	0	0	0	16
assemblage-660-329	0	0	0	0	0	6	0	0	0	0	0	0	0	0	0	0	0	0	0	0	0	0	0	0	0	0	0	0	0	0	0	0	0	25	0	0	0	0	0	0	0	0	0	0	0	0	0	0	0	0	0	215	0	0	0	0	218	0	0	0	0	0	0	0	0	0	0	13	0	0	0	23
assemblage-701-469	0	0	0	0	0	14	0	0	0	0	0	0	0	0	0	0	0	0	0	0	0	0	0	0	0	0	0	0	0	0	0	0	0	0	0	0	0	0	0	0	0	14	0	0	0	0	0	0	0	0	0	375	59	0	0	0	0	0	0	0	0	0	0	25	0	0	0	0	0	0	0	13
assemblage-846-341	0	0	0	0	0	0	0	0	0	0	0	0	7	0	0	0	0	0	0	0	0	0	0	0	0	0	0	0	0	0	0	0	0	0	0	0	9	0	0	0	0	0	0	0	0	0	0	0	11	0	0	4	402	0	0	0	0	0	0	0	38	0	0	0	0	0	0	0	14	0	0	15
assemblage-367-825	0	0	0	0	5	8	0	0	0	0	0	0	0	0	0	0	0	0	0	0	0	0	0	0	0	0	0	0	0	0	0	0	0	0	0	0	0	0	0	0	0	23	0	0	0	0	0	0	0	0	0	358	68	0	0	0	0	0	0	0	0	0	0	20	0	0	0	0	0	0	0	18
assemblage-663-782	0	0	0	0	0	0	0	0	0	0	0	0	0	0	0	0	0	0	0	0	0	0	0	0	0	0	0	0	0	0	0	0	0	0	0	0	0	0	0	0	0	0	0	0	0	0	116	0	0	0	0	255	89	0	0	0	0	0	0	12	0	0	0	0	0	0	0	0	0	0	0	28
assemblage-694-460	0	0	0	0	0	124	0	0	0	0	0	0	0	0	0	0	0	0	0	0	0	0	0	0	0	0	0	0	0	0	0	0	0	0	0	0	0	0	0	0	0	0	0	0	0	0	0	0	0	0	0	344	0	0	0	0	0	0	0	0	0	0	0	0	0	0	0	0	0	0	0	32
assemblage-838-351	0	0	0	0	0	0	0	0	0	0	0	0	0	0	0	0	0	0	0	0	0	0	0	0	0	0	0	0	0	0	0	0	0	0	0	0	0	0	0	0	0	0	0	0	0	0	18	0	0	0	0	0	99	0	0	0	0	0	0	0	363	0	0	0	0	0	0	0	0	0	0	20
assemblage-823-790	0	0	0	0	0	0	0	0	0	0	0	0	0	0	0	0	0	0	0	0	0	0	0	0	0	0	0	0	0	0	0	0	0	0	0	0	0	0	0	0	0	0	0	0	0	0	30	0	0	0	0	0	90	0	0	0	0	0	0	0	363	0	0	0	0	0	0	0	0	0	0	17
assemblage-320-424	0	0	0	0	15	0	0	0	0	7	0	13	0	0	0	0	0	0	0	0	0	8	0	0	0	0	0	0	0	0	0	0	0	0	0	0	0	0	0	0	0	0	0	0	0	0	0	0	0	0	0	298	144	0	0	0	0	0	0	0	0	0	0	0	0	0	0	0	0	0	0	15
assemblage-372-841	0	0	0	0	9	70	0	0	0	0	0	0	0	0	0	0	0	0	0	0	0	0	0	0	0	0	0	0	0	0	0	0	0	0	0	0	0	0	0	0	0	5	0	0	0	0	0	0	0	0	0	350	41	0	0	0	0	0	0	0	0	0	0	0	0	0	0	0	0	0	0	25
assemblage-1011-185	0	0	0	0	0	0	0	0	0	0	0	0	0	0	0	0	0	23	0	0	0	0	0	0	0	0	0	0	0	0	0	0	0	0	0	0	0	0	0	0	0	0	0	0	0	0	183	46	0	0	0	8	225	0	0	0	0	0	0	0	0	0	0	0	0	0	7	0	0	0	0	8
assemblage-836-341	0	0	0	0	0	0	0	0	0	0	0	0	0	0	0	0	0	0	0	0	0	0	0	20	0	0	0	0	0	0	0	0	0	0	0	20	0	0	0	0	0	0	0	19	0	0	307	0	0	0	0	107	17	0	0	0	0	0	0	0	0	0	0	0	0	0	0	0	0	0	0	10
assemblage-639-314	0	0	0	0	0	0	0	0	0	0	0	0	0	0	0	0	0	0	0	0	0	0	0	0	0	0	6	0	0	0	0	0	0	78	0	0	0	0	0	0	0	0	0	0	0	0	0	0	0	0	0	0	0	0	0	0	393	0	0	0	0	0	0	0	0	0	0	0	0	0	0	23
assemblage-543-454	0	0	0	15	0	0	0	0	10	0	0	0	0	0	0	0	0	0	0	0	0	95	0	0	0	0	0	0	0	59	0	0	0	0	0	0	0	0	0	0	0	0	0	0	0	0	0	0	0	0	0	124	183	0	0	0	0	0	0	0	0	0	0	6	0	0	0	0	0	0	0	8
assemblage-324-414	0	0	0	0	0	139	0	0	0	0	0	0	0	0	0	0	0	0	0	0	0	0	0	0	0	0	0	0	0	0	0	0	0	0	0	0	0	0	0	0	0	0	0	0	0	0	0	0	0	0	0	349	0	0	0	0	0	0	0	0	0	0	0	0	0	0	0	0	0	0	0	12
assemblage-747-968	0	0	0	0	0	10	0	0	0	0	0	0	0	0	0	0	0	0	0	0	0	0	0	0	0	0	0	0	0	0	0	0	0	0	0	0	0	0	0	0	0	24	0	0	0	0	0	0	0	0	0	367	70	0	0	0	0	0	0	0	0	0	0	13	0	0	0	0	0	0	0	16
assemblage-296-722	0	0	0	0	0	0	0	0	0	0	0	0	0	0	0	0	0	0	0	0	0	0	0	0	0	0	0	0	0	0	0	0	0	0	0	0	0	0	0	0	0	0	0	0	0	0	24	0	0	0	0	0	85	0	0	0	0	0	0	0	370	0	0	0	0	0	0	0	0	0	0	21
assemblage-308-721	0	0	0	0	0	0	0	0	0	0	0	0	7	0	0	0	0	0	0	0	0	0	0	0	0	0	0	0	0	0	0	0	0	0	0	0	18	0	0	0	0	0	0	0	0	0	0	0	14	0	0	8	400	0	0	0	0	0	0	0	32	0	0	0	0	0	0	0	16	0	0	5
assemblage-988-616	0	0	0	0	0	442	0	0	0	0	0	0	0	0	0	0	0	0	0	0	0	0	0	0	0	0	0	0	33	0	0	0	0	0	0	0	0	0	0	0	0	0	6	0	0	0	0	0	0	0	0	0	0	0	0	0	0	0	0	0	0	0	0	0	0	0	0	0	0	0	0	19
assemblage-957-547	0	0	0	0	0	0	0	0	0	0	0	0	0	0	0	0	0	0	0	0	0	26	0	0	0	3	0	0	0	0	0	0	0	0	4	0	0	0	0	0	0	0	0	0	0	0	0	0	0	0	0	427	20	0	0	0	0	0	0	0	0	0	0	6	0	0	0	0	0	0	0	14
assemblage-731-790	0	0	0	0	54	362	0	0	0	0	0	0	0	0	0	0	0	0	9	0	0	0	0	0	0	0	0	0	0	0	0	0	0	0	0	0	0	0	0	0	0	0	0	0	0	0	0	0	0	0	0	3	0	0	0	0	64	0	0	0	0	0	0	0	0	0	0	0	0	0	0	8
assemblage-749-987	0	0	0	0	26	0	0	0	0	7	0	11	0	0	0	0	0	0	0	0	0	3	0	0	0	0	0	0	0	0	0	0	0	0	0	0	0	0	0	0	0	0	0	0	0	0	0	0	0	0	0	334	112	0	0	0	0	0	0	0	0	0	0	0	0	0	0	0	0	0	0	7
assemblage-782-914	0	0	0	0	12	201	0	0	0	0	0	0	0	0	0	0	0	0	0	0	0	0	0	0	0	0	0	0	0	0	0	0	0	0	0	0	0	0	0	0	0	0	0	0	0	0	0	0	0	0	0	181	0	0	0	0	26	0	0	0	0	0	0	0	0	0	0	57	0	0	0	23
assemblage-541-439	0	0	0	0	0	0	0	0	0	0	0	0	0	0	0	0	0	0	0	0	0	42	0	0	240	0	0	0	0	0	0	0	0	0	0	0	0	0	0	0	0	0	0	0	0	0	0	0	0	0	0	183	17	0	0	0	0	0	0	0	0	0	0	0	0	0	0	0	0	0	0	18
assemblage-375-821	0	0	0	0	0	143	0	0	0	0	0	0	0	0	0	0	0	0	0	0	0	0	0	0	0	0	0	0	0	0	0	0	0	0	0	0	0	0	0	0	0	0	0	0	0	0	0	0	0	0	0	339	0	0	0	0	0	0	0	0	0	0	0	0	0	0	0	0	0	0	0	18
assemblage-155-860	0	0	0	0	55	365	0	0	0	0	0	0	0	0	0	0	0	0	7	0	0	0	0	0	0	0	0	0	0	0	0	0	0	0	0	0	0	0	0	0	0	0	0	0	0	0	0	0	0	0	0	0	0	0	0	0	53	0	0	0	0	0	0	0	0	0	0	0	0	0	0	20
assemblage-975-608	0	0	0	0	0	437	0	0	0	0	0	0	0	0	0	0	0	0	0	0	0	0	0	0	0	0	0	0	40	0	0	0	0	0	0	0	0	0	0	0	0	0	10	0	0	0	0	0	0	0	0	0	0	0	0	0	0	0	0	0	0	0	0	0	0	0	0	0	0	0	0	13
assemblage-948-531	0	0	0	15	0	0	0	0	16	0	0	0	0	0	0	0	0	0	0	0	0	98	0	0	0	0	0	0	0	61	0	0	0	0	0	0	0	0	0	0	0	0	0	0	0	0	0	0	0	0	0	147	142	0	0	0	0	0	0	0	0	0	13	0	0	0	0	0	0	0	0	8
assemblage-735-969	0	0	0	0	26	0	0	0	0	0	0	10	0	0	0	0	0	0	0	0	0	0	0	0	0	0	0	0	0	0	0	0	0	0	0	0	0	0	0	0	0	0	0	0	0	0	0	0	0	0	0	327	120	0	0	0	0	0	0	0	0	0	0	0	5	0	0	0	0	0	0	12
assemblage-1006-207	0	0	0	0	0	0	0	0	0	0	0	0	0	0	0	0	0	11	0	0	0	0	0	0	0	0	0	0	0	0	0	0	0	0	0	0	0	0	0	0	0	0	0	0	0	0	202	55	0	0	0	8	211	0	0	0	0	0	0	0	0	0	0	0	0	0	4	0	0	0	0	9
assemblage-367-832	0	0	0	0	17	0	0	0	0	0	0	16	0	0	0	0	0	0	0	0	0	0	0	0	0	0	0	0	0	0	0	0	0	0	0	0	0	0	0	0	0	0	0	0	0	0	0	0	0	0	0	337	106	0	0	0	0	0	0	0	0	0	0	0	0	0	0	0	0	0	0	24
assemblage-984-200	0	0	0	0	0	0	0	18	0	0	0	0	0	0	0	0	0	0	0	0	0	0	0	0	5	0	0	0	0	0	0	0	0	0	0	0	0	0	0	0	0	0	0	0	0	0	423	0	0	0	0	22	0	0	0	0	0	23	0	0	0	0	0	0	0	0	0	0	0	0	5	4
assemblage-857-317	0	0	0	0	0	0	0	0	0	0	0	0	0	0	0	0	0	0	0	0	0	0	0	0	0	0	0	0	0	0	0	0	0	0	0	0	0	0	0	0	0	0	0	0	0	0	20	0	0	0	0	0	113	0	0	0	0	0	0	0	356	0	0	0	0	0	0	0	0	0	0	11
assemblage-374-109	0	0	0	0	0	0	0	0	0	0	0	0	0	0	0	0	0	0	0	0	0	0	0	10	0	0	0	0	0	0	0	0	0	0	0	7	0	0	0	0	0	0	0	53	0	0	85	0	0	0	0	34	174	0	0	0	0	0	0	0	98	0	0	0	0	0	0	0	19	0	0	20
assemblage-635-952	0	0	0	0	0	0	0	0	0	0	0	0	0	0	0	0	0	18	0	0	0	0	0	0	0	0	0	0	0	0	0	0	0	0	0	0	0	0	0	0	0	0	0	0	0	0	177	53	0	0	0	4	236	0	0	0	0	0	0	0	0	0	0	0	0	0	6	0	0	0	0	6
assemblage-910-639	0	0	0	0	0	0	0	0	0	0	13	0	0	0	0	0	0	0	0	0	0	0	0	0	0	0	0	0	0	0	0	0	0	0	0	0	0	0	0	0	0	0	0	0	0	0	0	0	0	0	0	333	35	0	0	0	0	103	0	0	0	0	0	0	0	0	0	0	0	0	0	16
assemblage-993-198	0	0	0	0	0	0	0	0	0	0	24	0	0	0	0	0	0	0	0	0	0	0	0	0	0	0	0	0	0	0	0	0	0	0	0	0	0	0	0	0	0	0	0	0	0	0	0	0	0	0	0	358	14	0	0	0	0	84	0	0	0	0	0	0	0	0	0	0	0	0	0	20
assemblage-389-102	0	0	0	0	0	0	0	0	0	0	0	0	0	0	0	0	0	0	0	0	0	0	0	0	0	0	0	0	0	0	0	0	0	0	0	0	0	0	0	0	5	0	0	0	0	0	15	0	0	0	0	0	115	0	0	0	0	0	0	0	350	0	0	0	0	0	0	0	0	0	0	15
assemblage-662-774	0	0	0	0	0	0	0	0	0	0	0	0	0	0	0	0	0	0	0	0	0	0	0	0	0	0	0	0	0	0	0	0	0	0	0	0	0	0	0	0	0	0	0	0	0	0	113	0	0	0	0	241	101	0	0	0	0	0	0	21	0	0	0	0	0	0	0	0	0	0	0	24
assemblage-715-490	0	0	0	0	0	9	0	0	0	0	0	0	0	0	0	0	0	0	0	0	0	0	0	0	0	0	0	0	0	0	0	0	0	0	0	0	0	0	0	0	0	16	0	0	0	0	0	0	0	0	0	382	66	0	0	0	0	0	0	0	0	0	0	15	0	0	0	0	0	0	0	12
assemblage-302-697	0	0	0	0	0	0	3	0	0	0	0	0	0	0	0	0	0	0	0	0	0	0	0	53	0	0	0	0	0	0	0	0	0	0	0	0	0	0	0	0	0	0	0	200	0	0	11	0	0	0	0	36	161	0	0	0	0	0	0	0	0	0	0	0	0	0	0	0	23	0	0	13
assemblage-647-971	0	0	0	0	0	0	0	0	0	0	0	0	0	0	0	0	0	0	0	0	0	0	0	0	191	0	0	0	0	0	0	0	0	0	0	0	52	0	0	0	0	0	0	0	0	0	89	0	0	0	0	9	19	0	0	0	0	0	0	0	120	0	0	0	0	0	0	0	0	0	0	20
assemblage-168-833	0	0	0	0	0	0	0	0	0	0	0	0	0	0	0	0	0	0	0	0	0	0	0	0	0	0	0	0	0	0	0	0	0	0	0	0	0	0	0	0	0	0	0	0	0	0	0	0	0	0	0	332	0	0	0	19	20	0	0	0	0	0	0	0	0	0	0	117	0	0	0	12
assemblage-692-970	0	267	0	0	0	0	0	0	0	0	0	0	0	0	0	0	0	0	0	0	0	0	0	0	0	0	0	0	0	0	6	0	0	0	0	0	0	0	0	78	0	0	0	0	0	0	0	0	0	0	0	144	0	0	0	0	0	0	0	0	0	0	0	0	0	0	0	0	0	0	0	5
assemblage-672-741	0	0	0	0	0	0	0	0	0	0	0	0	0	0	0	0	0	0	0	0	0	27	0	0	234	0	0	0	0	0	0	0	0	0	0	0	0	0	0	0	0	0	0	0	0	0	6	0	0	0	0	189	29	0	0	0	0	0	0	0	0	0	0	0	0	0	0	0	0	0	0	15
assemblage-978-616	0	0	0	0	0	440	0	0	0	0	0	0	0	0	0	0	0	0	0	0	0	0	0	0	0	0	0	0	40	0	0	0	0	0	0	0	0	0	0	0	0	0	0	0	0	0	0	0	0	0	0	0	0	0	0	0	0	0	0	0	0	0	0	0	0	5	0	0	0	0	0	15
assemblage-777-922	0	0	0	0	0	25	0	0	0	0	0	0	0	0	0	0	0	0	0	0	0	0	0	0	0	0	0	0	0	0	0	0	0	0	0	0	0	0	0	0	0	0	0	0	0	0	0	0	0	0	0	401	0	0	0	0	22	0	0	0	0	0	0	0	0	0	0	26	0	0	0	26
assemblage-371-841	0	0	0	0	0	136	0	0	0	0	0	0	0	0	0	0	0	0	0	0	0	0	0	0	0	0	0	0	0	0	0	0	0	0	0	0	0	0	0	0	0	0	0	0	0	0	0	0	0	0	0	356	0	0	0	0	0	0	0	0	0	0	0	0	0	0	0	0	0	0	0	8
assemblage-988-608	0	0	0	0	0	457	0	0	0	0	0	0	0	0	0	0	0	0	0	0	0	0	0	0	0	0	0	0	24	0	0	0	0	0	0	0	0	0	0	0	0	0	5	0	0	0	0	0	0	0	0	0	0	0	0	0	0	0	0	0	0	0	0	0	0	0	0	0	0	0	0	14
assemblage-754-622	0	0	0	0	0	0	0	0	0	0	0	0	0	0	7	0	0	0	0	3	0	0	130	0	0	0	0	0	0	0	0	0	0	0	0	0	0	0	108	0	0	0	0	0	0	0	0	0	0	0	110	0	0	0	34	0	0	0	0	0	0	0	0	0	0	0	0	101	0	0	0	7
assemblage-560-429	0	0	0	0	0	7	0	0	0	0	0	0	0	0	0	0	0	0	0	0	0	36	0	0	253	0	0	0	0	0	0	0	0	0	0	0	0	0	0	0	0	0	0	0	0	0	0	0	0	0	0	168	19	0	0	0	0	0	0	0	0	0	0	0	0	0	0	0	0	0	0	17
assemblage-164-852	0	0	0	0	0	388	0	0	0	0	0	0	0	0	0	0	0	0	0	0	0	0	0	0	0	0	0	0	0	0	0	0	0	0	0	0	0	0	0	0	0	0	0	0	0	0	0	0	0	19	0	0	0	0	0	0	0	0	0	0	0	0	0	0	0	0	0	67	0	7	0	19
assemblage-993-593	0	0	0	0	0	442	0	0	0	0	0	0	0	0	0	0	0	0	0	0	0	0	0	0	0	0	0	0	37	0	0	0	0	0	0	0	0	0	0	0	0	0	4	0	0	0	0	0	0	0	0	0	0	0	0	0	0	0	0	0	0	0	0	0	0	0	0	0	0	0	0	17
assemblage-546-443	0	0	0	0	0	0	0	0	0	0	0	0	0	0	0	0	0	0	0	0	0	0	0	0	0	0	0	0	0	0	0	0	0	0	0	0	0	0	0	0	0	0	0	0	0	0	110	0	0	0	0	233	111	0	0	0	0	0	0	15	0	0	0	0	0	0	0	0	0	0	0	31
assemblage-593-127	0	0	0	0	0	0	0	0	0	0	0	0	0	0	0	0	0	0	0	0	0	0	0	0	0	0	0	10	0	0	0	0	0	0	0	0	0	0	0	0	0	0	0	0	0	0	121	0	0	0	0	248	81	0	0	0	0	0	0	18	0	0	0	0	0	0	0	0	0	0	0	22
assemblage-660-956	0	268	0	0	0	0	0	0	0	0	0	0	0	0	0	0	0	0	0	0	0	0	0	0	0	0	0	0	0	0	11	0	0	0	0	0	0	0	0	78	0	0	0	0	0	0	0	0	0	0	0	136	0	0	0	0	0	0	0	0	0	0	0	0	0	0	0	0	0	0	0	7
assemblage-895-636	0	0	0	0	0	0	0	0	0	0	0	0	0	0	0	0	0	0	0	0	0	0	0	0	187	0	0	0	0	0	0	0	0	0	0	0	81	0	0	0	0	0	0	0	0	0	76	0	0	0	0	0	19	0	0	0	0	0	0	0	113	5	0	0	0	0	0	0	0	0	0	19
assemblage-579-127	0	0	0	5	0	0	0	0	5	0	0	0	0	0	0	0	0	0	0	0	0	92	0	0	0	0	0	0	0	53	0	0	0	0	0	0	0	0	0	0	0	0	0	0	0	0	0	0	0	0	0	144	187	0	0	0	0	0	0	0	0	0	0	5	0	0	0	0	0	0	0	9
assemblage-906-632	0	0	0	0	0	0	0	0	0	0	17	0	0	0	0	0	6	0	0	0	0	0	0	0	0	0	0	0	0	0	0	0	0	0	0	0	0	0	0	0	0	0	0	0	0	0	0	0	0	0	0	346	25	0	0	0	0	90	0	0	0	0	0	0	0	0	0	0	0	0	0	16
assemblage-592-140	0	0	0	0	0	7	0	0	0	0	0	0	0	0	0	0	0	0	0	0	0	25	0	0	253	0	0	0	0	0	0	0	0	0	0	0	0	0	0	0	0	0	0	0	0	0	6	0	0	0	0	157	35	0	0	0	0	0	0	0	0	0	0	0	0	0	0	0	0	0	0	17
assemblage-665-317	0	0	0	0	0	0	0	0	0	0	0	0	0	0	0	0	0	0	0	0	0	0	0	0	0	0	0	0	0	0	0	7	5	72	0	0	0	0	0	0	0	0	0	0	0	0	0	0	0	0	0	0	0	0	0	0	404	0	0	0	0	0	0	0	0	0	0	0	0	0	0	12
assemblage-698-984	0	267	0	0	0	0	0	0	0	0	0	0	0	0	0	0	0	0	0	0	0	0	0	0	0	0	0	0	0	0	12	0	0	0	0	0	0	0	0	81	0	0	0	0	0	0	0	0	0	0	0	135	0	0	0	0	0	0	0	0	0	0	0	0	0	0	0	0	0	0	0	5
assemblage-845-335	0	0	0	0	0	0	0	0	0	0	0	0	0	0	0	0	0	0	0	0	0	0	0	44	0	0	0	0	0	0	0	0	0	0	0	0	0	0	0	0	0	0	0	211	0	0	7	0	0	0	0	37	151	0	0	0	0	0	0	0	4	0	0	0	0	0	0	0	28	0	0	18
assemblage-765-611	0	0	0	0	0	0	0	0	0	0	0	0	0	0	6	0	0	0	0	0	0	0	126	0	0	0	0	0	0	0	0	0	0	0	0	0	0	0	118	0	0	0	0	0	0	0	0	0	0	0	107	0	0	0	26	0	0	0	0	0	0	0	0	0	0	0	0	115	0	0	0	2
assemblage-822-809	0	0	0	0	0	0	0	0	0	0	0	0	8	0	0	0	0	0	0	0	0	0	0	0	0	0	0	0	0	0	0	0	0	0	0	0	13	0	0	0	0	0	0	0	0	0	0	0	13	0	0	15	380	0	0	0	0	0	0	0	43	0	0	0	0	0	0	0	21	0	0	7
assemblage-757-625	0	0	0	0	0	0	0	0	0	0	0	0	0	0	8	0	0	0	0	0	0	0	144	0	0	0	0	0	0	0	0	0	0	0	0	0	0	0	102	0	0	0	0	0	0	0	0	0	0	0	100	0	0	0	44	0	0	0	0	0	0	0	0	0	0	0	0	92	0	0	0	10
assemblage-644-313	0	0	0	0	0	0	0	0	0	0	0	0	0	0	0	0	0	0	0	0	0	0	0	0	0	0	0	0	0	0	0	0	0	57	0	0	0	0	0	0	0	0	0	0	0	0	0	0	0	0	0	0	0	0	0	0	420	0	0	0	0	0	0	0	0	0	0	0	0	0	0	23
assemblage-724-779	0	0	0	0	0	2	0	0	0	0	0	0	0	0	0	0	0	0	0	0	0	0	0	0	0	0	0	0	0	0	0	0	0	0	0	0	0	0	0	0	0	0	0	0	0	0	0	0	0	0	0	323	0	0	0	20	11	0	0	0	0	0	0	0	0	0	0	129	0	0	0	15
assemblage-777-936	0	0	0	0	44	383	0	0	0	0	0	0	0	0	0	0	0	0	6	0	0	0	0	0	0	0	0	0	0	0	0	0	0	0	0	0	0	0	0	0	0	0	0	0	0	0	0	0	0	0	0	6	0	2	0	0	46	0	0	0	0	0	0	0	0	0	0	0	0	0	0	13
assemblage-631-942	0	0	0	0	0	0	0	0	0	0	0	0	0	0	0	0	0	16	0	0	0	0	0	0	0	0	0	0	0	0	0	0	0	0	0	0	0	0	0	0	0	0	0	0	0	0	183	38	0	0	0	0	241	0	0	0	0	0	0	0	0	0	0	0	0	0	11	0	0	0	0	11
assemblage-387-106	0	0	0	0	0	0	0	0	0	0	0	0	0	0	0	0	0	0	0	0	0	0	0	0	0	0	0	0	0	0	0	0	0	0	0	0	0	0	0	0	0	0	0	0	0	0	14	0	0	0	0	0	102	0	0	0	0	0	0	0	367	0	0	0	0	0	0	0	0	0	0	17
assemblage-157-845	0	0	0	0	49	384	0	0	0	0	0	0	0	0	0	0	0	0	7	0	0	0	0	0	0	0	0	0	0	0	0	0	0	0	0	0	0	0	0	0	0	0	0	0	0	0	0	0	0	0	0	0	0	0	0	0	50	0	0	0	0	0	0	0	0	0	0	0	0	0	0	10
assemblage-304-411	0	0	0	0	20	0	0	0	0	0	0	16	0	0	0	0	0	0	0	0	0	9	0	0	0	0	0	0	0	0	0	0	0	0	0	0	0	0	0	0	0	0	0	0	0	0	0	0	0	0	0	309	129	0	0	0	0	0	0	0	0	0	0	0	0	0	0	0	0	0	0	17
assemblage-730-968	0	0	0	0	0	145	0	0	0	0	0	0	0	0	0	0	0	0	0	0	0	0	0	0	0	0	0	0	0	0	0	0	0	0	0	0	0	0	0	0	0	0	0	0	0	0	0	0	0	0	0	345	0	0	0	0	0	0	0	0	0	0	0	0	0	0	0	0	0	0	0	10
assemblage-146-867	0	0	0	0	0	24	0	0	0	0	0	0	0	0	0	0	0	0	0	0	0	0	0	0	0	0	0	0	0	0	0	0	0	0	0	0	0	0	0	0	0	0	0	0	0	0	0	0	0	0	0	393	0	0	0	0	23	0	0	0	0	0	0	0	0	0	0	38	0	0	0	22
assemblage-944-557	0	0	0	7	0	0	0	0	8	0	0	0	0	0	0	0	0	0	0	0	0	103	0	0	0	0	0	0	0	46	0	0	0	0	0	0	0	0	0	0	0	0	0	0	0	0	0	0	0	0	0	150	168	0	0	0	0	0	0	0	0	0	4	10	0	0	0	0	0	0	0	4
assemblage-310-410	0	0	0	0	0	122	0	0	0	0	0	0	0	0	0	0	0	0	0	0	0	0	0	0	0	0	0	0	0	0	0	0	0	0	0	0	0	0	0	0	0	0	0	0	0	0	0	0	0	0	0	353	0	0	0	0	0	0	0	0	0	0	0	0	0	0	0	0	0	0	0	25
assemblage-776-918	0	0	0	0	48	368	0	0	0	0	0	0	0	0	0	0	0	0	8	0	0	0	0	0	0	0	0	0	0	0	0	0	0	0	0	0	0	0	0	0	0	0	0	0	0	0	0	0	0	0	0	13	0	0	0	0	45	0	0	0	0	0	0	0	0	0	0	0	0	0	0	18
assemblage-854-806	0	0	0	0	0	0	0	0	0	0	0	0	0	0	0	0	0	0	0	0	0	0	0	37	0	0	0	0	0	0	0	0	0	0	0	0	0	0	0	0	0	0	0	203	0	0	10	0	0	0	0	38	156	0	0	0	0	0	0	0	0	0	0	0	0	0	0	0	42	0	0	14
assemblage-680-956	0	65	0	0	0	109	0	0	0	0	0	0	0	0	0	0	0	0	0	0	0	0	36	0	0	0	0	0	15	0	0	0	0	11	0	0	0	0	22	12	0	0	0	0	0	0	0	0	0	0	40	28	0	0	12	0	110	0	0	0	0	0	0	0	0	0	0	24	0	0	0	16
assemblage-593-138	0	0	0	0	0	0	0	0	0	0	0	0	0	0	0	0	0	0	0	0	0	32	0	0	228	0	0	0	0	0	0	0	0	0	0	0	0	0	0	0	0	0	0	0	0	0	7	0	0	0	0	192	27	0	0	0	0	0	0	0	0	0	0	0	0	0	0	0	0	0	0	14
assemblage-672-973	0	241	0	0	0	0	0	0	0	0	0	0	0	0	0	0	0	0	0	0	0	0	0	0	0	0	0	0	0	0	11	0	0	0	0	0	0	0	0	92	0	0	0	0	0	0	0	0	0	0	0	151	0	0	0	0	0	0	0	0	0	0	0	0	0	0	0	0	0	0	0	5
assemblage-672-971	0	263	0	0	0	0	0	0	0	0	0	0	0	0	0	0	0	0	0	0	0	0	0	0	0	0	0	0	0	0	8	0	0	0	0	0	0	0	0	88	0	0	0	0	0	0	0	0	0	0	0	137	0	0	0	0	0	0	0	0	0	0	0	0	0	0	0	0	0	0	0	4
assemblage-989-198	0	0	0	0	0	0	0	0	0	0	0	0	0	0	0	0	0	29	0	0	0	0	0	0	0	0	0	0	0	0	0	0	0	0	0	0	0	0	0	0	0	0	0	0	0	0	199	35	0	0	0	3	219	0	0	0	0	0	0	0	0	0	0	0	0	0	2	0	0	0	0	13
assemblage-166-848	0	0	0	0	0	0	0	0	0	0	0	0	0	0	0	0	0	0	0	0	0	0	0	0	0	0	0	0	0	0	0	0	0	0	0	0	0	0	0	0	0	0	0	0	0	0	0	0	0	0	0	311	0	0	0	13	16	0	0	0	0	0	0	0	0	0	0	145	0	0	0	15
assemblage-730-776	0	0	0	0	0	18	0	0	0	0	0	0	0	0	0	0	0	0	0	0	0	0	0	0	0	0	0	0	0	0	0	0	0	0	0	0	0	0	0	0	0	0	0	0	0	0	0	0	0	0	0	414	0	0	0	0	29	0	0	0	0	0	0	0	0	0	0	28	0	0	0	11
assemblage-660-350	0	0	0	0	0	15	0	0	0	0	0	0	0	0	0	0	0	0	0	0	0	0	0	0	0	0	0	0	0	0	0	0	0	0	0	0	0	5	0	0	0	0	0	0	0	0	0	0	0	0	0	396	0	0	0	0	25	0	8	0	0	0	0	0	0	0	0	35	0	0	0	16
assemblage-646-331	0	0	0	0	0	0	0	0	0	0	0	0	0	0	0	0	0	0	0	0	0	0	0	0	0	0	0	0	0	0	0	0	0	0	0	0	0	0	0	0	0	0	0	0	0	0	0	0	0	0	0	350	0	0	0	11	15	0	0	0	0	0	0	0	0	0	0	113	0	0	0	11
assemblage-440-681	0	0	0	0	0	0	0	14	0	0	0	0	0	0	0	0	0	0	0	0	0	0	0	0	45	0	0	0	0	0	0	0	0	0	0	0	14	0	0	0	0	0	0	0	0	0	175	11	0	0	0	87	59	0	0	0	0	37	0	0	25	0	0	0	0	0	0	0	0	0	0	33
assemblage-688-473	0	0	0	0	0	122	0	0	0	0	0	0	0	0	0	0	0	0	0	0	0	0	0	0	0	0	0	0	0	0	0	0	0	0	0	0	0	0	0	0	0	0	0	0	0	0	0	0	0	0	0	361	0	0	0	0	0	0	0	0	0	0	0	0	0	0	0	0	0	0	0	17
assemblage-662-757	0	0	0	6	0	0	0	0	5	0	0	0	0	0	0	0	0	0	0	0	0	89	0	0	0	0	0	0	0	63	0	0	0	0	0	0	0	0	0	0	0	0	0	0	0	0	0	0	0	0	0	143	174	0	0	0	0	0	0	0	0	0	0	8	0	0	0	0	0	0	0	12
assemblage-301-721	0	0	0	0	0	0	0	0	0	0	0	0	7	0	0	0	0	0	0	0	0	0	0	0	0	0	0	0	0	0	0	0	0	0	0	0	16	0	0	0	0	0	0	0	0	0	0	0	12	0	0	14	387	0	0	0	0	0	0	0	36	0	0	0	0	0	0	0	22	0	0	6
assemblage-371-810	0	0	0	0	29	0	0	0	0	0	0	10	0	0	0	0	0	0	0	0	0	8	0	0	0	0	0	0	0	0	0	0	0	0	0	0	0	0	0	0	0	0	0	0	0	0	0	0	0	0	0	330	115	0	0	0	0	0	0	0	0	0	0	0	0	0	0	0	0	0	0	8
assemblage-532-449	0	0	0	0	0	0	0	0	0	0	0	0	0	0	0	0	0	0	0	0	0	34	0	0	0	0	0	0	0	0	0	0	0	0	11	0	0	0	0	0	0	0	0	0	0	0	0	0	0	0	0	409	19	0	0	0	0	0	0	0	0	0	0	8	0	0	0	0	0	0	0	19
assemblage-330-420	0	0	0	0	20	0	0	0	0	0	0	5	0	0	0	0	0	0	0	0	0	6	0	0	0	0	0	0	0	0	0	0	0	0	0	0	0	0	0	0	0	0	0	0	0	0	0	0	0	0	0	327	124	0	0	0	0	0	0	0	0	0	0	0	0	0	0	0	0	0	0	18
assemblage-904-630	0	0	0	0	0	0	0	0	0	0	19	0	0	0	0	0	0	0	0	0	0	0	0	0	0	0	0	0	0	0	0	0	0	0	0	0	0	0	0	0	0	0	0	0	0	0	8	0	0	0	0	330	26	0	0	0	0	102	0	0	0	0	0	0	0	0	0	0	0	0	0	15
assemblage-669-356	0	0	0	0	0	0	0	0	0	0	0	0	0	0	0	0	0	0	0	0	0	0	0	0	0	0	0	0	0	0	0	0	0	0	0	0	0	0	0	0	0	0	0	0	0	0	0	0	0	0	0	335	0	0	0	12	15	0	0	0	0	0	0	0	0	0	0	119	0	0	0	19
assemblage-699-477	0	0	0	0	0	14	0	0	0	0	0	0	0	0	0	0	0	0	0	0	0	0	0	0	0	0	0	0	0	0	0	0	0	0	0	0	0	0	0	0	0	29	0	0	0	0	0	0	0	0	0	374	63	0	0	0	0	0	0	0	0	0	0	13	0	0	0	0	0	0	0	7
assemblage-822-790	0	0	0	0	0	0	0	0	0	0	0	0	0	0	0	0	0	0	0	0	0	0	0	17	0	0	0	0	0	0	0	0	0	0	0	31	0	0	0	0	0	0	0	10	0	0	311	0	0	0	0	112	15	0	0	0	0	0	0	0	0	0	0	0	0	0	0	0	0	0	0	4
assemblage-671-975	0	279	0	0	0	0	0	0	0	0	0	0	0	0	0	0	0	0	0	0	0	0	0	0	0	0	0	0	0	0	7	0	0	0	0	0	0	0	0	82	0	0	0	0	0	0	0	0	0	0	0	126	0	0	0	0	0	0	0	0	0	0	0	0	0	0	0	0	0	0	0	6
assemblage-668-761	0	0	0	0	0	0	0	0	0	0	0	0	0	0	0	0	0	0	0	0	0	45	0	0	0	0	0	0	0	0	0	0	0	0	6	0	0	0	0	0	0	0	0	0	0	0	0	0	0	0	0	429	7	0	0	0	0	0	0	0	0	0	0	4	0	0	0	0	0	0	0	9
assemblage-385-93	0	0	0	0	0	0	0	0	0	0	0	0	0	0	0	0	0	0	0	0	0	0	0	20	0	0	0	0	0	0	0	0	0	0	0	19	0	0	0	0	0	0	0	11	0	0	328	0	0	0	0	101	17	0	0	0	0	0	0	0	0	0	0	0	0	0	0	0	0	0	0	4
assemblage-321-414	0	0	0	0	7	9	0	0	0	0	0	0	0	0	0	0	0	0	0	0	0	0	0	0	0	0	0	0	0	0	0	0	0	0	0	0	0	0	0	0	0	33	0	0	0	6	0	0	0	0	0	359	65	0	0	0	0	0	0	0	0	0	0	17	0	0	0	0	0	0	0	4
assemblage-634-324	0	0	0	0	0	0	0	0	0	0	0	0	0	0	0	0	0	0	0	0	0	0	0	0	0	0	0	0	0	0	0	0	0	50	0	0	0	0	0	0	0	0	0	0	0	0	0	0	0	0	0	0	0	0	0	0	425	0	0	0	0	0	0	0	0	0	0	0	0	0	0	25
assemblage-747-615	0	0	0	0	0	0	0	0	0	0	0	0	0	0	8	0	0	0	0	0	0	0	133	0	0	0	0	0	0	0	0	0	0	0	0	0	0	0	102	0	0	0	0	0	0	0	0	0	0	0	118	0	0	0	37	0	0	0	0	0	0	0	0	0	0	0	0	90	0	0	0	12
assemblage-962-541	0	0	0	0	0	0	0	0	0	0	0	0	0	0	0	0	0	0	0	0	0	0	0	0	0	0	0	3	0	0	0	0	0	0	0	0	0	0	0	0	0	0	0	0	0	0	119	0	0	0	0	212	121	0	0	0	0	0	0	19	0	0	0	0	0	0	0	0	0	0	0	26
assemblage-945-543	0	0	0	0	0	0	0	0	0	0	0	0	0	0	0	0	0	0	0	0	0	0	0	0	0	0	0	2	0	0	0	0	0	0	0	0	0	0	0	0	0	0	0	0	0	0	111	0	0	0	0	239	107	0	0	0	0	0	0	21	0	0	0	0	0	0	0	0	0	0	0	20
assemblage-945-540	0	0	0	0	0	0	0	0	0	0	0	0	0	0	0	0	0	0	0	0	0	35	0	0	224	0	0	0	0	0	0	0	0	0	0	0	0	0	0	0	0	0	0	0	0	0	4	0	0	0	0	200	22	0	0	0	0	0	0	0	0	0	0	0	0	0	0	0	0	0	0	15
assemblage-963-608	0	0	0	0	0	449	0	0	0	0	0	0	0	0	0	0	0	0	0	0	0	0	0	0	0	0	0	0	32	0	0	0	0	0	0	0	0	0	0	0	0	0	0	0	0	0	0	0	0	0	0	0	0	0	0	0	0	0	0	0	0	0	0	0	0	0	0	0	0	0	0	19
assemblage-672-983	0	275	0	0	0	0	0	0	0	0	0	0	0	0	0	0	0	0	0	0	0	0	0	0	0	0	0	0	0	0	6	0	0	0	0	0	0	0	0	87	0	0	0	0	0	0	0	0	0	0	0	125	0	0	0	0	0	0	0	0	0	0	0	0	0	0	0	0	0	0	0	7
assemblage-903-635	0	0	0	0	0	0	0	23	0	0	0	0	0	0	0	0	0	0	0	0	0	0	0	0	17	0	0	0	0	0	0	0	0	0	0	0	0	0	0	0	0	0	0	0	0	0	407	0	0	0	0	32	0	0	0	0	0	16	0	0	0	0	0	0	0	0	0	0	0	0	2	3
assemblage-592-120	0	0	0	0	0	0	0	0	0	0	0	0	0	0	0	0	0	0	0	0	0	32	0	0	0	0	0	0	0	0	0	0	0	0	7	0	0	0	0	0	0	0	0	0	0	0	0	0	0	0	0	422	17	0	0	0	0	0	0	0	0	0	0	9	0	0	0	0	0	0	0	13
assemblage-437-684	0	0	0	0	0	0	0	25	0	0	0	0	0	0	0	0	0	0	0	0	0	0	0	0	16	0	0	0	0	0	0	0	0	0	0	0	0	0	0	0	0	0	0	0	0	0	400	0	0	0	0	23	0	0	0	0	0	25	0	0	0	0	0	0	0	0	0	0	0	0	4	7
assemblage-721-963	0	0	0	0	0	11	0	0	0	0	0	0	0	0	0	0	0	0	0	0	0	0	0	0	0	0	0	0	0	0	0	0	0	0	0	0	0	0	0	0	0	26	0	0	0	0	0	0	0	0	0	367	68	0	0	0	0	0	0	0	0	0	0	13	0	0	0	0	0	0	0	15
assemblage-777-895	0	0	0	0	0	0	0	0	0	0	0	0	0	0	0	0	0	0	0	0	0	0	0	0	0	0	0	0	0	0	0	0	0	0	0	0	0	0	0	0	0	0	0	0	0	0	0	0	0	0	0	325	0	0	0	8	12	0	0	0	0	0	0	0	0	0	0	131	0	0	0	24
assemblage-566-435	0	0	0	6	0	0	0	0	4	0	0	0	0	0	0	0	0	0	0	0	0	76	0	0	0	0	0	0	0	81	0	0	0	0	0	0	0	0	0	0	0	0	0	0	0	0	0	0	0	0	0	141	176	0	0	0	0	0	0	0	0	0	0	4	0	0	0	0	0	0	0	12
assemblage-635-293	0	0	0	0	0	0	0	0	0	0	0	0	0	0	0	0	0	0	0	0	0	0	0	0	0	0	0	0	0	0	0	0	0	57	0	0	0	0	0	0	0	0	0	0	0	0	0	0	0	0	0	0	0	0	0	0	424	0	0	0	0	0	0	0	0	0	0	0	0	0	0	19
assemblage-923-557	0	0	0	9	0	0	0	0	5	0	0	0	0	0	0	0	0	0	0	0	0	88	0	0	0	0	0	0	0	63	0	0	0	0	0	0	0	0	0	0	0	0	0	0	0	0	0	0	0	0	0	148	173	0	0	0	0	0	0	0	0	0	3	7	0	0	0	0	0	0	0	4
assemblage-171-856	0	0	0	0	0	0	0	0	0	0	0	0	0	0	0	0	0	0	0	0	0	0	0	0	0	0	0	0	0	0	0	0	0	0	0	0	0	0	0	0	0	0	0	0	0	0	0	0	0	0	0	306	0	0	0	10	18	0	0	0	0	0	0	0	0	0	0	153	0	0	0	13
assemblage-656-339	0	0	0	0	0	398	0	0	0	0	0	0	0	0	0	0	0	0	0	0	0	0	0	0	0	0	0	0	0	0	0	0	0	0	0	0	0	0	0	0	0	0	0	0	0	0	0	0	0	15	0	0	0	0	0	0	0	0	0	0	0	0	0	0	0	0	0	60	0	13	0	14
