Assemblage_Name	1796011-9334476-8342001	3588554-7833692-1409312	3052428-9931277-4	4-3-3762040	1796011-3587219-1044570	2096620-2-4	3588554-3-15551	2-3-1409312	3834723-9774593-0	9444452-3-1409312	2-4226505-1409312	5658909-2-4	3588554-3-9847578	4199353-8425244-1044570	6109334-3-7207450	5827100-0-2	8741103-0-2	3052428-2-6603844	0-1-1	2613979-2-4	3052428-2-4	1369828-3-0	5234276-716132-4	2-2926412-162828	2-2973946-0	3066492-486889-1409312	3588554-8925383-1567903	3066492-3-1409312	3052428-5825728-4	2-1668485-0	1233461-8425244-1044570	1672826-3-1409312	5234276-2-4	4-3-2	2-9610451-1409312	3588554-3-9330943	8758668-3-4	1796011-6951761-1044570	3588554-3-7207450	2-3-0	3588554-3-8268846	9101287-3-0	3588554-3-5456788	4071018-8925383-1409312	5888393-8425244-1044570	0-2-4	1796011-8425244-6684661	1796011-8425244-1044570	1796011-8425244-3687562	3588554-3-1961570	3588554-504991-1409312	3588554-3-1409312	3588554-3-3415432	5784000-3-0	3-4-8467983	2-3-4964407	2-3-8820894	2571686-3-1409312	4443187-8425244-1044570	2096620-2-1260570	7029821-2-4	4-0-6005490	2367450-2-4	3588554-3-3607290	4-0-2	4005992-3-1409312	2-2926412-1409312	3588554-3-6899725	4597903-3-7207450	3052428-2205818-4	3588554-8925383-1409312	5520806-8425244-1044570	3588554-7512585-8268846	1796011-9334476-1044570	1781386-3-1409312	3588554-8925383-5709346
assemblage-189-363	0	0	0	0	0	0	0	0	0	0	0	335	0	0	0	0	0	0	0	0	0	0	0	0	0	0	0	0	0	0	0	0	0	0	0	0	0	0	0	0	0	0	0	20	0	0	0	0	0	0	0	46	0	0	0	0	0	0	0	0	0	0	9	0	0	0	0	0	0	0	85	0	0	0	0	5
assemblage-367-929	0	0	0	0	0	0	0	0	0	0	0	52	0	0	45	0	0	0	0	0	0	0	0	0	0	0	0	0	0	0	0	0	0	0	0	0	0	0	331	0	0	0	0	0	0	0	0	0	0	0	0	34	0	0	0	0	0	19	0	0	0	0	0	0	0	0	0	0	0	0	0	0	0	0	0	19
assemblage-750-917	0	0	0	0	0	127	0	0	0	0	0	0	0	0	0	0	0	9	0	0	230	0	0	0	0	0	0	0	0	0	0	0	92	0	0	0	0	0	0	0	0	0	0	0	0	0	0	8	0	0	0	0	0	0	0	0	0	0	0	0	0	0	0	0	19	0	0	0	0	0	0	0	0	0	0	15
assemblage-831-976	0	0	0	0	0	0	0	0	0	0	0	0	0	0	0	0	0	0	52	0	342	0	0	0	0	0	0	0	0	0	0	0	0	0	0	0	0	0	0	0	0	0	0	0	0	88	0	0	0	0	0	0	0	0	0	0	0	0	0	0	0	0	0	0	0	0	0	0	0	0	0	0	0	0	0	18
assemblage-544-479	21	0	0	0	0	0	0	0	0	0	0	0	0	0	0	0	0	0	9	0	86	0	0	0	0	0	0	0	0	0	0	0	0	32	0	0	0	0	0	102	0	9	0	0	0	21	0	67	0	0	0	0	0	20	0	0	0	0	0	0	0	0	0	0	112	0	0	0	0	0	0	0	0	0	0	21
assemblage-414-919	0	0	0	0	36	87	0	3	0	0	0	0	0	0	0	0	49	0	0	0	0	0	0	0	0	0	0	0	0	0	40	0	37	0	0	0	0	0	0	0	0	0	0	0	8	0	0	135	0	0	0	31	0	0	0	0	0	0	7	0	13	0	0	0	18	0	0	0	0	0	0	0	0	0	0	36
assemblage-656-900	0	0	0	0	0	21	0	0	0	0	0	0	0	0	0	0	0	0	0	0	0	0	0	0	0	0	0	0	0	0	0	82	0	0	0	0	0	0	0	0	0	0	0	0	0	0	0	209	0	0	0	166	0	0	0	0	0	0	0	0	0	0	0	0	0	0	0	0	0	0	0	0	0	0	0	22
assemblage-983-1003	0	0	0	0	0	0	0	0	0	0	0	0	0	0	0	0	0	0	0	0	0	0	0	0	0	0	0	0	0	0	0	0	0	0	0	0	13	0	0	19	0	0	0	0	0	0	0	0	0	0	0	0	0	0	6	0	0	0	0	0	0	0	0	0	445	0	0	0	0	0	0	0	0	0	0	17
assemblage-506-586	0	0	0	0	0	0	0	0	0	4	0	0	0	0	0	0	0	0	0	0	0	0	0	0	0	48	37	185	0	0	0	0	0	0	0	0	0	0	9	0	0	0	0	0	0	0	0	0	0	0	0	56	0	0	0	0	0	0	0	0	0	0	0	0	0	0	0	0	0	0	151	0	0	0	0	10
assemblage-864-394	0	0	0	0	0	0	0	0	0	0	0	3	0	0	0	0	0	0	0	0	0	0	0	0	0	0	0	0	0	0	0	0	0	0	0	0	0	0	408	0	0	0	0	0	0	0	0	0	0	0	0	15	0	0	0	0	0	0	0	0	0	0	0	0	0	0	0	0	0	0	66	0	0	0	0	8
assemblage-346-754	0	0	14	0	0	0	0	0	0	0	0	0	0	0	0	0	0	0	0	0	13	0	0	0	18	0	0	0	0	3	0	0	0	0	0	0	0	0	0	408	0	0	0	0	0	0	0	0	0	0	0	0	0	0	0	0	26	0	0	0	0	0	0	0	7	0	0	0	0	0	0	0	0	0	0	11
assemblage-343-509	0	0	0	0	0	0	0	0	0	0	0	0	0	0	0	0	0	0	0	0	0	4	0	0	0	0	0	0	0	0	0	0	0	0	0	0	0	0	0	371	0	43	0	0	0	0	0	0	0	0	0	0	0	79	0	0	0	0	0	0	0	0	0	0	0	0	0	0	0	0	0	0	0	0	0	3
assemblage-564-266	0	0	0	0	0	0	0	0	0	0	0	0	10	18	0	0	0	0	0	0	0	0	0	0	0	0	0	0	0	0	0	0	0	0	0	0	0	0	10	0	0	0	0	0	0	0	0	41	0	0	0	115	0	0	0	0	0	0	0	0	0	0	0	0	0	0	0	0	0	0	294	0	0	0	0	12
assemblage-887-364	0	0	0	0	0	0	0	0	0	0	0	0	6	16	0	0	0	0	0	0	0	0	0	0	0	0	0	0	0	0	0	0	0	0	0	0	0	0	8	0	0	0	0	0	0	0	0	44	0	0	0	129	0	0	0	0	0	0	0	0	0	0	0	0	0	0	0	0	0	0	286	0	0	0	0	11
assemblage-727-745	0	8	0	0	0	33	0	0	0	0	0	0	0	0	0	0	0	0	0	0	0	0	0	0	0	0	0	0	0	0	0	0	0	0	0	0	0	0	158	0	0	0	0	0	0	0	0	52	0	0	0	127	0	0	0	0	0	96	0	0	0	0	0	0	0	0	0	0	10	0	0	0	0	0	10	6
assemblage-159-705	0	0	0	0	0	364	0	0	0	0	0	0	0	0	0	0	0	0	0	0	0	0	0	0	0	0	0	0	0	0	0	0	82	0	0	0	0	0	0	0	0	0	0	0	0	0	0	0	0	0	0	0	0	0	0	0	10	0	19	0	0	0	0	0	0	0	0	0	0	0	0	0	0	0	0	25
assemblage-515-702	0	0	0	0	0	0	0	0	0	0	0	0	0	0	0	0	0	0	0	0	0	0	0	4	0	0	0	0	0	0	0	0	7	0	0	0	0	0	0	0	0	0	0	0	0	0	0	409	0	0	0	0	0	0	0	0	0	0	11	0	45	0	0	0	0	0	7	0	0	0	0	0	0	0	0	17
assemblage-692-724	0	5	0	0	0	25	0	0	0	0	0	0	0	0	0	0	0	0	0	0	0	0	0	0	0	0	0	0	0	0	0	0	0	0	0	0	0	0	150	0	0	0	0	0	0	0	0	85	0	0	0	130	0	0	0	0	0	87	0	0	0	0	0	0	0	0	0	0	6	0	0	0	0	0	7	5
assemblage-533-694	0	0	0	0	0	0	0	0	0	0	0	0	0	0	0	0	0	0	0	0	0	0	0	2	0	0	0	0	0	0	0	0	13	0	0	0	0	0	0	0	0	0	0	0	0	0	0	412	0	0	0	0	0	0	0	0	0	0	11	0	34	0	0	0	0	0	16	0	0	0	0	0	0	0	0	12
assemblage-857-390	0	0	0	0	0	0	0	0	0	5	0	0	0	0	0	0	0	0	0	0	0	0	0	0	0	38	43	164	0	0	0	0	0	0	0	0	0	0	0	0	0	0	0	0	0	0	0	0	0	0	0	63	0	0	0	0	0	0	0	0	0	0	0	0	0	0	0	0	0	0	168	0	0	0	0	19
assemblage-349-757	0	0	8	0	0	0	0	0	0	0	0	0	0	0	0	0	0	0	0	0	57	0	0	0	0	0	0	0	0	0	127	0	0	0	0	0	0	0	0	4	0	0	0	0	0	0	0	263	0	0	0	0	0	0	0	0	0	0	25	0	0	0	0	0	7	0	0	0	0	0	0	0	0	0	0	9
assemblage-879-379	0	0	0	0	0	0	0	0	0	0	0	344	0	0	0	0	0	0	0	0	0	0	0	0	0	0	0	0	0	0	0	0	0	0	0	0	0	0	0	0	0	0	0	16	0	0	0	0	0	0	0	39	0	0	0	0	0	0	0	0	0	0	11	0	0	0	0	0	0	0	83	0	0	0	0	7
assemblage-520-691	0	16	0	0	119	0	0	26	3	0	0	0	0	0	0	0	0	0	0	0	0	0	0	0	9	0	0	0	0	0	0	0	0	0	0	0	0	0	0	0	0	0	0	0	0	0	0	55	0	0	0	181	0	0	0	0	0	0	0	0	0	12	0	5	59	0	0	0	0	0	0	0	0	0	0	15
assemblage-352-519	0	0	0	0	0	0	0	0	0	0	0	0	0	0	0	0	0	0	0	0	0	4	0	0	0	0	0	0	0	0	0	0	0	0	0	0	0	0	0	400	0	31	0	0	0	0	0	0	0	0	0	0	0	60	0	0	0	0	0	0	0	0	0	0	0	0	0	0	0	0	0	0	0	0	0	5
assemblage-839-987	0	0	0	0	0	0	0	0	0	0	0	0	0	0	0	0	0	0	50	0	321	0	0	0	0	0	0	0	0	0	0	0	0	0	0	0	0	0	0	0	0	0	0	0	0	111	0	0	0	0	0	0	0	0	0	0	0	0	0	0	0	0	0	0	0	0	0	0	0	6	0	0	0	0	0	12
assemblage-724-723	0	0	0	0	0	44	0	0	0	0	0	0	0	0	0	0	0	0	0	0	0	0	0	0	0	0	0	0	0	0	0	0	0	0	0	0	0	0	129	0	0	0	0	0	0	0	0	101	0	0	0	122	0	0	0	0	0	81	0	0	0	0	0	0	0	0	0	0	12	0	0	0	0	0	4	7
assemblage-269-236	0	2	0	0	0	382	0	0	0	0	0	34	0	0	0	0	0	0	0	23	0	0	0	0	0	0	0	0	0	0	0	0	0	0	0	0	0	0	0	0	0	0	0	0	0	0	0	38	0	0	0	0	0	0	0	0	0	0	0	12	0	0	0	0	0	0	0	0	0	0	0	0	0	0	0	9
assemblage-834-987	0	0	10	0	0	0	0	0	0	0	0	0	0	0	0	0	0	0	45	0	335	0	0	0	0	0	0	0	0	0	0	0	0	0	0	0	0	0	0	0	0	0	0	0	0	103	0	0	0	0	0	0	0	0	0	0	0	0	0	0	0	0	0	0	0	0	0	0	0	2	0	0	0	0	0	5
assemblage-352-772	0	0	0	0	0	0	0	111	0	0	0	0	0	0	0	6	0	0	0	0	0	0	0	0	0	0	0	0	0	0	0	0	0	0	10	0	0	0	0	125	0	0	0	0	0	0	0	3	0	0	0	0	0	0	0	0	0	0	0	0	0	0	0	0	204	7	19	0	0	0	0	0	0	0	0	15
assemblage-347-771	0	0	0	0	0	0	0	102	0	0	0	0	0	0	0	0	0	0	0	0	0	0	0	0	0	0	0	0	0	0	0	0	0	0	6	0	0	0	0	107	0	0	0	0	0	0	0	5	0	0	0	0	0	0	0	0	0	0	0	0	0	0	0	0	224	8	25	0	0	0	0	0	0	0	0	23
assemblage-268-940	0	0	0	0	0	0	54	0	0	0	0	9	0	0	0	0	0	0	0	0	0	0	0	0	0	0	0	0	0	0	0	0	0	0	0	0	0	0	16	0	268	0	0	0	0	0	0	0	0	0	0	60	0	0	0	0	0	0	0	0	0	0	0	0	0	0	0	0	0	0	61	0	0	0	0	32
assemblage-146-728	0	21	0	0	109	0	0	21	10	0	0	0	0	0	0	0	0	0	0	0	0	0	0	0	6	0	0	0	0	0	0	0	0	0	0	0	0	0	0	0	0	0	0	0	0	0	0	83	0	0	0	167	0	0	0	0	0	0	0	0	0	4	0	7	52	0	0	0	0	0	0	0	0	0	0	20
assemblage-964-988	0	0	0	0	0	0	0	0	0	0	0	0	0	0	0	0	0	0	0	0	0	0	0	0	0	0	0	0	0	0	0	0	0	0	0	0	10	0	0	20	0	0	0	0	0	0	0	0	0	0	0	0	0	0	11	0	0	0	0	0	0	0	0	0	433	0	0	0	0	0	0	0	0	0	0	26
assemblage-157-739	0	0	0	0	0	0	0	0	0	0	0	0	0	0	0	0	213	0	0	0	0	0	0	0	0	0	0	0	0	0	144	0	8	0	0	0	0	0	0	0	0	0	0	0	27	0	0	62	6	0	0	0	0	0	0	0	0	0	0	0	0	0	0	0	29	0	0	0	0	0	0	0	0	0	0	11
assemblage-418-895	0	0	0	0	0	0	0	0	0	0	0	0	0	0	0	0	217	0	0	0	0	0	7	0	0	0	0	0	0	0	131	0	14	0	0	0	0	0	0	0	0	0	0	0	27	0	0	74	0	0	0	0	0	0	0	0	0	0	0	0	0	0	0	0	16	0	0	0	0	0	0	0	0	0	0	14
assemblage-349-945	0	0	0	0	0	0	0	0	0	0	0	25	0	0	0	0	0	0	0	0	0	0	0	0	0	0	0	0	0	0	0	0	0	0	0	0	0	0	11	0	0	0	0	0	0	0	0	10	0	14	0	433	0	0	0	0	0	0	0	0	0	0	0	0	0	0	0	0	0	0	0	0	0	0	0	7
assemblage-549-299	0	0	0	0	0	0	0	0	0	0	0	44	0	0	42	0	0	0	0	0	0	0	0	0	0	0	0	0	0	0	0	0	0	0	0	0	0	0	351	0	0	0	0	0	0	0	0	0	0	0	0	46	0	0	0	0	0	11	0	0	0	0	0	0	0	0	0	0	0	0	0	0	0	0	0	6
assemblage-547-488	78	0	0	0	0	0	0	0	0	0	0	0	0	0	0	0	0	0	0	0	0	0	0	0	0	0	0	0	0	0	0	0	0	110	0	0	0	10	0	0	0	0	0	0	0	0	0	295	0	0	0	0	0	0	0	0	0	0	0	0	0	0	0	0	0	0	0	0	0	0	0	0	0	0	0	7
assemblage-206-355	0	0	0	0	0	0	61	0	0	0	0	12	0	0	0	0	0	0	0	0	0	0	0	0	0	0	0	0	0	0	0	0	0	0	0	0	0	0	21	0	277	0	0	0	0	0	0	0	0	0	0	61	0	0	0	0	0	0	0	0	0	0	0	0	0	0	0	0	0	0	41	0	8	0	0	19
assemblage-185-363	0	0	0	0	0	0	0	0	0	0	0	11	0	0	0	0	0	0	0	0	0	0	0	0	0	0	0	0	0	0	0	0	0	0	0	0	0	0	407	0	0	0	0	0	0	0	0	0	0	0	0	17	0	0	0	0	0	0	0	0	0	0	0	0	0	0	0	0	0	0	57	0	0	0	0	8
assemblage-886-386	0	0	0	0	0	0	0	0	0	0	0	5	0	0	0	0	0	0	0	0	0	0	0	0	0	0	0	0	0	0	0	0	0	0	0	0	0	0	412	0	0	0	0	0	0	0	0	0	0	0	0	23	0	0	0	0	0	0	0	0	0	0	0	0	0	0	0	0	0	0	52	0	0	0	0	8
assemblage-118-366	0	0	0	0	0	0	0	0	0	0	0	0	0	0	0	0	0	0	0	0	44	0	0	0	0	0	0	0	0	0	109	0	0	0	0	0	0	0	0	4	0	0	0	0	0	0	0	309	0	0	0	0	0	0	0	0	0	0	22	0	0	0	0	0	0	0	0	0	0	0	0	0	0	0	0	12
assemblage-162-980	0	0	0	0	0	0	0	0	0	0	0	0	0	0	0	0	0	0	0	0	0	0	0	7	0	0	0	0	0	0	0	0	12	0	0	0	0	0	0	0	0	0	0	0	0	0	0	399	0	0	0	0	0	0	0	0	0	0	15	0	32	0	0	0	0	0	15	0	0	0	0	0	0	0	0	20
assemblage-200-370	0	0	0	0	0	0	53	0	0	0	0	9	0	0	0	0	0	0	0	0	0	0	0	0	0	0	0	0	0	0	0	0	0	0	0	0	0	0	10	0	287	0	0	0	0	0	0	0	0	0	0	63	0	0	0	0	0	0	0	0	0	0	0	0	0	0	0	0	0	0	56	0	12	0	0	10
assemblage-503-578	0	0	0	0	0	0	0	0	0	4	0	0	0	0	0	0	0	0	0	0	0	0	0	0	0	45	26	182	0	0	0	0	0	0	0	0	0	0	8	0	0	0	0	0	0	0	0	0	0	0	0	57	0	0	0	0	0	0	0	0	0	0	0	0	0	0	0	0	0	0	167	0	0	0	0	11
assemblage-202-368	0	0	0	0	0	0	0	0	0	0	0	313	0	0	0	0	0	0	0	0	0	0	0	0	0	0	0	0	0	0	0	0	0	0	0	0	0	0	0	0	0	0	0	31	0	0	0	0	0	0	0	48	0	0	0	0	0	0	0	0	0	0	25	0	0	0	0	0	0	0	75	0	0	0	0	8
assemblage-264-933	0	0	0	0	0	0	59	0	0	0	0	13	0	0	0	0	0	0	0	0	0	0	0	0	0	0	0	0	0	0	0	0	0	0	0	0	0	0	11	0	280	0	0	0	0	0	0	0	0	0	0	65	0	0	0	0	0	0	0	0	0	0	0	0	0	0	0	0	0	0	56	0	3	0	0	13
assemblage-124-373	0	0	19	0	0	0	0	0	0	0	0	0	0	0	0	0	0	0	0	0	14	0	0	0	15	0	0	0	0	0	0	0	0	0	0	0	0	0	0	408	0	0	0	0	0	0	0	0	0	0	0	0	0	0	0	0	24	0	0	0	0	0	0	0	2	0	0	0	0	0	0	0	0	0	0	18
assemblage-144-970	0	0	0	0	0	355	0	0	0	0	0	0	0	0	0	0	0	0	0	0	0	0	0	0	0	0	0	0	0	0	0	0	99	0	0	0	0	0	0	0	0	0	0	0	0	0	0	12	0	0	0	0	0	0	0	0	1	0	15	0	0	0	0	0	0	0	0	0	0	0	0	0	0	0	0	18
assemblage-268-932	0	0	0	0	0	0	0	0	0	0	0	303	0	0	0	0	0	0	0	0	0	0	0	0	0	0	0	0	0	0	0	0	0	0	0	0	0	0	0	0	0	0	0	30	0	0	0	0	0	0	0	37	0	0	0	0	0	0	0	0	0	0	22	0	0	0	0	0	0	0	100	0	0	0	0	8
assemblage-421-910	0	0	0	0	0	0	0	0	0	0	0	0	0	0	0	0	220	0	0	0	0	0	0	0	0	0	0	0	0	0	125	0	8	0	0	0	0	0	0	0	0	0	0	0	29	0	0	72	0	0	0	0	0	0	0	0	0	0	0	0	0	0	0	0	22	0	0	0	0	0	0	0	0	0	0	24
assemblage-661-663	0	0	0	0	0	13	0	0	0	0	0	14	0	0	0	0	0	0	0	0	0	0	0	0	0	0	0	0	0	0	0	0	0	0	0	0	0	0	10	0	0	0	0	0	0	0	0	12	0	11	0	432	0	0	0	0	0	0	0	0	0	0	0	0	0	0	0	0	0	0	0	0	0	0	0	8
assemblage-878-367	0	0	0	0	0	10	0	0	0	0	0	9	0	0	0	0	0	0	0	0	0	0	0	0	0	0	0	0	0	0	0	0	0	0	0	0	0	0	10	0	0	0	0	0	0	0	0	11	0	8	0	445	0	0	0	0	0	0	0	0	0	0	0	0	0	0	0	0	0	0	0	0	0	0	0	7
assemblage-890-368	0	0	0	0	0	0	0	0	0	0	0	38	0	0	40	0	0	0	0	0	0	0	0	0	0	0	0	0	0	0	0	0	0	0	0	0	0	0	363	0	0	0	0	0	0	0	0	0	0	0	0	32	0	0	0	0	0	10	0	0	0	0	0	0	0	0	0	0	0	0	0	0	0	0	0	17
assemblage-215-380	0	0	0	0	0	0	0	0	0	9	0	0	0	0	0	0	0	0	0	0	0	0	0	0	0	45	37	164	0	0	0	0	0	0	0	0	0	0	4	0	0	0	0	0	0	0	0	0	0	0	0	69	0	0	0	0	0	0	0	0	0	0	0	0	0	0	0	0	0	0	157	0	0	0	0	15
assemblage-270-241	0	5	0	0	0	379	0	0	0	0	0	35	0	0	0	0	0	0	0	21	0	0	0	0	0	0	0	0	0	0	0	0	0	0	0	0	0	0	0	0	0	0	0	0	0	0	0	35	0	0	0	0	0	0	0	0	0	0	0	21	0	0	0	0	0	0	0	0	0	0	0	0	0	0	0	4
assemblage-552-274	0	0	0	0	0	0	0	0	0	0	0	0	10	12	0	0	0	0	0	0	0	0	0	0	0	0	0	0	0	0	0	0	0	0	0	0	0	0	0	0	0	0	0	0	0	0	0	42	0	0	0	137	0	0	0	0	0	0	0	0	0	0	0	0	0	0	0	0	0	0	277	0	0	0	0	22
assemblage-851-1006	0	0	0	0	0	0	0	0	0	0	0	0	0	0	0	0	0	0	27	0	340	0	0	0	0	0	0	0	0	0	0	0	0	0	0	0	0	0	0	0	0	0	0	0	0	117	0	0	0	0	0	0	0	0	0	0	0	0	0	0	0	0	0	0	0	0	0	0	0	5	0	0	0	0	0	11
assemblage-370-965	0	0	0	0	0	0	0	0	0	0	0	43	0	0	44	0	0	0	0	0	0	0	0	0	0	0	0	0	0	0	0	0	0	0	0	0	0	0	345	0	0	0	0	0	0	0	0	0	0	0	0	37	0	0	0	0	0	14	0	0	0	0	0	0	0	0	0	0	0	0	0	0	0	0	0	17
assemblage-539-268	0	0	0	0	0	51	0	0	0	0	0	212	0	0	0	0	0	0	0	2	0	0	0	0	0	0	0	0	0	0	0	0	0	0	0	6	0	0	0	0	0	0	0	0	0	0	0	0	0	0	0	209	13	0	0	0	0	0	0	0	0	0	0	0	0	0	0	0	0	0	0	0	0	0	0	7
assemblage-374-948	0	0	0	0	0	0	0	0	0	0	0	0	11	12	0	0	0	0	0	0	0	0	0	0	0	0	0	0	0	0	0	0	0	0	0	0	0	0	0	0	0	0	0	0	0	0	0	62	0	0	0	109	0	0	0	0	0	0	0	0	0	0	0	0	0	0	0	0	0	0	291	0	0	0	0	15
assemblage-396-911	0	29	0	0	131	0	0	23	8	0	0	0	0	0	0	0	0	0	0	0	0	0	0	0	0	0	0	0	0	0	0	0	0	0	0	0	0	0	0	0	0	0	0	0	0	0	0	67	0	0	0	137	0	0	0	0	0	0	0	0	0	15	0	7	50	0	0	0	0	0	0	0	0	0	0	33
assemblage-141-1001	0	0	0	0	0	378	0	0	0	0	0	0	0	0	0	0	0	0	0	0	0	0	0	0	0	0	0	0	0	0	0	0	74	0	0	0	0	0	0	0	0	0	0	0	0	0	0	0	0	0	0	0	0	0	0	0	13	0	15	0	0	0	0	0	0	0	0	0	0	0	0	0	0	0	0	20
assemblage-871-379	0	0	0	0	0	0	0	0	0	0	0	0	0	0	0	0	0	0	0	0	0	0	0	0	0	0	0	0	0	0	0	0	0	0	0	0	0	0	405	0	0	0	0	0	0	0	0	0	0	0	0	14	0	0	0	0	0	0	0	0	0	0	0	0	0	0	0	0	0	0	68	0	0	0	0	13
assemblage-431-904	0	15	0	0	123	0	0	13	16	0	0	0	0	0	0	0	0	0	0	0	0	0	0	0	8	0	0	0	0	0	0	0	0	0	0	0	0	0	0	0	0	0	0	0	0	0	0	86	0	0	0	157	0	0	0	0	0	0	0	0	0	7	0	12	51	0	0	0	0	0	0	0	0	0	0	12
assemblage-838-986	0	0	5	0	0	0	0	0	0	0	0	0	0	0	0	0	0	0	55	0	329	0	0	0	0	0	0	0	0	0	0	0	0	0	0	0	0	0	0	0	0	0	0	0	0	92	0	0	0	0	0	0	0	0	0	0	0	0	0	0	0	0	0	0	0	0	0	0	0	8	0	0	0	0	0	11
assemblage-853-988	0	0	2	0	0	0	0	0	0	0	0	0	0	0	0	0	0	0	38	0	323	0	0	0	0	0	0	0	0	0	0	0	0	0	0	0	0	0	0	0	0	0	0	0	0	113	0	0	0	0	0	0	0	0	0	0	0	0	0	0	0	0	0	0	0	0	0	0	0	12	0	0	0	0	0	12
assemblage-643-890	0	5	0	0	0	384	0	0	0	0	0	42	0	0	0	0	0	0	0	18	0	0	0	0	0	0	0	0	0	0	0	0	0	0	0	0	0	0	0	0	0	0	0	0	0	0	0	29	0	0	0	0	0	0	0	0	0	0	0	15	0	0	0	0	0	0	0	0	0	0	0	0	0	0	0	7
assemblage-954-990	0	0	0	0	0	0	0	0	0	0	0	0	0	0	0	0	0	0	0	0	0	0	0	0	0	0	0	0	0	0	0	0	0	0	0	0	8	0	0	18	0	0	0	0	0	0	0	0	0	0	0	0	0	0	12	0	0	0	0	0	0	0	0	0	453	0	0	0	0	0	0	0	0	0	0	9
assemblage-359-943	0	0	0	0	0	0	0	0	0	0	0	51	0	0	38	0	0	0	0	0	0	0	0	0	0	0	0	0	0	0	0	4	0	0	0	0	0	0	332	0	0	0	0	0	0	0	0	0	0	0	0	46	0	0	0	0	0	17	0	0	0	0	0	0	0	0	0	0	0	0	0	0	0	0	0	12
assemblage-493-587	0	0	0	0	0	0	68	0	0	0	0	14	0	0	0	0	0	0	0	0	0	0	0	0	0	0	0	0	0	0	0	0	0	0	0	0	0	0	13	0	254	0	4	0	0	0	0	0	0	0	0	77	0	0	0	0	0	0	0	0	0	0	0	0	0	0	0	0	0	0	58	0	0	0	0	12
assemblage-139-994	0	18	0	0	123	0	0	28	17	0	0	0	0	0	0	0	0	0	0	0	0	0	0	0	9	0	0	0	0	0	0	0	0	0	0	0	0	0	0	0	0	0	0	0	0	0	0	76	0	0	0	141	0	0	0	0	0	0	0	0	0	8	0	7	53	0	0	0	0	0	0	0	0	0	0	20
assemblage-752-921	0	0	0	0	0	0	0	117	0	0	4	0	0	0	0	0	0	0	0	0	0	0	0	0	0	0	0	0	0	0	0	0	0	0	0	0	0	0	0	97	0	0	0	0	0	0	0	15	0	0	0	0	0	0	0	0	0	0	0	0	0	0	0	0	221	0	26	0	0	0	0	0	0	0	0	20
assemblage-204-472	0	0	0	0	0	0	0	0	0	0	0	0	0	0	0	0	0	0	0	0	56	0	0	0	0	0	0	0	0	0	95	0	0	0	0	0	0	0	0	10	0	0	0	0	0	0	0	297	0	0	0	0	0	0	0	0	0	0	23	0	0	0	0	0	11	0	0	0	0	0	0	0	0	0	0	8
assemblage-523-676	0	0	0	0	0	0	0	0	0	0	0	0	0	0	0	0	212	0	0	0	0	0	0	0	0	0	0	0	0	0	131	0	10	0	0	0	0	0	0	0	0	0	0	0	25	0	0	62	8	0	0	0	0	0	0	0	0	0	0	0	0	0	0	0	39	0	0	0	0	0	0	0	0	0	0	13
assemblage-264-950	0	0	0	0	0	0	0	0	0	0	0	311	0	0	0	0	0	0	0	0	0	0	0	0	0	0	0	0	0	0	0	0	0	0	0	0	0	0	0	0	0	0	0	30	0	0	0	0	0	0	0	27	0	0	0	0	0	0	0	0	0	0	22	0	0	0	0	0	0	0	103	0	0	0	0	7
assemblage-362-505	0	0	0	0	0	0	0	0	0	0	0	0	0	0	0	0	0	0	0	0	0	0	0	0	0	0	0	0	0	0	0	0	0	0	0	0	0	0	0	399	0	27	0	0	0	0	0	0	0	0	0	0	0	60	0	0	0	0	0	0	0	0	0	0	0	0	0	0	0	0	0	0	0	0	0	14
assemblage-368-489	0	0	0	0	0	0	0	0	0	0	0	0	0	0	0	0	0	0	0	0	0	0	0	0	0	0	0	0	0	0	0	0	0	0	0	0	0	0	0	384	0	28	0	0	0	0	0	0	0	0	0	0	0	76	0	0	0	0	0	0	0	0	0	0	0	0	0	0	0	0	0	0	0	0	0	12
assemblage-150-708	0	0	0	0	0	0	0	0	0	0	0	0	0	0	0	0	225	0	0	0	0	0	0	0	0	0	0	0	0	0	133	0	13	0	0	0	0	0	0	0	0	0	0	0	26	0	0	53	0	0	0	0	0	0	0	0	0	0	0	0	0	0	0	0	29	0	0	0	0	0	0	0	0	0	0	21
assemblage-344-500	0	0	0	0	0	0	0	0	0	0	0	0	0	0	0	0	0	0	0	0	0	6	0	0	0	0	0	0	0	0	0	0	0	0	0	0	0	0	0	380	0	35	0	0	0	0	0	0	0	0	0	0	0	70	0	0	0	0	0	0	0	0	0	0	0	0	0	0	0	0	0	0	0	0	0	9
assemblage-364-627	0	0	0	0	0	30	0	0	0	0	0	0	0	0	0	0	0	0	0	0	0	0	0	0	0	0	0	0	0	0	0	0	0	0	0	0	0	0	148	0	0	0	0	0	0	0	0	86	0	0	0	125	0	0	0	0	0	83	0	0	0	0	0	0	0	0	0	0	8	0	0	0	0	0	10	10
assemblage-341-745	0	0	0	0	0	0	0	116	0	0	0	0	0	0	0	5	0	0	0	0	0	0	0	0	0	0	0	0	0	0	0	0	0	0	0	0	0	0	0	113	0	0	0	0	0	0	0	7	0	0	0	0	0	0	0	0	0	0	0	0	0	0	0	0	203	0	29	0	0	0	0	0	0	0	0	27
assemblage-554-282	0	0	0	0	0	67	0	0	0	0	0	194	0	0	0	0	0	0	0	8	0	0	0	0	0	0	0	0	0	0	0	0	0	0	0	8	0	0	0	0	0	0	0	0	0	0	0	0	0	0	0	189	17	0	0	0	0	0	0	0	0	0	0	0	0	0	0	0	0	0	0	0	0	0	0	17
assemblage-158-689	0	0	0	0	0	359	0	0	0	0	0	0	0	0	0	0	0	0	0	0	0	0	0	0	0	0	0	0	0	0	0	0	101	0	0	0	0	0	0	0	0	0	0	0	0	0	0	0	0	0	0	0	0	0	0	0	7	0	13	0	0	0	0	0	0	0	0	0	0	0	0	0	0	0	0	20
assemblage-187-481	0	0	0	0	0	124	0	0	0	0	0	0	0	0	0	0	0	11	0	0	211	0	0	0	0	0	0	0	6	0	0	0	107	0	0	0	0	0	0	0	0	0	0	0	0	0	0	10	0	0	0	0	0	0	0	0	0	0	0	0	0	0	0	0	17	0	0	0	0	0	0	0	0	0	0	14
assemblage-847-379	0	0	0	0	0	0	66	0	0	0	0	21	0	0	0	0	0	0	0	0	0	0	0	0	0	0	0	0	0	0	0	0	0	0	0	0	0	0	12	0	278	0	0	0	0	0	0	0	0	0	0	65	0	0	0	0	0	0	0	0	0	0	0	0	0	0	0	0	0	0	43	0	6	0	0	9
assemblage-163-698	0	0	0	0	0	0	0	0	0	0	0	0	0	0	0	0	211	0	0	0	0	0	0	0	0	0	0	0	0	0	128	0	9	0	0	0	0	0	0	0	0	0	0	0	44	0	0	76	0	0	0	0	0	0	0	0	0	0	0	0	0	0	0	0	20	0	0	0	0	0	0	0	0	0	0	12
assemblage-761-903	0	0	0	0	0	0	0	0	0	0	0	0	0	0	0	0	0	0	0	0	65	0	0	0	0	0	0	0	0	0	102	0	0	0	0	0	0	0	0	5	0	0	0	0	0	0	0	305	0	0	0	0	0	0	0	0	0	0	15	0	0	0	0	0	0	0	0	0	0	0	0	0	0	0	0	8
assemblage-147-979	0	0	0	0	0	0	0	0	0	0	0	0	0	0	0	0	0	0	0	0	0	0	0	0	0	0	0	0	0	0	0	0	8	0	0	0	0	0	0	0	0	0	0	0	0	0	0	404	0	0	0	0	0	0	0	0	0	0	20	0	35	0	0	0	0	0	11	0	0	0	0	0	0	0	0	22
assemblage-120-380	0	0	6	0	0	0	0	0	0	0	0	0	0	0	0	0	0	0	0	0	45	0	0	0	0	0	0	0	0	0	109	0	0	0	0	0	0	0	0	7	0	0	0	0	0	0	0	300	0	0	0	0	0	0	0	0	0	0	17	0	0	0	0	0	0	0	0	0	0	0	0	0	0	0	0	16
assemblage-356-762	0	0	0	0	0	0	0	120	0	0	2	0	0	0	0	10	0	0	0	0	0	0	0	0	0	0	0	0	0	0	0	0	0	0	7	0	0	0	0	105	0	0	0	0	0	0	0	0	0	0	0	0	0	0	0	0	0	0	0	0	0	0	0	0	204	0	27	0	0	0	0	0	0	0	0	25
assemblage-830-1001	0	0	0	0	0	0	0	0	0	0	0	0	0	0	0	0	0	0	54	0	336	0	0	0	0	0	0	0	0	0	0	0	0	0	0	0	0	0	0	0	0	0	0	0	0	90	0	0	0	0	0	0	0	0	0	0	0	0	0	0	0	0	0	0	0	0	0	0	0	0	0	0	0	0	0	20
assemblage-897-363	0	0	0	0	0	20	0	0	0	0	0	76	0	0	11	0	0	0	0	0	0	0	0	0	0	0	0	0	0	0	0	0	0	0	0	0	0	0	72	0	0	0	0	0	0	0	0	11	0	0	0	190	0	0	0	0	0	0	0	0	0	0	0	0	0	0	0	0	0	0	74	0	0	0	0	46
assemblage-538-479	69	0	0	9	0	0	0	0	0	0	0	0	0	0	0	0	0	0	0	0	0	0	0	0	0	0	0	0	0	0	0	0	0	120	0	0	0	7	0	0	0	0	0	0	0	0	0	284	0	0	0	0	0	0	0	0	0	0	0	0	0	0	0	0	0	0	0	0	0	0	0	0	0	0	0	11
assemblage-976-999	0	0	0	0	0	0	0	0	0	0	0	0	0	0	0	0	0	0	0	0	0	0	0	0	0	0	0	0	0	0	0	0	0	0	0	0	7	0	0	21	0	0	0	0	0	0	0	0	0	0	0	0	0	0	7	0	0	0	0	0	0	0	0	0	451	0	0	0	0	0	0	0	0	0	0	14
assemblage-636-652	0	0	0	0	0	0	0	0	0	0	0	33	0	0	0	0	0	0	0	0	0	0	0	0	0	0	0	0	0	0	0	0	0	0	0	0	0	0	8	0	0	0	0	0	0	0	0	15	0	18	0	416	0	0	0	0	0	0	0	0	0	0	0	0	0	0	0	0	0	0	0	0	0	0	0	10
assemblage-427-897	0	19	0	0	136	0	0	22	10	0	0	0	0	0	0	0	0	0	0	0	0	0	0	0	5	0	0	0	0	0	0	0	0	0	0	0	0	0	0	0	0	0	0	0	0	0	0	86	0	0	0	146	0	0	0	0	0	0	0	0	0	5	0	6	48	0	0	0	0	0	0	0	0	0	0	17
assemblage-390-928	0	0	0	0	0	66	0	0	0	0	0	212	0	0	0	0	0	0	0	6	0	0	0	0	0	0	0	0	0	0	0	0	0	0	0	5	0	0	0	0	0	0	0	0	0	0	0	0	0	0	0	197	6	0	0	0	0	0	0	0	0	0	0	0	0	0	0	0	0	0	0	0	0	0	0	8
assemblage-827-981	0	0	3	0	0	0	0	0	0	0	0	0	0	0	0	0	0	0	56	0	351	0	0	0	0	0	0	0	0	0	0	0	0	0	0	0	0	0	0	0	0	0	0	0	0	74	0	0	0	0	0	0	0	0	0	0	0	0	0	0	0	0	0	0	0	0	0	0	0	0	0	0	0	0	0	16
assemblage-362-744	0	0	0	0	0	143	0	0	0	0	0	0	0	0	0	0	0	7	0	0	203	0	0	0	0	0	0	0	2	0	0	0	107	0	0	0	0	0	0	0	0	0	0	0	0	0	0	10	0	0	0	0	0	0	0	0	0	0	0	0	0	0	0	0	21	0	0	0	0	0	0	0	0	0	0	7
assemblage-270-231	0	0	0	0	0	39	0	0	0	0	0	0	0	0	0	0	0	0	0	0	0	0	0	0	0	0	0	0	0	0	0	0	0	0	0	0	0	0	151	0	0	0	0	0	0	0	0	73	0	0	0	122	0	0	0	0	0	93	0	0	0	0	0	0	0	0	0	0	10	0	0	0	0	0	7	5
assemblage-122-380	0	0	0	0	0	0	0	90	0	0	0	0	0	0	0	8	0	0	0	0	0	0	0	0	0	0	0	0	0	0	0	0	0	0	2	0	0	0	0	114	0	0	0	0	0	0	0	9	0	0	0	0	0	0	0	0	0	0	0	0	0	0	0	0	221	0	33	0	0	0	0	0	0	0	0	23
assemblage-344-624	0	13	0	0	0	0	0	0	0	0	0	0	0	0	0	0	32	0	0	0	0	0	0	0	0	0	0	0	0	0	0	0	0	0	0	0	0	0	0	0	0	0	0	0	0	0	0	196	0	0	36	156	0	0	0	0	0	0	0	0	0	0	0	0	0	0	0	3	0	0	0	56	0	0	0	8
assemblage-702-726	0	4	0	0	0	379	0	0	0	0	0	40	0	0	0	0	0	0	0	14	0	0	0	0	0	0	0	0	0	0	0	0	0	0	0	0	0	0	0	0	0	0	0	0	0	0	0	38	0	0	0	0	0	0	0	0	0	0	0	18	0	0	0	0	0	0	0	0	0	0	0	0	0	0	0	7
assemblage-861-376	0	0	0	0	0	0	0	0	0	0	0	3	0	0	0	0	0	0	0	0	0	0	0	0	0	0	0	0	0	0	0	0	0	0	0	0	0	0	406	0	0	0	0	0	0	0	0	0	0	0	0	23	0	0	0	0	0	0	0	0	0	0	0	0	0	0	0	0	0	0	55	0	0	0	0	13
assemblage-261-926	0	0	0	0	0	0	0	0	0	0	0	318	0	0	0	0	0	0	0	0	0	0	0	0	0	0	0	0	0	0	0	0	0	0	0	0	0	0	0	0	0	0	0	27	0	0	0	0	0	0	0	57	0	0	0	0	0	0	0	0	0	0	21	0	0	0	0	0	0	0	68	0	0	0	0	9
assemblage-540-275	0	0	0	0	0	0	0	0	0	0	0	0	11	18	0	0	0	0	0	0	0	0	0	0	0	0	0	0	0	0	0	0	0	0	0	0	0	0	0	0	0	0	0	0	0	0	0	38	0	0	0	127	0	0	0	0	0	0	0	0	0	0	0	0	0	0	0	0	0	0	284	0	0	0	0	22
assemblage-499-566	0	0	0	0	0	0	0	0	0	8	0	0	0	0	0	0	0	0	0	0	0	0	0	0	0	46	24	171	0	0	0	0	0	0	0	0	0	0	6	0	0	0	0	0	0	0	0	0	0	0	0	70	0	0	0	0	0	0	0	0	0	0	0	0	0	0	0	0	0	0	167	0	0	0	0	8
assemblage-889-374	0	0	0	0	0	0	0	0	0	0	0	17	0	0	0	0	0	0	0	0	0	0	0	0	0	0	0	0	0	0	0	0	0	0	0	0	0	0	8	0	0	0	0	0	0	0	0	10	0	22	0	431	0	0	0	0	0	0	0	0	0	0	0	0	0	0	0	0	0	0	0	0	0	0	0	12
assemblage-187-490	0	0	17	0	0	0	0	0	0	0	0	0	0	0	0	0	0	0	0	0	16	0	0	0	8	0	0	0	0	0	0	0	0	0	0	0	0	0	0	409	0	0	0	0	0	0	0	0	0	0	0	0	0	0	0	4	24	0	0	0	0	0	0	0	8	0	0	0	0	0	0	0	0	0	0	14
assemblage-527-668	0	0	0	0	0	9	0	0	0	0	0	0	0	0	0	0	0	0	0	0	0	0	0	0	0	0	0	0	0	0	0	0	17	0	0	0	0	0	0	0	0	0	0	0	0	0	0	399	0	0	0	0	0	0	0	0	0	0	15	0	34	0	0	0	0	0	8	0	0	0	0	0	0	0	0	18
assemblage-490-583	0	0	0	0	0	0	0	0	0	7	0	0	0	0	0	0	0	0	0	0	0	0	0	0	0	62	32	175	0	0	0	0	0	0	0	0	0	0	8	0	0	0	0	0	0	0	0	0	0	0	0	60	0	0	0	0	0	0	0	0	0	0	0	0	0	0	0	0	0	0	142	0	0	0	0	14
assemblage-174-486	0	0	0	0	0	131	0	0	0	0	0	0	0	0	0	0	0	7	0	0	214	0	0	0	0	0	0	0	0	0	0	0	106	0	0	0	0	0	0	0	0	0	0	0	0	0	0	5	0	0	0	0	0	0	0	0	0	0	0	0	0	0	0	0	21	0	0	0	0	0	0	0	0	0	0	16
assemblage-489-577	0	0	0	0	0	0	0	0	0	0	0	322	0	0	0	0	0	0	0	0	0	0	0	0	0	0	0	0	0	0	0	0	0	0	0	0	0	0	0	0	0	0	0	27	0	0	0	0	0	0	0	35	0	0	0	0	0	0	0	0	0	0	23	0	0	0	0	0	0	0	87	0	0	0	0	6
assemblage-639-891	0	0	0	0	0	380	0	0	0	0	0	39	0	0	0	0	3	0	0	21	0	0	0	0	0	0	0	0	0	0	0	0	0	0	0	0	0	0	0	0	0	0	0	0	0	0	0	31	0	0	0	0	0	0	0	0	0	0	0	13	0	0	0	0	0	0	0	0	0	0	0	0	0	0	0	13
assemblage-368-611	0	4	0	0	0	0	0	0	0	0	0	0	0	0	0	0	34	0	0	0	0	0	0	0	0	0	0	0	0	0	0	0	0	0	0	0	0	0	0	0	0	0	0	0	0	0	0	204	0	0	44	141	0	0	0	0	0	0	0	0	0	0	0	0	0	0	0	0	0	0	0	68	0	0	0	5
assemblage-420-895	0	0	0	0	0	0	0	0	0	0	0	0	0	0	0	0	196	0	0	0	0	0	0	0	0	0	0	0	0	0	142	0	10	0	0	0	0	0	0	0	0	0	0	0	37	0	0	67	3	0	0	0	0	0	0	0	0	0	0	0	0	0	0	0	27	0	0	0	0	0	0	0	0	0	0	18
assemblage-534-699	0	0	0	0	0	0	0	0	0	0	0	0	0	0	0	0	0	0	0	0	0	0	0	6	0	0	0	0	0	0	0	0	12	0	0	0	0	0	0	0	0	0	0	0	0	0	6	407	0	0	0	0	0	0	0	0	0	0	16	0	31	0	0	0	0	0	6	0	0	0	0	0	0	0	0	16
assemblage-527-463	70	0	0	3	0	0	0	0	0	0	0	0	0	0	0	0	0	0	0	0	0	0	0	0	0	0	0	0	0	0	0	0	0	123	0	0	0	0	0	0	0	0	0	0	0	0	0	288	0	0	0	0	0	0	0	0	0	0	0	0	0	0	0	0	0	0	0	0	0	0	0	0	0	6	0	10
assemblage-153-478	0	0	0	0	0	35	0	24	0	0	0	0	0	0	0	0	0	0	0	0	72	0	0	0	0	0	0	0	0	0	30	0	17	0	0	0	0	0	0	144	0	0	0	0	0	0	0	82	0	0	0	0	0	0	0	0	2	0	0	0	0	0	0	0	59	0	6	0	0	0	0	0	0	0	0	29
assemblage-540-477	81	0	0	12	0	0	0	0	0	0	0	0	0	0	0	0	0	0	0	0	0	0	0	0	0	0	0	0	0	0	0	0	0	122	0	0	0	4	0	0	0	0	0	0	0	0	0	275	0	0	0	0	0	0	0	0	0	0	0	0	0	0	0	0	0	0	0	0	0	0	0	0	0	0	0	6
assemblage-373-944	0	0	0	0	0	53	0	0	0	0	0	207	0	0	0	0	0	0	0	10	0	0	0	0	0	0	0	0	0	0	0	0	0	0	0	5	0	0	0	0	0	0	0	0	0	0	0	0	0	0	0	205	9	0	0	0	0	0	0	0	0	0	0	0	0	0	0	0	0	0	0	0	0	0	0	11
assemblage-665-898	0	0	0	0	0	29	0	0	0	0	0	0	0	0	0	0	0	0	0	0	0	0	0	0	0	0	0	0	0	0	0	93	0	0	0	0	0	0	0	0	0	0	0	0	0	0	0	206	0	0	0	161	0	0	0	0	0	0	0	0	0	0	0	0	0	0	0	0	0	0	0	0	0	0	0	11
assemblage-128-978	0	0	0	0	0	353	0	0	0	0	0	0	0	0	0	0	0	0	0	0	0	0	0	0	0	0	0	0	0	0	0	0	88	0	0	0	0	0	0	0	0	0	0	0	0	0	0	0	0	0	0	0	0	0	0	0	2	0	15	0	0	0	0	0	0	0	0	0	0	0	0	0	0	0	0	42
assemblage-212-377	0	0	0	0	0	0	51	0	0	0	0	12	0	0	0	0	0	0	0	0	0	0	0	0	0	0	0	0	0	0	0	0	0	0	0	0	0	0	7	0	296	0	0	0	0	0	0	0	0	7	0	63	0	0	0	0	0	0	0	0	0	0	0	0	0	0	0	0	0	0	47	0	11	0	0	6
assemblage-631-659	0	0	0	0	0	57	0	0	0	0	0	216	0	0	0	0	0	0	0	5	0	0	0	0	0	0	0	0	0	0	0	0	0	0	0	9	0	0	0	0	0	0	0	0	0	0	0	0	0	0	0	191	8	0	0	0	0	0	0	0	0	0	0	0	0	0	0	0	0	0	0	0	0	0	0	14
assemblage-209-386	0	0	0	0	0	0	61	0	0	0	0	13	0	0	0	0	0	0	0	0	0	0	0	0	0	0	0	0	0	0	0	0	0	0	0	0	0	0	15	0	264	0	0	0	0	0	0	0	0	0	0	79	0	0	0	0	0	0	0	0	0	0	0	0	0	0	0	0	0	0	46	0	4	0	0	18
assemblage-284-931	0	0	0	0	0	0	0	0	0	0	0	5	0	0	0	0	0	0	0	0	0	0	0	0	0	0	0	0	0	0	0	0	0	0	0	0	0	0	392	0	0	0	0	0	0	0	0	0	0	0	0	28	0	0	0	0	0	0	0	0	0	0	0	0	0	0	0	0	0	0	66	0	0	0	0	9
assemblage-357-512	0	0	0	0	0	0	0	0	0	0	0	0	0	0	0	0	0	0	0	0	0	8	0	0	0	0	0	0	0	0	0	0	0	0	0	0	0	0	0	381	0	47	0	0	0	0	0	0	0	0	0	0	0	58	0	0	0	0	0	0	0	0	0	0	0	0	0	0	0	0	0	0	0	0	0	6
assemblage-268-242	0	0	0	0	0	38	0	0	0	0	0	0	0	0	0	0	0	0	0	0	0	0	0	0	0	0	0	0	0	0	0	0	0	0	0	0	0	0	160	0	0	0	0	0	0	0	0	58	0	0	0	128	0	0	0	0	0	86	0	0	0	0	0	0	0	0	0	0	8	0	0	0	0	0	9	13
assemblage-657-898	0	3	0	0	0	0	0	0	0	0	0	0	0	0	0	0	38	0	0	0	0	0	0	0	0	0	0	0	0	0	0	0	0	0	0	0	0	0	0	0	0	0	0	0	0	0	0	180	0	0	31	162	0	0	0	0	0	0	0	0	0	0	0	0	0	0	0	0	0	0	0	73	0	0	0	13
assemblage-749-925	0	0	0	0	0	0	0	0	0	0	0	0	0	0	0	0	0	0	0	0	36	0	0	0	0	0	0	0	0	0	99	0	0	0	0	0	0	0	0	3	0	0	0	0	0	0	0	332	0	0	0	0	0	0	0	0	0	0	17	0	0	0	0	0	0	0	0	0	0	0	0	0	0	0	0	13
assemblage-549-481	66	0	0	5	0	0	0	0	0	0	0	0	0	0	0	0	0	0	0	0	0	0	0	0	0	0	0	0	0	0	0	0	0	110	0	0	0	8	0	0	0	0	0	0	0	0	0	300	0	0	0	0	0	0	0	0	0	0	0	0	0	0	0	0	0	0	0	0	0	0	0	0	0	0	0	11
assemblage-100-384	0	0	0	0	0	0	0	127	0	0	0	0	0	0	0	0	0	0	0	0	0	0	0	0	0	0	0	0	0	0	0	0	0	0	0	0	0	0	0	86	0	0	0	0	0	0	0	5	0	0	0	0	0	0	0	0	0	0	0	0	0	0	0	0	226	0	22	0	0	0	0	0	0	0	0	34
assemblage-545-281	0	0	0	0	0	0	0	0	0	0	0	0	15	24	0	0	0	0	0	0	0	0	0	0	0	0	0	0	0	0	0	0	0	0	0	0	0	0	5	0	0	0	0	0	0	0	0	44	0	0	0	105	0	0	0	0	0	0	0	0	0	0	0	0	0	0	0	0	0	0	297	0	0	0	0	10
assemblage-174-492	0	0	10	0	0	0	0	0	0	0	0	0	0	0	0	0	0	0	0	0	20	0	0	0	10	0	0	0	0	0	0	0	0	0	0	0	0	0	0	404	0	0	0	0	0	0	0	0	0	0	0	0	0	0	0	2	29	0	0	0	0	0	0	0	10	0	0	0	0	0	0	0	0	0	0	15
assemblage-639-660	0	0	0	0	0	7	0	0	0	0	0	19	0	0	0	0	0	0	0	0	0	0	0	0	0	0	0	0	0	0	0	0	0	0	0	0	0	0	15	0	0	0	0	0	0	0	0	18	0	14	0	422	0	0	0	0	0	0	0	0	0	0	0	0	0	0	0	0	0	0	0	0	0	0	0	5
assemblage-354-625	0	0	0	0	0	22	0	0	0	0	0	0	0	0	0	0	0	0	0	0	0	0	0	0	0	0	0	0	0	0	0	83	0	0	0	0	0	0	0	0	0	0	0	0	0	0	0	220	0	0	0	162	0	0	0	0	0	0	0	0	0	0	0	0	0	0	0	0	0	0	0	0	0	0	0	13
assemblage-634-662	0	0	0	0	0	0	0	0	0	0	0	41	0	0	46	0	0	0	0	0	0	0	0	0	0	0	0	0	0	0	0	0	0	0	0	0	0	0	347	0	0	0	0	0	0	0	0	0	0	0	0	40	0	0	0	0	0	8	0	0	0	0	0	0	0	0	0	0	0	0	0	0	0	0	0	18
assemblage-967-994	0	0	0	0	0	0	0	0	0	0	0	0	0	0	0	0	0	0	0	0	0	0	0	0	0	0	0	0	0	0	0	0	0	0	0	0	8	0	0	18	0	0	0	0	0	0	0	0	0	0	0	0	0	0	3	0	0	0	0	0	0	0	0	0	459	0	0	0	0	0	0	0	0	0	0	12
assemblage-540-468	74	0	0	3	0	0	0	0	0	0	0	0	0	0	0	0	0	0	0	0	0	0	0	0	0	0	0	0	0	0	0	0	0	134	0	0	0	10	0	0	0	0	0	0	0	0	0	267	0	0	0	0	0	0	0	0	0	0	0	0	0	0	0	0	0	0	0	0	0	0	0	0	0	0	0	12
assemblage-967-996	0	0	0	0	0	0	0	0	0	0	0	0	0	0	0	0	0	0	0	0	0	0	0	0	0	0	0	0	0	0	0	0	0	0	0	0	8	0	0	25	0	0	0	0	0	0	0	0	0	0	0	0	0	0	4	0	0	0	0	0	0	0	0	0	454	0	0	0	0	0	0	0	0	0	0	9
assemblage-142-364	0	0	0	0	0	146	0	0	0	0	0	0	0	0	0	0	0	8	0	0	208	0	0	0	0	0	0	0	0	0	0	0	90	0	0	0	0	0	0	0	0	0	0	0	0	0	0	5	0	0	0	0	0	0	0	0	0	0	0	0	0	0	0	0	23	0	0	0	0	0	0	0	0	0	0	20
assemblage-473-576	0	0	0	0	0	0	22	0	0	0	0	75	0	0	0	0	0	0	0	0	0	0	0	0	0	6	5	33	0	0	0	0	0	0	0	0	0	0	118	0	81	0	0	5	0	0	0	0	0	0	0	50	0	0	0	0	0	0	0	0	0	0	0	0	0	0	0	0	0	0	85	0	0	0	0	20
assemblage-370-615	0	5	0	0	0	43	0	0	0	0	0	0	0	0	0	0	0	0	0	0	0	0	0	0	0	0	0	0	0	0	0	0	0	0	0	0	0	0	161	0	0	0	0	0	0	0	0	65	0	0	0	116	0	0	0	0	0	94	0	0	0	0	0	0	0	0	0	0	8	0	0	0	0	0	4	4
assemblage-357-616	0	0	0	0	0	12	0	0	0	0	0	0	0	0	0	0	0	0	0	0	0	0	0	0	0	0	0	0	0	0	0	92	0	0	0	0	0	0	0	0	0	0	0	0	0	0	0	211	0	0	0	175	0	0	0	0	0	0	0	0	0	0	0	0	0	0	0	0	0	0	0	0	0	0	0	10
assemblage-947-996	0	0	0	0	0	0	0	0	0	0	0	0	0	0	0	0	0	0	0	0	0	0	0	0	0	0	0	0	0	0	0	0	0	0	0	0	9	0	0	20	0	0	0	0	0	0	0	0	0	0	0	0	0	0	9	0	0	0	0	0	0	0	0	0	447	0	0	0	0	0	0	0	0	0	0	15
assemblage-262-237	0	0	0	0	0	42	0	0	0	0	0	0	0	0	0	0	0	0	0	0	0	0	0	0	0	0	0	0	0	0	0	0	0	0	0	0	0	0	146	0	0	0	0	0	0	0	0	98	0	0	0	118	0	0	0	0	0	75	0	0	0	0	0	0	0	0	0	0	8	0	0	0	0	0	2	11
assemblage-161-461	0	0	0	0	0	0	0	0	0	0	0	0	0	0	0	0	0	0	0	0	67	0	0	0	0	0	0	0	0	0	102	0	0	0	0	0	0	0	0	0	0	0	0	0	0	0	0	301	0	0	0	0	0	0	0	0	0	0	16	0	0	0	0	0	2	0	0	0	0	0	0	0	0	0	0	12
assemblage-357-609	0	0	0	0	0	12	0	0	0	0	0	0	0	0	0	0	0	0	0	0	0	0	0	0	0	0	0	0	0	0	0	108	0	0	0	0	0	0	0	0	0	0	0	0	0	0	0	203	0	0	0	166	0	0	0	0	0	0	0	0	0	0	0	0	0	0	0	0	0	0	0	0	0	0	0	11
assemblage-357-765	0	0	18	0	0	0	0	0	0	0	0	0	0	0	0	0	0	0	0	0	7	0	0	0	7	0	0	0	0	5	0	0	0	0	0	0	0	0	0	410	0	0	0	0	0	0	0	0	0	0	0	0	0	0	0	0	29	0	0	0	0	0	0	0	14	0	0	0	0	0	0	0	0	0	0	10
assemblage-651-672	0	0	0	0	0	6	0	0	0	0	0	29	0	0	0	0	0	0	0	0	0	0	0	0	0	0	0	0	0	0	0	0	0	0	0	0	0	0	13	0	0	0	0	0	0	0	0	17	0	15	0	410	0	0	0	0	0	0	0	0	0	0	0	0	0	0	0	0	0	0	0	0	0	0	0	10
assemblage-722-718	0	8	0	0	0	0	0	0	0	0	0	0	0	0	0	0	33	0	0	0	0	0	0	0	0	0	0	0	0	0	0	0	0	0	0	0	0	0	0	0	0	0	0	0	0	0	0	183	0	0	38	166	0	0	0	0	0	0	0	0	0	0	0	0	0	0	0	5	0	0	0	60	0	0	0	7
assemblage-281-929	0	0	0	0	0	0	0	0	0	4	0	0	0	0	0	0	0	0	0	0	0	0	0	0	0	31	23	176	0	0	0	0	0	0	0	0	0	0	6	0	0	0	0	0	0	0	0	0	0	0	0	79	0	0	0	0	0	0	0	0	0	0	0	0	0	0	0	0	0	0	176	0	0	0	0	5
assemblage-757-904	0	0	0	0	0	0	0	115	0	0	0	0	0	0	0	0	0	0	0	0	0	0	0	0	0	0	0	0	0	0	0	0	0	0	0	0	0	0	0	98	0	0	0	0	0	0	0	8	0	0	0	0	0	0	0	0	0	0	0	0	0	0	0	0	224	0	25	0	0	0	0	0	0	0	0	30
assemblage-872-388	0	0	0	0	0	0	0	0	0	14	0	0	0	0	0	0	0	0	0	0	0	0	0	0	0	43	30	174	0	0	0	0	0	0	0	0	0	0	7	0	0	0	0	0	0	0	0	0	0	0	0	76	0	0	0	0	0	0	0	0	0	0	0	0	0	0	0	0	0	0	145	0	0	0	0	11
assemblage-648-665	0	0	0	0	0	60	0	0	0	0	0	194	0	0	0	0	0	0	0	18	0	0	0	0	0	0	0	0	0	0	0	0	0	0	0	15	0	0	0	0	0	0	0	0	0	0	0	0	0	0	0	191	5	0	0	0	0	0	0	0	0	0	0	0	0	0	0	0	0	0	0	0	0	0	0	17
assemblage-516-679	0	0	0	0	0	381	0	0	0	0	0	0	0	0	0	0	0	0	0	0	0	0	0	0	0	0	0	0	0	0	0	0	82	0	0	0	0	0	0	0	0	0	0	0	0	0	0	0	0	0	0	0	0	0	0	0	0	0	19	0	0	0	0	0	0	0	0	0	0	0	0	0	0	0	0	18
assemblage-709-731	0	0	0	0	0	26	0	0	0	0	0	0	0	0	0	0	0	0	0	0	0	0	0	0	0	0	0	0	0	0	0	85	0	0	0	0	0	0	0	0	0	0	0	0	0	0	0	225	0	0	0	151	0	0	0	0	0	0	0	0	0	0	0	0	0	0	0	0	0	0	0	0	0	0	0	13
assemblage-118-355	0	0	13	0	0	0	0	0	0	0	0	0	0	0	0	0	0	0	0	0	24	0	0	0	7	0	0	0	0	3	0	0	0	0	0	0	0	0	0	418	0	0	0	0	0	0	0	0	0	0	0	0	0	0	0	0	23	0	0	0	0	0	0	0	0	0	0	0	0	0	0	0	0	0	0	12
assemblage-651-901	0	8	0	0	0	0	0	0	0	0	0	0	0	0	0	0	29	0	0	0	0	0	0	0	0	0	0	0	0	0	0	0	0	0	0	0	0	0	0	0	0	0	0	0	0	0	0	176	0	0	39	152	0	0	0	0	0	0	0	0	0	0	0	0	0	0	0	6	0	0	0	83	0	0	0	7
assemblage-337-498	0	0	0	0	0	0	0	0	0	0	0	0	0	0	0	0	0	0	0	0	0	9	0	0	0	0	0	0	0	0	0	0	0	0	0	0	0	0	0	398	0	34	0	0	0	0	0	0	0	0	0	0	0	51	0	0	0	0	0	0	0	0	0	0	0	0	0	0	0	0	0	0	0	0	0	8
assemblage-275-233	0	7	0	0	0	399	0	0	0	0	0	33	0	0	0	0	0	0	0	11	0	0	0	0	0	0	0	0	0	0	0	0	0	0	0	0	0	0	0	0	0	0	0	0	0	0	0	37	0	0	0	0	0	0	0	0	0	0	0	9	0	0	0	0	0	0	0	0	0	0	0	0	0	0	0	4
assemblage-150-694	0	22	0	0	130	0	0	26	9	0	0	0	0	0	0	0	0	0	0	0	0	0	0	0	5	0	0	0	0	0	0	0	0	0	0	0	0	0	0	0	0	0	0	0	0	0	0	74	0	0	0	143	0	0	0	0	0	0	0	0	0	13	0	6	46	0	0	0	0	0	0	0	0	0	0	26
assemblage-338-611	0	0	0	0	0	18	0	0	0	0	0	0	0	0	0	0	0	0	0	0	0	0	0	0	0	0	0	0	0	0	0	83	0	0	0	0	0	0	0	0	0	0	0	0	0	0	0	222	0	0	0	168	0	0	0	0	0	0	0	0	0	0	0	0	0	0	0	0	0	0	0	0	0	0	0	9
assemblage-170-969	0	0	0	0	0	361	0	0	0	0	0	0	0	0	0	0	0	0	0	0	0	0	0	0	0	0	0	0	0	0	0	0	91	0	0	0	0	0	0	0	0	0	0	0	0	0	0	0	0	0	0	0	0	0	0	0	9	0	12	0	0	0	0	0	0	0	0	0	0	0	0	0	0	0	0	27
assemblage-275-945	0	0	0	0	0	0	0	0	0	0	0	0	0	0	0	0	0	0	0	0	0	0	0	0	0	0	0	0	0	0	0	0	0	0	0	0	0	0	419	0	0	0	0	0	0	0	0	0	0	0	0	21	0	0	0	0	0	0	0	0	0	0	0	0	0	0	0	0	0	0	49	0	0	0	0	11
assemblage-262-240	0	0	0	0	0	16	0	0	0	0	0	0	0	0	0	0	0	0	0	0	0	0	0	0	0	0	0	0	0	0	0	91	0	0	0	0	0	0	0	0	0	0	0	0	0	0	0	220	0	0	0	159	0	0	0	0	0	0	0	0	0	0	0	0	0	0	0	0	0	0	0	0	0	0	0	14
assemblage-200-476	0	0	16	0	0	0	0	0	0	0	0	0	0	0	0	0	0	0	0	0	15	0	0	0	9	0	0	0	0	0	0	0	0	0	0	0	0	0	0	410	0	0	0	0	0	0	0	0	0	0	0	0	0	0	0	3	26	0	0	0	0	0	0	0	11	0	0	0	0	0	0	0	0	0	0	10
assemblage-656-655	0	0	0	0	0	0	0	0	0	0	0	32	0	0	50	0	0	0	0	0	0	0	0	0	0	0	0	0	0	0	0	0	0	0	0	0	0	0	354	0	0	0	0	0	0	0	0	0	0	0	0	43	0	0	0	0	0	12	0	0	0	0	0	0	0	0	0	0	0	0	0	0	0	0	0	9
assemblage-718-730	0	6	0	0	0	0	0	0	0	0	0	0	0	0	0	0	31	0	0	0	0	0	0	0	0	0	0	0	0	0	0	0	0	0	0	0	0	0	0	0	0	0	0	0	0	0	0	189	0	0	47	133	0	0	0	0	0	0	0	0	0	0	0	0	0	0	0	4	0	0	0	81	0	0	0	9
assemblage-413-894	0	0	0	0	0	0	0	0	0	0	0	0	0	0	0	0	0	0	0	0	0	0	0	9	0	0	0	0	0	0	0	0	13	0	0	0	0	0	0	0	0	0	0	0	0	0	0	383	0	0	0	0	0	0	0	0	0	0	17	0	46	0	0	0	0	0	12	0	0	0	0	0	0	0	0	20
assemblage-881-375	0	0	0	0	0	0	0	0	0	0	0	0	9	17	0	0	0	0	0	0	0	0	0	0	0	0	0	0	0	0	0	0	0	0	0	0	0	0	0	0	0	0	0	0	0	0	0	35	0	0	0	135	0	0	0	0	0	0	0	0	0	0	0	0	0	0	0	0	0	0	289	0	0	0	0	15
assemblage-483-564	0	0	0	0	0	0	0	0	0	0	0	330	0	0	0	0	0	0	0	0	0	0	0	0	0	0	0	0	0	0	0	0	0	0	0	0	0	0	0	0	0	0	0	24	0	0	0	0	0	0	0	35	0	0	0	0	0	0	0	0	0	0	19	0	0	0	0	0	0	0	87	0	0	0	0	5
assemblage-957-982	0	0	0	0	0	0	0	0	0	0	0	0	0	0	0	0	0	0	0	0	0	0	0	0	0	0	0	0	0	0	0	0	0	0	0	0	13	0	0	13	0	0	0	0	0	0	0	0	0	0	0	0	0	0	7	0	0	0	0	0	0	0	0	0	449	0	0	0	0	0	0	0	0	0	0	18
assemblage-160-729	0	24	0	0	102	0	0	26	7	0	0	0	0	0	0	0	0	0	0	0	0	0	0	0	7	0	0	0	0	0	0	0	0	0	0	0	0	0	0	0	0	0	0	0	0	0	0	63	0	0	0	180	0	0	0	0	0	0	0	0	0	9	0	10	42	0	0	0	0	0	0	0	0	0	0	30
assemblage-148-1000	0	0	0	0	0	0	0	0	0	0	0	0	0	0	0	0	0	0	0	0	0	0	0	0	0	0	0	0	0	0	0	0	15	0	0	0	0	0	0	0	0	0	0	0	0	0	0	400	0	0	0	0	0	0	0	0	0	0	15	0	39	0	0	0	0	0	13	0	0	0	0	0	0	0	0	18
assemblage-660-894	0	7	0	0	0	0	0	0	0	0	0	0	0	0	0	0	25	0	0	0	0	0	0	0	0	0	0	0	0	0	0	0	0	0	0	0	0	0	0	0	0	0	0	0	0	0	0	191	0	0	37	159	0	0	0	0	0	0	0	0	0	0	0	0	0	0	0	5	0	0	0	67	0	0	0	9
assemblage-546-468	87	0	0	0	0	0	0	0	0	0	0	0	0	0	0	0	0	0	0	0	0	0	0	0	0	0	0	0	0	0	0	0	0	111	0	0	0	8	0	0	0	0	0	0	0	0	0	274	0	0	0	0	0	0	0	0	0	0	0	0	0	0	0	0	0	0	0	0	0	0	0	0	0	6	0	14
assemblage-762-904	0	0	0	0	0	127	0	0	0	0	0	0	0	0	0	0	0	13	0	0	216	0	0	0	0	0	0	0	6	0	0	0	93	0	0	0	0	0	0	0	0	0	0	0	0	0	0	8	0	0	0	0	0	0	0	0	0	0	0	0	0	0	0	0	26	0	0	0	0	0	0	0	0	0	0	11
assemblage-358-501	0	0	0	0	0	0	0	0	0	0	0	0	0	0	0	0	0	0	0	0	0	0	0	0	0	0	0	0	0	0	0	0	0	0	0	0	0	0	0	394	0	29	0	0	0	0	0	0	0	0	0	0	0	64	0	0	0	0	0	0	0	0	0	0	0	0	0	0	0	0	0	0	0	0	0	13
assemblage-763-919	0	0	0	0	0	110	0	0	0	0	0	0	0	0	0	0	0	16	0	0	233	0	0	0	0	0	0	0	0	0	0	0	97	0	0	0	0	0	0	0	0	0	0	0	0	0	0	12	0	0	0	0	0	0	0	0	0	0	0	0	0	0	0	0	19	0	0	0	0	0	0	0	0	0	0	13
assemblage-697-729	0	10	0	0	0	0	0	0	0	0	0	0	0	0	0	0	31	0	0	0	0	0	0	0	0	0	0	0	0	0	0	0	0	0	0	0	0	0	0	0	0	0	0	0	0	0	0	161	0	0	49	164	0	0	0	0	0	0	0	0	0	0	0	0	0	0	0	7	0	0	0	70	0	0	0	8
assemblage-872-390	0	0	0	0	0	0	0	0	0	0	0	27	0	0	0	0	0	0	0	0	0	0	0	0	0	0	0	0	0	0	0	0	0	0	0	0	0	0	9	0	0	0	0	0	0	0	0	12	0	14	0	427	0	0	0	0	0	0	0	0	0	0	0	0	0	0	0	0	0	0	0	0	0	0	0	11
assemblage-888-383	0	0	0	0	0	0	0	0	0	0	0	62	0	0	40	0	0	0	0	0	0	0	0	0	0	0	0	0	0	0	0	0	0	0	0	0	0	0	329	0	0	0	0	0	0	0	0	0	0	0	0	31	0	0	0	0	0	16	0	0	0	0	0	0	0	0	0	0	0	0	0	0	0	0	0	22
assemblage-131-377	0	0	17	0	0	0	0	0	0	0	0	0	0	0	0	0	0	0	0	0	15	0	0	0	7	0	0	0	0	0	0	0	0	0	0	0	0	0	0	412	0	0	0	0	0	0	0	0	0	0	0	0	0	0	0	7	26	0	0	0	0	0	0	0	8	0	0	0	0	0	0	0	0	0	0	8
assemblage-534-295	0	0	0	0	0	0	0	0	0	0	0	0	13	14	0	0	0	0	0	0	0	0	0	0	0	0	0	0	0	0	0	0	0	0	0	0	0	0	7	0	0	0	0	0	0	0	0	49	0	0	0	107	0	0	0	0	0	0	0	0	0	0	0	0	0	0	0	0	0	0	295	0	0	0	0	15
assemblage-283-238	0	6	0	0	0	373	0	0	0	0	0	49	0	0	0	0	0	0	0	19	0	0	0	0	0	0	0	0	0	0	0	0	0	0	0	0	0	0	0	0	0	0	0	0	0	0	0	33	0	0	0	0	0	0	0	0	0	0	0	12	0	0	0	0	0	0	0	0	0	0	0	0	0	0	0	8
assemblage-773-891	0	0	0	0	0	0	0	0	0	0	0	0	0	0	0	0	0	0	0	0	54	0	0	0	0	0	0	0	0	0	111	0	0	0	0	0	0	0	0	0	0	0	0	0	0	0	0	296	0	0	0	0	0	0	0	0	0	0	23	0	0	0	0	0	0	0	0	0	0	0	0	0	0	0	0	16
assemblage-532-693	0	0	0	0	0	0	0	0	0	0	0	0	0	0	0	0	192	0	0	0	0	0	0	0	0	0	0	0	0	0	143	0	6	0	0	0	0	0	0	0	0	0	0	0	36	0	0	81	0	0	0	0	0	0	0	0	0	0	0	0	0	0	0	0	23	0	0	0	0	0	0	0	0	0	0	19
assemblage-653-885	0	5	0	0	0	125	0	0	0	0	0	9	0	0	0	0	5	0	0	0	0	0	0	0	0	0	0	0	0	0	0	19	0	0	0	0	0	0	37	0	0	0	0	0	0	0	0	136	0	0	8	95	0	0	0	0	0	24	0	0	0	0	0	0	0	0	0	0	0	0	0	20	0	0	0	17
assemblage-375-942	0	0	0	0	0	46	0	0	0	0	0	172	0	0	0	0	0	0	0	11	0	0	0	0	0	0	0	0	0	0	0	0	0	0	0	8	0	0	0	0	0	0	0	0	0	0	0	6	0	0	0	238	6	0	0	0	0	0	0	0	0	0	0	0	0	0	0	0	0	0	0	0	0	0	0	13
