Assemblage_Name	6275133-4-6248932	3-1-2055274	8139908-4-2623482	3-1-3	2-5484462-4	8139908-4-7962179	8139908-4-4432005	2-3-3156363	851710-2-8974236	5582628-4515426-1	5582628-2-1	2306945-2-1	5582628-3413432-1	6740834-3-4	5582628-9020581-1	5582628-3168480-1	2869715-4-4	1675647-3168480-1	3-1-2054536	589623-1258595-1	851710-3944508-8974236	5582628-3168480-2836218	8080316-4114327-1	106224-3833976-1	6160102-0-4	3-1-6306890	106224-3359979-1	3-1306642-3	5582628-3608091-9623220	61513-2-1	5582628-5844450-1	4-597966-6248932	2-3-4	2-3-0	3-5921935-2054536	3-1-4024406	5582628-3608091-1	8080316-3608091-1	2-2-1	8139908-4-1266484	851710-2-1679670	9590889-3168480-1	4700757-3608091-1	9339111-3-4	5582628-814413-1	5582628-3168480-8561957	851710-2-478712	851710-217234-8974236	3-92369-2054536	851710-2-1	5582628-6693187-1	4139450-3-4	4-4-6248932	851710-2-1376529	106224-3608091-1	8633843-4-4	851710-3944508-1555511	2-7331133-1	2-2-5563066	5582628-668716-1	8080316-2275621-1	4-0-3	4-0-4	8139908-1514286-6248932	8139908-4-6248932	5582628-668716-954394	5582628-3608091-476402	8139908-4-1738775	8139908-6444155-6248932
assemblage-189-363	0	0	0	0	0	0	0	0	0	0	0	0	0	0	0	222	0	0	0	0	0	0	0	0	0	0	29	0	0	0	0	0	0	0	0	0	0	0	0	0	0	0	0	0	0	0	0	0	0	0	0	0	0	0	230	0	7	0	0	0	0	0	0	0	0	0	0	0	12
assemblage-367-929	0	0	0	0	0	0	0	0	89	0	0	0	0	0	0	39	0	8	0	0	0	0	0	0	0	0	0	0	0	0	0	0	0	0	0	0	52	0	0	0	0	0	0	0	0	0	0	0	0	307	0	0	0	0	0	0	0	0	0	0	0	0	0	0	0	0	0	0	5
assemblage-750-917	0	6	0	0	0	0	0	0	0	0	0	0	0	0	0	0	0	0	318	0	0	0	0	0	28	0	0	0	0	0	0	0	0	0	0	0	0	0	7	0	0	0	0	0	0	0	0	0	7	0	0	0	0	0	0	0	0	0	0	0	0	0	9	0	101	0	0	0	24
assemblage-831-976	0	0	0	167	0	0	0	0	0	0	0	0	0	0	0	0	0	0	131	0	0	0	0	0	0	0	0	19	0	0	0	0	0	0	0	0	0	0	11	0	0	0	0	0	0	0	0	0	0	0	0	0	0	0	0	24	0	0	0	0	0	15	121	0	0	0	0	0	12
assemblage-544-479	0	0	0	43	0	0	0	0	0	0	0	0	0	0	0	0	11	0	36	0	0	0	0	0	0	0	0	0	0	0	0	0	125	6	0	0	0	0	109	0	0	0	0	0	0	0	0	0	0	0	0	0	87	0	0	6	0	11	0	0	0	0	19	0	18	0	0	0	29
assemblage-414-919	0	0	0	0	0	5	0	0	0	0	5	0	0	0	0	0	0	0	161	0	0	0	0	0	0	0	0	0	0	0	0	0	0	0	0	0	141	0	0	0	0	0	3	0	0	0	0	0	0	82	0	0	0	0	0	0	0	0	0	0	0	0	0	0	72	0	0	0	31
assemblage-656-900	0	0	0	0	0	0	0	0	0	0	0	0	0	0	0	0	0	0	24	0	0	0	0	0	0	0	0	0	0	0	0	0	0	0	0	18	220	131	0	0	0	0	0	0	0	0	0	0	0	94	0	0	0	0	0	0	0	0	0	0	0	0	0	0	0	0	0	0	13
assemblage-983-1003	0	0	0	0	0	0	0	0	0	0	0	0	0	7	0	0	0	0	0	0	0	0	0	0	0	0	0	0	0	0	0	0	459	0	0	0	0	0	0	0	0	0	0	11	0	0	0	0	0	0	0	0	0	0	0	0	0	0	0	0	0	0	0	0	0	0	0	0	23
assemblage-506-586	0	0	0	0	0	0	0	0	0	0	0	0	0	0	0	170	0	0	0	0	0	8	0	0	0	0	0	0	0	0	52	0	0	0	0	0	0	0	0	0	0	0	0	0	0	0	0	0	0	0	0	0	0	0	0	0	0	0	0	252	0	0	0	0	0	0	0	0	18
assemblage-864-394	0	0	0	0	0	0	0	0	26	0	0	0	0	0	0	0	0	0	0	0	0	0	0	21	0	0	0	0	0	0	0	0	0	0	0	0	249	0	0	0	6	0	0	0	0	0	0	0	0	17	0	0	0	0	163	0	0	0	0	0	0	0	0	0	0	0	0	0	18
assemblage-346-754	0	0	0	0	0	0	0	0	0	0	0	0	0	0	0	0	0	0	10	0	0	0	0	0	0	0	0	0	0	4	0	0	48	0	0	0	0	0	346	0	0	0	0	0	0	0	0	0	0	0	0	0	0	0	0	0	0	0	7	0	0	0	67	0	0	0	0	0	18
assemblage-343-509	0	0	0	0	0	0	0	0	0	0	5	0	0	0	0	0	0	0	0	0	0	0	0	0	0	0	0	0	0	0	0	0	0	0	0	0	0	0	417	0	0	0	0	0	0	0	0	0	0	0	0	0	0	0	0	0	0	56	0	0	0	0	0	0	0	0	0	0	22
assemblage-564-266	0	0	0	0	0	0	0	0	0	0	0	0	0	0	0	270	0	0	0	0	0	0	40	0	0	0	0	0	0	0	0	0	0	0	0	0	25	128	0	0	0	3	0	0	0	14	0	0	0	12	0	0	0	0	0	0	0	0	0	0	4	0	0	0	0	0	0	0	4
assemblage-887-364	0	0	0	0	0	0	0	0	0	0	0	0	0	0	0	246	0	0	0	0	0	0	48	0	0	0	0	0	0	0	0	0	0	0	0	0	15	164	0	0	0	7	0	0	0	0	0	0	0	5	0	0	0	0	0	0	0	0	0	0	0	0	0	0	0	0	0	0	15
assemblage-727-745	0	0	0	0	0	0	0	0	0	0	0	0	0	0	0	0	0	0	6	0	0	0	0	0	0	0	0	0	0	0	0	0	0	0	0	12	470	0	0	0	0	0	0	0	0	0	0	0	0	6	0	0	0	0	0	0	0	0	0	0	0	0	0	0	0	0	0	0	6
assemblage-159-705	0	0	0	0	0	22	0	0	0	0	10	0	0	0	0	0	0	0	82	0	0	0	0	0	0	0	0	0	0	0	0	0	0	0	0	0	0	0	0	0	0	0	0	0	0	0	0	0	0	379	0	0	0	0	0	0	0	0	0	0	0	0	0	0	0	0	0	0	7
assemblage-515-702	0	0	0	0	0	0	0	0	0	0	0	0	0	0	0	0	0	0	396	0	0	0	0	0	0	0	0	0	0	0	0	0	0	0	10	0	0	0	0	0	0	0	0	0	0	0	0	0	0	0	0	0	0	0	0	0	0	0	0	0	0	0	0	0	61	0	0	0	33
assemblage-692-724	0	0	0	0	0	0	0	0	0	0	0	0	0	0	0	0	0	0	11	0	0	0	0	0	0	0	0	0	0	0	0	0	0	0	0	11	469	0	0	0	0	0	0	0	0	0	0	0	0	1	0	0	0	0	0	0	0	0	0	0	0	0	0	0	0	0	0	0	8
assemblage-533-694	0	0	0	0	0	0	0	0	0	0	0	0	0	0	0	0	0	0	411	0	0	0	0	0	0	0	0	0	0	0	0	0	0	0	21	7	0	0	4	0	0	0	0	0	0	0	0	0	0	0	0	0	0	0	0	0	0	0	0	0	0	0	0	0	40	0	0	0	17
assemblage-857-390	0	0	0	0	0	0	0	0	0	0	0	0	0	0	0	175	0	0	0	0	0	7	0	0	0	0	0	0	0	0	55	0	0	0	0	0	0	0	0	0	0	0	0	0	0	0	0	0	0	1	0	0	0	0	0	0	0	0	0	250	0	0	0	0	0	0	0	0	12
assemblage-349-757	0	0	0	0	0	0	0	0	0	0	22	0	0	0	0	0	0	0	15	0	0	0	0	0	0	0	0	0	0	0	0	0	28	0	0	0	0	0	11	0	0	0	0	0	0	0	0	0	0	0	0	0	0	0	0	0	0	0	0	0	0	0	45	32	324	0	0	0	23
assemblage-879-379	0	0	0	0	0	0	0	0	0	0	0	0	0	0	0	220	0	0	0	0	0	0	0	0	0	0	28	0	0	0	0	0	0	0	0	0	0	0	0	0	0	0	0	0	0	0	0	0	0	0	0	0	0	0	231	0	10	0	0	0	0	0	0	0	0	0	0	0	11
assemblage-520-691	0	0	0	0	0	0	0	0	0	0	16	0	0	0	0	0	0	0	0	0	0	0	0	0	0	0	0	0	0	0	0	0	0	0	0	0	432	0	5	0	0	0	20	0	0	0	0	0	0	0	0	0	0	0	0	0	0	0	0	0	0	0	0	6	0	0	0	0	21
assemblage-352-519	0	0	0	0	0	0	0	0	0	0	9	5	0	0	0	0	0	0	0	0	0	0	0	0	0	0	0	0	0	0	0	0	0	0	0	0	0	0	416	0	0	0	0	0	0	0	0	0	0	0	0	0	0	0	0	0	0	52	0	0	0	0	0	0	0	0	0	0	18
assemblage-839-987	0	0	0	171	0	0	0	0	0	0	0	0	0	0	0	0	0	0	126	0	0	0	0	0	0	0	0	21	0	0	0	0	0	0	0	0	0	0	15	0	0	0	0	0	0	0	0	0	0	0	0	0	0	0	0	30	0	0	0	0	0	17	106	0	0	0	0	0	14
assemblage-724-723	0	0	0	0	0	0	0	0	0	0	0	0	0	0	0	0	0	0	13	0	0	0	0	0	0	0	0	0	0	0	0	0	0	0	0	8	455	0	0	0	0	0	0	0	0	0	0	0	0	9	0	0	0	0	0	0	0	0	0	0	0	0	0	0	0	0	0	0	15
assemblage-269-236	0	0	0	0	0	0	0	0	0	0	0	0	0	0	0	0	0	0	63	0	0	0	0	0	0	0	0	0	0	0	0	0	0	0	0	29	10	0	0	0	0	0	0	0	0	0	17	0	0	375	0	0	0	0	0	0	0	0	0	0	0	0	0	0	0	0	0	0	6
assemblage-834-987	0	0	0	183	0	0	0	0	0	0	0	0	0	0	0	0	0	0	126	0	0	0	0	0	0	0	0	18	0	0	0	0	0	0	0	0	0	0	14	0	0	0	0	0	0	0	0	0	0	0	0	0	0	0	0	25	0	0	0	0	0	22	99	0	0	0	0	0	13
assemblage-352-772	0	0	0	0	0	0	0	10	0	0	216	0	8	0	5	0	0	0	0	18	0	0	0	0	0	0	0	0	0	0	0	0	15	0	0	0	52	0	29	0	0	0	0	0	0	0	0	0	0	0	0	0	0	0	0	0	0	0	0	0	0	0	0	0	122	0	0	18	7
assemblage-347-771	0	0	0	0	0	0	0	7	0	0	209	0	7	0	0	0	0	0	0	13	0	0	0	0	0	0	0	0	0	0	0	0	8	0	0	0	46	0	41	0	0	0	0	0	0	0	0	0	0	0	0	0	0	0	0	0	0	0	0	0	0	0	0	0	157	0	0	8	4
assemblage-268-940	0	0	0	0	0	0	0	0	29	0	0	0	0	0	0	96	0	0	0	0	267	0	0	0	0	0	0	0	0	0	0	0	0	0	0	0	0	0	0	0	0	0	0	0	0	0	0	7	0	0	0	0	0	0	16	0	80	0	0	0	0	0	0	0	0	0	0	0	5
assemblage-146-728	0	0	0	0	0	0	0	0	0	0	15	0	0	0	0	0	0	0	0	0	0	0	0	0	0	0	0	0	0	0	0	0	0	0	0	0	405	0	10	0	0	0	32	0	0	0	0	0	0	0	0	0	0	0	0	0	0	0	0	0	0	0	0	7	0	0	0	0	31
assemblage-964-988	0	0	0	0	0	0	0	0	0	0	0	0	0	10	0	0	0	0	0	0	0	0	0	0	0	0	0	0	0	0	0	0	468	0	0	0	0	0	0	0	0	0	0	10	0	0	0	0	0	0	0	0	0	0	0	0	0	0	0	0	0	0	0	0	0	0	0	0	12
assemblage-157-739	0	0	0	0	0	0	0	0	0	0	0	0	5	0	0	0	0	0	70	0	0	0	0	0	0	12	0	0	0	0	0	0	0	0	0	0	176	0	0	0	0	0	0	0	0	0	0	0	0	0	0	0	0	0	0	0	0	0	0	0	0	0	0	0	234	0	0	0	3
assemblage-418-895	0	0	0	0	0	0	0	0	0	0	0	0	0	0	0	0	0	0	73	0	0	0	0	0	0	0	0	0	0	0	0	0	0	0	0	0	189	0	0	0	0	0	0	0	0	0	0	0	0	0	0	0	0	0	0	0	0	0	0	0	0	0	0	0	219	0	0	0	19
assemblage-349-945	0	0	0	0	0	0	0	0	0	5	0	0	0	0	0	366	0	0	0	0	0	0	0	0	0	0	0	0	0	0	0	0	0	0	0	0	41	0	0	0	0	0	0	0	0	0	0	0	0	70	10	0	0	0	0	0	0	0	0	0	0	0	0	0	0	0	0	0	8
assemblage-549-299	0	0	0	0	0	0	0	0	97	0	0	0	0	0	0	39	0	0	0	0	0	0	0	0	0	0	0	0	0	0	0	0	0	0	0	0	50	0	0	0	0	0	0	0	0	0	0	0	0	299	0	0	0	0	0	0	0	0	0	0	0	0	0	0	0	0	0	0	15
assemblage-547-488	5	0	0	0	0	0	0	0	0	0	0	0	0	0	0	0	40	0	0	0	0	0	0	0	0	0	0	0	0	0	0	2	0	30	0	0	0	0	0	0	0	0	0	0	0	0	0	0	0	0	0	0	346	0	0	0	0	0	0	0	0	0	0	0	63	0	0	0	14
assemblage-206-355	0	0	0	0	0	0	0	0	49	0	0	0	0	0	0	78	0	0	0	0	251	0	0	0	0	0	0	0	0	0	0	0	0	0	0	0	0	0	0	0	0	0	0	0	0	0	0	5	0	0	0	0	0	0	10	0	101	0	0	0	0	0	0	0	0	0	0	0	6
assemblage-185-363	0	0	0	0	0	0	0	0	12	0	0	0	0	0	0	0	0	0	0	0	0	0	0	27	0	0	0	0	0	0	0	0	0	0	0	0	241	0	0	0	0	0	0	0	0	0	0	0	0	30	0	0	0	0	176	0	0	0	0	0	0	0	0	0	0	0	0	0	14
assemblage-886-386	0	0	0	0	0	0	0	0	29	0	0	0	0	0	0	0	0	0	0	0	0	0	0	36	0	0	0	0	0	0	0	0	0	0	0	0	214	0	0	0	10	0	0	0	0	0	0	0	0	23	0	0	0	0	179	0	0	0	0	0	0	0	0	0	0	0	0	0	9
assemblage-118-366	0	0	0	0	0	0	0	0	0	0	15	0	0	0	0	0	0	0	16	0	0	0	0	0	0	0	0	0	0	0	0	0	24	0	0	0	0	0	7	5	0	0	0	0	0	0	0	0	0	0	0	0	0	0	0	0	0	0	0	0	0	0	44	36	340	0	0	0	13
assemblage-162-980	0	0	0	0	0	0	0	0	0	0	4	0	0	0	0	0	0	0	415	0	0	0	0	0	0	0	0	0	0	0	0	0	0	0	13	3	0	0	9	0	0	0	0	0	0	0	0	0	0	0	0	0	0	0	0	0	0	0	0	0	0	0	0	0	41	0	0	0	15
assemblage-200-370	0	0	0	0	0	0	0	0	40	0	0	0	0	0	0	93	0	0	0	0	244	0	0	0	0	0	0	0	0	0	0	0	0	0	0	0	0	0	0	0	0	0	0	0	0	0	0	8	0	0	0	0	0	0	13	0	90	0	0	0	0	0	0	0	0	0	0	0	12
assemblage-503-578	0	0	0	0	0	0	0	0	0	0	0	0	0	0	0	160	0	0	0	0	0	8	0	0	0	0	0	0	0	0	45	0	0	0	0	0	0	0	0	0	0	0	0	0	0	0	0	0	0	0	0	0	0	0	0	0	0	0	0	269	0	0	0	0	0	0	0	0	18
assemblage-202-368	0	0	0	0	0	0	0	0	0	0	0	0	0	0	0	252	0	0	0	0	0	0	0	0	0	0	13	0	0	0	0	0	0	0	0	0	0	0	0	0	0	0	0	0	0	0	0	0	0	0	0	0	0	0	212	0	0	0	0	0	0	0	0	0	0	0	0	0	23
assemblage-264-933	0	0	0	0	0	0	0	0	37	0	0	0	0	0	0	91	0	0	0	0	237	0	0	0	0	0	0	0	0	0	0	0	0	0	0	0	0	0	0	0	0	0	0	0	0	0	0	7	0	0	0	0	0	0	20	0	103	0	0	0	0	0	0	0	0	0	0	0	5
assemblage-124-373	0	0	0	0	0	0	0	0	0	0	0	0	0	0	0	0	0	0	0	0	0	0	0	0	0	0	0	0	0	0	0	0	47	0	0	0	0	0	358	0	0	0	0	0	0	0	0	0	0	0	0	4	0	0	0	0	0	0	10	0	0	0	70	0	0	0	0	0	11
assemblage-144-970	0	0	0	0	0	19	0	0	0	0	0	0	0	0	0	0	0	0	87	0	0	0	0	0	0	0	0	0	0	0	0	0	0	0	0	0	0	0	0	0	0	0	0	0	0	0	0	0	0	358	0	0	0	0	0	0	0	0	0	0	0	0	0	0	0	0	0	0	36
assemblage-268-932	0	0	0	0	0	0	0	0	0	0	0	0	0	0	0	248	0	0	0	0	0	0	0	0	0	0	23	0	0	0	0	0	0	0	0	0	0	0	0	0	0	0	0	0	0	0	0	0	0	0	0	0	0	0	207	0	5	0	0	0	0	0	0	0	0	0	0	0	17
assemblage-421-910	0	0	0	0	0	0	0	0	0	0	0	0	0	0	0	0	0	0	97	0	0	0	0	0	0	0	0	0	0	0	0	0	0	0	0	0	155	0	0	0	0	0	0	0	0	0	0	0	0	0	0	0	0	0	0	0	0	0	0	0	0	0	0	0	235	0	0	0	13
assemblage-661-663	0	0	0	0	0	0	0	0	0	6	0	0	0	0	0	372	0	0	0	0	0	0	0	0	0	0	0	0	0	0	0	0	0	0	0	0	43	0	0	0	0	0	0	0	0	0	0	0	0	65	8	0	0	0	0	0	0	0	0	0	0	0	0	0	0	0	0	0	6
assemblage-878-367	0	0	0	0	0	0	0	0	0	11	0	0	0	0	0	371	0	0	0	0	0	0	0	0	0	0	0	0	0	0	0	0	0	0	0	0	53	0	0	0	0	0	0	0	0	0	0	0	0	58	0	0	0	0	0	0	0	0	0	0	0	0	0	0	0	0	0	0	7
assemblage-890-368	0	0	0	0	0	0	0	0	70	0	0	0	0	0	0	39	0	6	0	0	0	0	0	0	0	0	0	0	0	0	0	0	0	0	0	0	46	0	0	0	0	0	0	0	0	0	0	0	0	325	0	0	0	0	0	0	0	0	0	0	0	0	0	0	0	0	0	0	14
assemblage-215-380	0	0	0	0	0	0	0	0	0	0	0	0	0	0	0	160	0	0	0	0	0	5	0	0	0	0	0	0	0	0	53	0	0	0	0	0	0	0	0	0	0	0	0	0	0	0	0	0	0	12	0	0	0	0	0	0	0	0	0	258	0	0	0	0	0	0	0	0	12
assemblage-270-241	0	0	0	0	0	0	0	0	0	0	0	0	0	0	0	0	0	0	57	0	0	0	0	0	0	0	0	0	0	0	0	0	0	0	0	29	12	0	0	0	0	0	0	0	0	0	13	0	0	382	0	0	0	0	0	0	0	0	0	0	0	0	0	0	0	0	0	0	7
assemblage-552-274	0	0	0	0	0	0	0	0	0	0	0	0	0	0	0	277	0	0	0	0	0	0	33	0	0	0	0	0	0	0	0	0	0	0	0	0	31	132	0	0	0	5	0	0	0	11	0	0	0	1	0	0	0	0	0	0	0	0	0	0	0	0	0	0	0	0	0	0	10
assemblage-851-1006	0	0	0	165	0	0	0	0	0	0	0	0	0	0	0	0	0	0	130	0	0	0	0	0	0	0	0	14	0	0	0	0	0	0	0	0	0	0	14	0	0	0	0	0	0	0	0	0	0	0	0	0	0	0	0	33	0	0	0	0	0	20	115	0	0	0	0	0	9
assemblage-370-965	0	0	0	0	0	0	0	0	90	0	0	0	0	0	0	36	0	0	0	0	0	0	0	0	0	0	0	0	0	0	0	0	0	0	0	0	46	0	0	0	0	0	0	0	0	0	0	0	0	315	0	0	0	0	0	0	0	0	0	0	0	0	0	0	0	0	0	0	13
assemblage-539-268	0	0	0	0	0	0	0	0	0	0	0	0	0	0	0	37	0	0	0	0	0	0	0	0	0	0	0	0	0	0	0	0	0	0	0	0	302	0	0	0	0	0	0	0	0	0	0	0	0	26	0	0	0	0	116	0	0	0	0	0	0	0	0	0	0	0	8	0	11
assemblage-374-948	0	0	0	0	0	0	0	0	0	0	0	0	0	0	0	280	0	0	0	0	0	0	34	0	0	0	0	0	0	0	0	0	0	0	0	0	22	136	0	0	0	0	0	0	0	5	0	0	0	16	0	0	0	0	0	0	0	0	0	0	0	0	0	0	0	0	0	0	7
assemblage-396-911	0	0	0	0	0	0	0	0	0	0	18	0	0	0	0	0	0	0	0	0	0	0	0	0	0	0	0	0	0	0	0	0	0	0	0	0	425	0	7	0	0	0	23	0	0	0	0	0	0	0	0	0	0	0	0	0	0	0	0	0	0	0	0	4	6	0	0	0	17
assemblage-141-1001	0	0	0	0	0	21	0	0	0	0	0	0	0	0	0	0	0	0	80	0	0	0	0	0	0	0	0	0	0	0	0	0	0	0	0	0	0	0	0	0	0	0	0	0	0	0	0	0	0	361	0	0	0	0	0	0	0	0	0	0	0	0	0	0	0	0	0	0	38
assemblage-871-379	0	0	0	0	0	0	0	0	18	0	0	0	0	0	0	0	0	0	0	0	0	0	0	30	0	0	0	0	0	0	0	0	0	0	0	0	239	0	0	0	0	0	0	0	0	0	0	0	0	18	0	0	0	0	176	0	0	0	0	0	0	0	0	0	0	0	0	0	19
assemblage-431-904	0	0	0	0	0	0	0	0	0	0	17	0	0	0	0	0	0	0	0	0	0	0	0	0	0	0	0	0	0	0	0	0	0	0	0	0	417	0	10	0	0	0	25	0	0	0	0	0	0	0	0	0	0	0	0	0	0	0	0	0	0	0	0	6	0	0	0	0	25
assemblage-838-986	0	0	0	163	0	0	0	0	0	0	0	0	0	0	0	0	0	0	120	0	0	0	0	0	0	0	0	17	0	0	0	0	0	0	0	0	0	0	15	0	0	0	0	0	0	0	0	0	0	0	0	0	0	0	0	26	0	0	0	0	0	15	135	0	0	0	0	0	9
assemblage-853-988	0	0	0	171	0	0	0	0	0	0	0	0	0	0	0	0	0	0	132	0	0	0	0	0	0	0	0	18	0	0	0	0	0	0	0	0	0	0	9	0	0	0	0	0	0	0	0	0	0	0	0	0	0	0	0	29	0	0	0	0	0	10	117	0	0	0	0	0	14
assemblage-643-890	0	0	0	0	0	0	0	0	0	0	0	0	0	0	0	0	0	0	86	0	0	0	0	0	0	0	0	0	0	0	0	0	0	0	0	23	6	0	0	0	0	0	0	0	0	0	12	0	0	368	0	0	0	0	0	0	0	0	0	0	0	0	0	0	0	0	0	0	5
assemblage-954-990	0	0	0	0	7	0	0	0	0	0	0	0	0	10	0	0	0	0	0	0	0	0	0	0	0	0	0	0	0	0	0	0	470	0	0	0	0	0	0	0	0	0	0	3	0	0	0	0	0	0	0	0	0	0	0	0	0	0	0	0	0	0	0	0	0	0	0	0	10
assemblage-359-943	0	0	0	0	0	0	0	0	81	0	0	0	0	0	0	27	0	0	0	0	0	0	0	0	0	0	0	0	0	0	0	0	0	0	0	0	39	0	0	0	0	0	0	0	0	0	0	0	0	339	0	0	0	0	0	0	0	0	0	0	0	0	0	0	0	0	0	0	14
assemblage-493-587	0	0	0	0	0	0	0	0	31	0	0	0	0	0	0	92	0	0	0	0	245	0	0	0	0	0	0	0	0	0	0	0	0	0	0	0	0	0	0	0	0	0	0	0	0	0	0	17	0	0	0	0	0	0	15	0	80	0	0	0	0	0	0	0	0	0	0	0	20
assemblage-139-994	0	0	0	0	0	0	0	0	0	0	21	0	0	0	0	0	0	0	0	0	0	0	0	0	0	0	0	0	0	0	0	0	0	0	0	0	426	0	1	0	0	0	25	0	0	0	0	0	0	0	0	0	0	0	0	0	0	0	0	0	0	0	0	8	0	0	0	0	19
assemblage-752-921	0	0	0	0	0	0	0	0	0	0	236	0	5	0	0	0	0	0	0	4	0	0	0	0	0	0	0	0	0	0	0	0	15	0	0	0	54	0	23	0	0	0	0	0	0	0	0	0	0	0	0	0	0	0	0	0	0	0	0	0	0	0	0	0	133	0	0	11	19
assemblage-204-472	0	0	0	0	0	0	0	0	0	0	28	0	0	0	0	0	0	0	19	0	0	0	0	0	0	0	0	0	0	0	0	0	23	0	0	0	0	0	7	8	0	0	0	0	0	0	0	0	0	0	0	0	0	0	0	0	0	0	0	0	0	0	34	28	340	0	0	0	13
assemblage-523-676	0	0	0	0	0	0	0	0	0	0	0	0	0	0	0	0	0	0	97	0	0	0	0	0	0	0	0	0	0	0	0	0	0	0	0	0	175	0	0	0	0	0	0	0	0	0	0	0	0	0	0	0	0	0	0	0	0	0	0	0	0	0	0	0	215	0	0	0	13
assemblage-264-950	0	0	0	0	0	0	0	0	0	0	0	0	0	0	0	230	0	0	0	0	0	0	0	0	0	0	20	0	0	0	0	0	0	0	0	0	0	0	0	0	0	0	0	0	0	0	0	0	0	0	0	0	0	0	227	0	0	0	0	0	0	0	0	0	0	0	0	0	23
assemblage-362-505	0	0	0	0	0	0	0	0	0	0	14	0	0	0	0	0	0	0	0	0	0	0	0	0	0	0	0	0	0	0	0	0	0	0	0	0	0	0	424	0	0	0	0	0	0	0	0	0	0	0	0	0	0	0	0	0	0	49	0	0	0	0	0	0	0	0	0	0	13
assemblage-368-489	0	0	0	0	0	0	0	0	0	0	9	0	0	0	0	0	0	0	0	0	0	0	0	0	0	0	0	0	0	0	0	0	0	0	0	0	0	0	419	0	0	0	0	0	0	0	0	0	0	0	0	0	0	0	0	0	0	53	0	0	0	0	0	0	0	0	0	0	19
assemblage-150-708	0	0	0	0	0	0	0	0	0	0	0	0	0	0	0	0	0	0	89	0	0	0	0	0	0	0	0	0	0	0	0	0	0	0	0	0	182	0	0	0	0	0	0	0	0	0	0	0	0	0	0	0	0	0	0	0	0	0	0	0	0	0	0	0	215	0	0	0	14
assemblage-344-500	0	0	0	0	0	0	0	0	0	0	14	0	0	0	0	0	0	0	0	0	0	0	0	0	0	0	0	0	0	0	0	0	0	0	0	0	0	0	434	0	0	0	0	0	0	0	0	0	0	0	0	0	0	0	0	0	0	33	0	0	0	0	0	0	0	0	0	0	19
assemblage-364-627	0	0	0	0	0	0	0	0	0	0	0	0	0	0	0	0	0	0	12	0	0	0	0	0	0	0	0	0	0	0	0	0	0	0	0	12	457	0	0	0	0	0	0	0	0	0	0	0	0	6	0	0	0	0	0	0	0	0	0	0	0	0	0	0	0	0	0	0	13
assemblage-341-745	0	0	0	0	0	0	0	5	0	0	224	0	4	0	0	0	0	0	0	9	0	0	0	0	0	0	0	0	0	0	0	0	11	0	0	0	52	0	28	0	0	0	0	0	0	0	0	0	0	0	0	0	0	0	0	0	0	0	0	0	0	0	0	0	144	0	0	15	8
assemblage-554-282	0	0	0	0	0	0	0	0	0	0	0	0	0	0	0	29	0	0	0	0	0	0	0	0	0	0	0	0	0	0	0	0	0	0	0	0	288	0	0	0	0	0	0	0	0	0	0	0	0	35	0	0	0	0	119	0	0	0	0	0	0	0	0	0	0	0	11	0	18
assemblage-158-689	0	0	0	0	0	29	0	0	0	0	0	0	0	0	0	0	0	0	107	0	0	0	0	0	0	0	0	0	0	0	0	0	0	0	0	0	12	0	0	0	0	0	0	0	0	0	0	0	0	332	0	0	0	0	0	0	0	0	0	0	0	0	0	0	0	0	0	0	20
assemblage-187-481	0	9	0	0	0	0	0	0	0	0	0	0	0	0	0	0	0	0	300	0	0	0	0	0	27	0	0	0	0	0	0	0	0	0	0	0	0	0	0	0	0	0	0	0	0	0	0	0	7	0	0	0	0	0	0	0	0	0	0	0	0	0	14	0	118	0	0	0	25
assemblage-847-379	0	0	0	0	0	0	0	0	30	0	0	0	0	0	0	99	0	0	0	0	262	0	0	0	0	0	0	0	0	0	0	0	0	0	0	0	0	0	0	0	0	0	0	0	0	0	0	8	0	0	0	0	0	0	18	0	75	0	0	0	0	0	0	0	0	0	0	0	8
assemblage-163-698	0	0	0	0	0	0	0	0	0	0	0	0	0	0	0	0	0	0	77	0	0	0	0	0	0	0	0	0	0	0	0	0	0	0	0	0	173	0	0	0	0	0	0	0	0	0	0	0	0	0	0	0	0	0	0	0	0	0	0	0	0	0	0	0	238	0	0	0	12
assemblage-761-903	0	0	0	0	0	0	0	0	0	0	22	0	0	0	0	0	0	0	4	0	0	0	0	0	0	0	0	0	0	0	0	0	13	0	0	0	0	0	14	0	0	0	0	0	0	0	0	0	0	0	0	0	0	0	0	0	0	0	0	0	0	0	51	26	346	0	0	0	24
assemblage-147-979	0	0	0	0	0	0	0	0	0	0	0	0	0	0	0	0	0	0	426	0	0	0	0	0	0	0	0	0	0	0	0	0	0	0	6	5	0	0	4	0	0	0	0	0	0	0	0	0	0	0	0	0	0	0	0	0	0	0	0	0	0	0	0	0	48	0	0	0	11
assemblage-120-380	0	0	0	0	0	0	0	0	0	0	15	0	0	0	0	0	0	0	7	0	0	0	0	0	0	0	0	0	0	0	0	0	25	0	0	0	0	0	11	7	0	0	0	0	0	0	0	0	0	0	0	0	0	0	0	0	0	0	0	0	0	0	36	45	327	0	0	0	27
assemblage-356-762	0	0	0	0	0	0	0	14	0	0	225	0	8	0	0	0	0	0	0	9	0	0	0	0	0	0	0	0	0	0	0	0	20	0	0	0	39	0	22	0	0	0	0	0	0	0	0	0	0	0	0	0	0	0	0	0	0	0	0	0	0	0	0	0	137	0	0	14	12
assemblage-830-1001	0	0	0	164	0	0	0	0	0	0	0	0	0	0	0	0	0	0	116	0	0	0	0	0	0	0	0	16	0	0	0	0	0	0	0	0	0	0	9	0	0	0	0	0	0	0	0	0	0	0	0	0	0	0	0	22	0	0	0	0	0	19	141	0	0	0	0	0	13
assemblage-897-363	0	0	0	0	0	0	0	0	23	0	0	0	0	0	0	194	0	0	0	0	0	0	14	0	0	0	0	0	0	0	0	0	0	0	0	0	91	30	0	0	0	0	0	0	0	0	0	0	0	101	0	0	0	0	31	0	0	0	0	0	0	0	0	0	0	0	0	0	16
assemblage-538-479	0	0	0	0	0	0	0	0	0	0	0	0	0	0	0	0	37	0	0	0	0	0	0	0	0	0	0	0	0	0	0	0	0	42	0	0	0	0	0	0	0	0	0	0	0	0	0	0	0	0	0	0	351	0	0	0	0	0	0	0	0	0	0	0	53	0	0	0	17
assemblage-976-999	0	0	0	0	0	0	0	0	0	0	0	0	0	12	0	0	0	0	0	0	0	0	0	0	0	0	0	0	0	0	0	0	452	0	0	0	0	0	0	0	0	0	0	8	0	0	0	0	0	0	0	0	0	0	0	0	0	0	0	0	0	0	0	0	0	0	0	0	28
assemblage-636-652	0	0	0	0	0	0	0	0	0	0	0	0	0	0	0	360	0	0	0	0	0	0	0	0	0	0	0	0	0	0	0	0	0	0	0	0	40	0	0	0	0	0	0	0	0	0	0	0	0	86	0	0	0	0	0	0	0	0	0	0	0	0	0	0	0	0	0	0	14
assemblage-427-897	0	0	0	0	0	0	0	0	0	0	11	0	0	0	0	0	0	0	0	0	0	0	0	0	0	0	0	0	0	0	0	0	0	0	0	0	437	0	5	0	0	0	20	0	0	0	0	0	0	0	0	0	0	0	0	0	0	0	0	0	0	0	0	6	0	0	0	0	21
assemblage-390-928	0	0	0	0	0	0	0	0	0	0	0	0	0	0	0	32	0	0	0	0	0	0	0	0	0	0	0	0	0	0	0	0	0	0	0	0	293	0	0	0	0	0	0	0	0	0	0	0	0	31	0	0	0	0	131	0	0	0	0	0	0	0	0	0	0	0	4	0	9
assemblage-827-981	0	0	0	176	0	0	0	0	0	0	0	0	0	0	0	0	0	0	138	0	0	0	0	0	0	0	0	10	0	0	0	0	0	0	0	0	0	0	11	0	0	0	0	0	0	0	0	0	0	0	0	0	0	0	0	25	0	0	0	0	0	22	108	0	0	0	0	0	10
assemblage-362-744	0	0	0	0	0	0	0	0	0	0	0	0	0	0	0	0	0	0	311	0	0	0	0	0	32	0	0	0	0	0	0	0	8	0	0	0	0	0	0	0	0	0	0	0	0	0	0	0	2	0	0	0	0	0	0	0	0	0	0	0	0	0	12	0	104	0	0	0	31
assemblage-270-231	0	0	0	0	0	0	0	0	0	0	0	0	0	0	0	0	0	0	16	0	0	0	0	0	0	0	0	0	0	0	0	0	0	0	0	12	446	0	0	0	0	0	0	0	0	0	0	0	0	11	0	0	0	0	0	0	0	0	0	0	0	0	0	0	0	0	0	0	15
assemblage-122-380	0	0	0	0	0	0	0	5	0	0	222	0	12	0	0	0	0	0	0	11	0	0	0	0	0	0	0	0	0	0	0	0	10	0	0	0	37	0	31	0	0	0	0	0	0	0	0	0	0	0	0	0	0	0	0	0	0	0	0	0	0	0	0	0	152	0	0	11	9
assemblage-344-624	0	0	0	0	0	0	0	0	0	0	0	0	0	0	0	279	0	0	9	0	0	0	0	0	0	0	0	0	0	0	0	0	0	0	0	0	177	0	0	0	0	0	0	0	0	0	0	0	0	0	0	0	0	11	0	0	0	0	0	0	0	0	0	0	7	0	0	0	17
assemblage-702-726	0	0	0	0	0	0	0	0	0	0	0	0	0	0	0	0	0	0	66	0	0	0	0	0	0	0	0	0	0	0	0	0	0	0	0	30	13	0	0	0	0	0	0	0	0	0	21	0	0	360	0	0	0	0	0	0	0	0	0	0	0	0	0	0	0	0	0	0	10
assemblage-861-376	0	0	0	0	0	0	0	0	29	0	0	0	0	0	0	0	0	0	0	0	0	0	0	18	0	0	0	0	0	0	0	0	0	0	0	0	241	0	0	0	0	0	0	0	0	0	0	0	0	29	0	0	0	0	179	0	0	0	0	0	0	0	0	0	0	0	0	0	4
assemblage-261-926	0	0	0	0	0	0	0	0	0	0	0	0	0	0	0	222	0	0	0	0	0	0	0	0	0	0	38	0	0	0	0	0	0	0	0	0	0	0	0	0	0	0	0	0	0	0	0	0	0	0	0	0	0	0	219	0	6	0	0	0	0	0	0	0	0	0	0	0	15
assemblage-540-275	0	0	0	0	0	0	0	0	0	0	0	0	0	0	0	301	0	0	0	0	0	0	41	0	0	0	0	0	0	0	0	0	0	0	0	0	15	113	0	0	0	5	0	0	0	14	0	0	0	2	0	0	0	0	0	0	0	0	0	0	0	0	0	0	0	0	0	0	9
assemblage-499-566	0	0	0	0	0	0	0	0	0	0	0	0	0	0	0	165	0	0	0	0	0	0	0	0	0	0	0	0	0	0	60	0	0	0	0	0	0	0	0	0	0	0	0	0	0	0	0	0	0	0	0	0	0	0	0	0	0	0	0	249	0	0	0	0	0	0	0	0	26
assemblage-889-374	0	0	0	0	0	0	0	0	0	0	0	0	0	0	0	368	0	0	0	0	0	0	0	0	0	0	0	0	0	0	0	0	0	0	0	0	49	0	0	0	0	0	0	0	0	0	0	0	0	69	0	0	0	0	0	0	0	0	0	0	0	0	0	0	0	0	0	0	14
assemblage-187-490	0	0	0	0	0	0	0	0	0	0	0	0	0	0	0	0	0	0	11	0	0	0	0	0	0	0	0	0	0	6	0	0	32	0	0	0	0	0	339	0	0	0	0	0	0	0	0	0	0	0	0	0	0	0	0	0	0	0	10	0	0	0	84	0	0	0	0	0	18
assemblage-527-668	0	0	0	0	0	0	0	0	0	0	0	0	0	0	0	0	0	0	415	0	0	0	0	0	0	0	0	0	0	0	0	0	0	0	14	5	0	0	3	0	0	0	0	0	0	0	0	0	0	0	0	0	0	0	0	0	0	0	0	0	0	0	0	0	46	0	0	0	17
assemblage-490-583	0	0	0	0	0	0	0	0	0	0	0	0	0	0	0	172	0	0	0	0	0	8	0	0	0	0	0	0	0	0	51	0	0	0	0	0	0	0	0	0	0	0	0	0	0	0	0	0	0	0	0	0	0	0	0	0	0	0	0	240	0	0	0	0	0	0	0	0	29
assemblage-174-486	0	6	0	0	0	0	2	0	0	0	0	0	0	0	0	0	0	0	333	0	0	0	0	0	23	0	0	0	0	0	0	0	0	0	0	0	0	0	6	0	0	0	0	0	0	0	0	0	0	0	0	0	0	0	0	0	0	0	0	0	0	0	12	0	91	0	0	0	27
assemblage-489-577	0	0	0	0	0	0	0	0	0	0	0	0	0	0	0	215	0	0	0	0	0	0	0	0	0	0	28	0	0	0	0	0	0	0	0	0	0	0	0	0	0	0	0	0	0	0	0	0	0	0	0	0	0	0	247	0	0	0	0	0	0	0	0	0	0	0	0	0	10
assemblage-639-891	0	0	0	0	0	0	0	0	0	0	0	0	0	0	0	0	0	0	80	0	0	0	0	0	0	0	0	0	0	0	0	0	0	0	0	25	12	0	0	0	0	0	0	0	0	0	22	0	0	354	0	0	0	0	0	0	0	0	0	0	0	0	0	0	3	0	0	0	4
assemblage-368-611	0	0	0	0	0	0	0	0	0	0	0	0	0	0	0	298	0	0	8	0	0	0	0	0	0	0	0	0	0	0	0	0	0	0	0	0	162	0	0	0	0	0	0	0	0	0	0	0	0	3	0	0	0	10	0	0	0	0	0	0	0	0	0	0	7	0	0	0	12
assemblage-420-895	0	0	0	0	0	0	0	0	0	0	0	0	0	0	0	0	0	0	92	0	0	0	0	0	0	0	0	0	0	0	0	0	0	0	0	0	166	0	0	0	0	0	0	0	0	0	0	0	0	0	0	0	0	0	0	0	0	0	0	0	0	0	0	0	230	0	0	0	12
assemblage-534-699	0	0	0	0	0	0	0	0	0	0	0	0	0	0	0	0	0	0	418	0	0	0	0	0	0	0	0	0	0	0	0	0	0	0	6	6	0	0	0	0	0	0	0	0	0	0	0	0	0	0	0	0	0	0	0	0	0	0	0	0	0	0	0	0	53	0	0	0	17
assemblage-527-463	7	0	0	0	0	0	0	0	0	0	0	0	0	0	0	0	28	0	0	0	0	0	0	0	0	0	0	0	0	0	0	0	0	36	0	0	0	0	0	0	0	0	0	0	0	0	0	0	0	0	0	0	353	0	0	0	0	0	0	0	0	0	0	0	57	0	0	0	19
assemblage-153-478	0	0	0	0	0	0	0	0	0	0	62	0	0	0	0	0	0	0	83	0	0	0	0	0	10	0	0	0	0	0	0	0	17	0	0	0	8	0	103	0	0	0	0	0	0	0	0	0	0	0	0	0	0	0	0	0	0	0	0	0	0	0	29	7	150	0	0	0	31
assemblage-540-477	0	0	0	0	0	0	0	0	0	0	0	0	0	0	0	0	25	0	0	0	0	0	0	0	0	0	0	0	0	0	0	0	0	33	0	0	0	0	0	0	0	0	0	0	0	0	0	0	0	0	0	0	375	0	0	0	0	0	0	0	0	0	0	0	51	0	0	0	16
assemblage-373-944	0	0	0	0	0	0	0	0	0	0	0	0	0	0	0	43	0	0	0	0	0	0	0	0	0	0	0	0	0	0	0	0	0	0	0	0	297	0	0	0	0	0	0	0	0	0	0	0	0	26	0	0	0	0	114	0	0	0	0	0	0	0	0	0	0	0	5	0	15
assemblage-665-898	0	0	0	0	0	0	0	0	0	0	0	0	0	0	0	0	0	0	18	0	0	0	0	0	0	0	0	0	0	0	0	0	0	0	0	43	200	131	0	0	0	0	0	0	4	0	0	0	0	98	0	0	0	0	0	0	0	0	0	0	0	0	0	0	0	0	0	0	6
assemblage-128-978	0	0	0	0	0	18	0	0	0	0	7	0	0	0	0	0	0	0	93	0	0	0	0	0	0	0	0	0	0	0	0	0	0	0	0	0	0	0	0	0	0	0	0	0	0	0	0	0	0	361	0	0	0	0	0	0	0	0	0	0	0	0	0	0	0	0	0	0	21
assemblage-212-377	0	0	0	0	0	0	0	0	42	0	0	0	0	0	0	109	0	0	0	0	256	0	0	0	0	0	0	0	0	0	0	0	0	0	0	0	0	0	0	0	0	0	0	0	0	0	0	7	0	0	0	0	0	0	8	0	70	0	0	0	0	0	0	0	0	0	0	0	8
assemblage-631-659	0	0	0	0	0	0	0	0	0	0	0	0	0	0	0	43	0	0	0	0	0	0	0	0	0	0	0	0	0	0	0	0	0	0	0	0	288	0	0	0	0	0	0	0	0	0	0	0	0	20	0	0	0	0	126	0	0	0	0	0	0	0	0	0	0	0	7	0	16
assemblage-209-386	0	0	0	0	0	0	0	0	41	0	0	0	0	0	0	79	0	0	0	0	268	0	0	0	0	0	0	0	0	0	0	0	0	0	0	0	0	0	0	0	0	0	0	0	0	0	0	5	0	0	0	0	0	0	5	0	90	0	0	0	0	0	0	0	0	0	0	0	12
assemblage-284-931	0	0	0	0	0	0	0	0	20	0	0	0	0	0	0	0	0	0	0	0	0	0	0	24	0	0	0	0	0	0	0	0	0	0	0	0	226	0	0	0	0	0	0	0	0	0	0	0	0	25	0	0	0	0	185	0	0	0	0	0	0	0	0	0	0	0	0	0	20
assemblage-357-512	0	0	0	0	0	0	0	0	0	0	9	4	0	0	0	0	0	0	0	0	0	0	0	0	0	0	0	0	0	0	0	0	0	0	0	0	0	0	424	0	0	0	0	0	0	0	0	0	0	0	0	0	0	0	0	0	0	51	0	0	0	0	0	0	0	0	0	0	12
assemblage-268-242	0	0	0	0	0	0	0	0	0	0	0	0	0	0	0	0	0	0	15	0	0	0	0	0	0	0	0	0	0	0	0	0	0	0	0	11	451	0	0	0	0	0	0	0	0	0	0	0	0	10	0	0	0	0	0	0	0	0	0	0	0	0	0	0	0	0	0	0	13
assemblage-657-898	0	0	0	0	0	0	0	0	0	0	0	0	0	0	0	279	0	0	8	0	0	0	0	0	0	0	0	0	0	0	0	0	0	0	0	0	175	0	0	0	0	0	0	0	0	0	0	0	0	0	0	0	0	11	0	0	0	0	0	0	0	0	0	0	4	0	0	0	23
assemblage-749-925	0	0	0	0	0	0	0	0	0	0	20	0	0	0	0	0	0	0	9	0	0	0	0	0	0	0	0	0	0	0	0	0	16	0	0	0	0	0	12	0	0	0	0	0	0	0	0	0	0	0	0	0	0	0	0	0	0	0	0	0	0	0	57	30	339	0	0	0	17
assemblage-549-481	0	0	0	0	0	0	0	0	0	0	0	0	0	0	0	0	28	0	0	0	0	0	0	0	0	0	0	0	0	0	0	0	0	25	0	0	0	0	0	0	0	0	0	0	0	0	0	0	0	0	0	0	371	0	0	0	0	0	0	0	0	0	0	0	57	0	0	0	19
assemblage-100-384	0	0	0	0	0	0	0	12	0	0	202	0	8	0	0	0	0	0	0	10	0	0	0	0	0	0	0	0	0	0	0	0	10	0	0	0	39	0	36	0	0	0	0	0	0	0	0	0	0	0	0	0	0	0	0	0	0	0	0	0	0	0	0	0	153	0	0	9	21
assemblage-545-281	0	0	0	0	0	0	0	0	0	0	0	0	0	0	0	269	0	0	0	0	0	0	46	0	0	0	0	0	0	0	0	0	0	0	0	0	14	130	0	0	0	7	0	0	0	10	0	0	0	15	0	0	0	0	0	0	0	0	0	0	0	0	0	0	0	0	0	0	9
assemblage-174-492	0	0	0	0	0	0	0	0	0	0	0	0	0	0	0	0	0	0	10	0	0	0	0	0	0	0	0	0	0	4	0	0	33	0	0	0	0	0	361	0	0	0	0	0	0	0	0	0	0	0	0	6	0	0	0	0	0	0	12	0	0	0	66	0	0	0	0	0	8
assemblage-639-660	0	0	0	0	0	0	0	0	0	17	0	0	0	0	0	379	0	0	0	0	0	0	0	0	0	0	0	0	0	0	0	0	0	0	0	0	38	0	0	0	0	0	0	0	0	0	0	0	0	56	0	0	0	0	0	0	0	0	0	0	0	0	0	0	0	0	0	0	10
assemblage-354-625	0	0	0	0	0	0	0	0	0	0	0	0	0	0	0	0	0	0	29	0	0	0	0	0	0	0	0	0	0	0	0	0	0	0	0	11	190	141	0	0	0	0	0	0	10	0	0	0	0	109	0	0	0	0	0	0	0	0	0	0	0	0	0	0	0	0	0	0	10
assemblage-634-662	0	0	0	0	0	0	0	0	91	0	0	0	0	0	0	34	0	0	0	0	0	0	0	0	0	0	0	0	0	0	0	0	0	0	0	0	44	0	0	0	0	0	0	0	0	0	0	0	0	322	0	0	0	0	0	0	0	0	0	0	0	0	0	0	0	0	0	0	9
assemblage-967-994	0	0	0	0	0	0	0	0	0	0	0	0	0	8	0	0	0	0	0	0	0	0	0	0	0	0	0	0	0	0	0	0	468	0	0	0	0	0	0	0	0	0	0	9	0	0	0	0	0	0	0	0	0	0	0	0	0	0	0	0	0	0	0	0	0	0	0	0	15
assemblage-540-468	0	0	0	0	0	0	0	0	0	0	0	0	0	0	0	0	38	0	8	0	0	0	0	0	0	0	0	0	0	0	0	7	5	34	0	0	0	0	0	0	0	0	0	0	0	0	0	0	0	0	0	0	338	0	0	0	0	0	0	0	0	0	0	0	60	0	0	0	10
assemblage-967-996	0	0	0	0	0	0	0	0	0	0	0	0	0	21	0	0	0	0	0	0	0	0	0	0	0	0	0	0	0	0	0	0	451	0	0	0	0	0	0	0	0	0	0	12	0	0	0	0	0	0	0	0	0	0	0	0	0	0	0	0	0	0	0	0	0	0	0	0	16
assemblage-142-364	0	9	0	0	0	0	4	0	0	0	0	0	0	0	0	0	0	0	309	0	0	0	0	0	25	0	0	0	0	0	0	0	0	0	0	0	0	0	11	0	0	0	0	0	0	0	0	0	0	0	0	0	0	0	0	0	0	0	0	0	0	0	8	0	118	0	0	0	16
assemblage-473-576	0	0	0	0	0	0	0	0	20	0	0	0	0	0	0	103	0	0	0	0	66	0	0	6	0	0	4	0	0	0	22	0	0	0	0	0	56	0	0	0	0	0	0	0	0	0	0	0	0	10	0	0	0	0	119	0	19	0	0	61	0	0	0	0	0	0	0	0	14
assemblage-370-615	0	0	0	0	0	0	0	0	0	0	0	0	0	0	0	0	0	0	12	0	0	0	0	0	0	0	0	0	0	0	0	0	0	0	0	12	454	0	0	0	0	0	0	0	0	0	0	0	0	11	0	0	0	0	0	0	0	0	0	0	0	0	0	0	0	0	0	0	11
assemblage-357-616	0	0	0	0	0	0	0	0	0	0	0	0	0	0	0	0	0	0	24	0	0	0	0	0	0	0	0	0	0	0	0	0	0	0	0	13	220	144	0	0	0	0	0	0	9	0	0	0	0	80	0	0	0	0	0	0	0	0	0	0	0	0	0	0	0	0	0	0	10
assemblage-947-996	0	0	0	0	0	0	0	0	0	0	0	0	0	8	0	0	0	0	0	0	0	0	0	0	0	0	0	0	0	0	0	0	472	0	0	0	0	0	0	0	0	0	0	9	0	0	0	0	0	0	0	0	0	0	0	0	0	0	0	0	0	0	0	0	0	0	0	0	11
assemblage-262-237	0	0	0	0	0	0	0	0	0	0	0	0	0	0	0	0	0	0	8	0	0	0	0	0	0	0	0	0	0	0	0	0	0	0	0	10	469	0	0	0	0	0	0	0	0	0	0	0	0	0	0	0	0	0	0	0	0	0	0	0	0	0	0	0	0	0	0	0	13
assemblage-161-461	0	0	4	0	0	0	0	0	0	0	20	0	0	0	0	0	0	0	11	0	0	0	0	0	0	0	0	0	0	0	0	0	18	0	0	0	0	0	4	0	0	0	0	0	0	0	0	0	0	0	0	0	0	0	0	0	0	0	0	0	0	0	54	46	318	0	0	0	25
assemblage-357-609	0	0	0	0	0	0	0	0	0	0	0	0	0	0	0	0	0	0	21	0	0	0	0	0	0	0	0	0	0	0	0	0	0	0	0	23	187	166	0	0	0	0	0	0	8	0	0	0	0	87	0	0	0	0	0	0	0	0	0	0	0	0	0	0	0	0	0	0	8
assemblage-357-765	0	0	0	0	0	0	0	0	0	0	0	0	0	0	0	0	0	0	4	0	0	0	0	0	0	0	0	0	0	0	0	0	38	0	0	0	0	0	358	0	0	0	0	0	0	0	0	0	0	0	0	6	0	0	0	0	0	0	10	0	0	0	68	0	0	0	0	0	16
assemblage-651-672	0	0	0	0	0	0	0	0	0	0	0	0	0	0	0	380	0	0	0	0	0	0	0	0	0	0	0	0	0	0	0	0	0	0	0	0	40	0	0	0	0	0	0	0	0	0	0	0	0	59	9	0	0	0	0	0	0	0	0	0	0	0	0	0	0	0	0	0	12
assemblage-722-718	0	0	0	0	0	0	0	0	0	0	0	0	0	0	0	293	0	0	8	0	0	0	0	0	0	0	0	0	0	0	0	0	0	0	0	0	170	0	0	0	0	0	0	0	0	0	0	0	0	0	0	0	0	7	0	0	0	0	0	0	0	0	0	0	8	0	0	0	14
assemblage-281-929	0	0	0	0	0	0	0	0	0	0	0	0	0	0	0	179	0	0	0	0	0	7	0	0	0	0	0	0	0	0	53	0	0	0	0	0	0	0	0	0	0	0	0	0	0	0	0	0	0	0	0	0	0	0	0	0	0	0	0	244	0	0	0	0	0	5	0	0	12
assemblage-757-904	0	0	0	0	0	0	0	8	0	0	228	0	3	0	0	0	0	0	0	9	0	0	0	0	0	0	0	0	0	0	0	0	17	0	0	0	44	0	24	0	0	0	0	0	0	0	0	0	0	0	0	0	8	0	0	0	0	0	0	0	0	0	0	0	146	0	0	9	4
assemblage-872-388	0	0	0	0	0	0	0	0	0	0	0	0	0	0	0	176	0	0	0	0	0	0	0	0	0	0	0	0	0	0	60	0	0	0	0	0	0	0	0	0	0	0	0	0	0	0	0	0	0	6	0	0	0	0	14	0	0	0	0	227	0	0	0	0	0	3	0	0	14
assemblage-648-665	0	0	0	0	0	0	0	0	0	0	0	0	0	0	0	25	0	0	0	0	0	0	0	0	0	0	0	0	0	0	0	0	0	0	0	0	276	0	0	0	0	0	0	0	0	0	0	0	0	43	0	0	0	0	132	0	0	0	0	0	0	0	0	0	0	0	11	0	13
assemblage-516-679	0	0	0	0	0	15	0	0	0	0	4	0	0	0	0	0	0	0	113	0	0	0	0	0	0	0	0	0	0	0	0	0	0	0	0	0	4	0	0	0	0	0	0	0	0	0	0	0	0	349	0	0	0	0	0	0	0	0	0	0	0	0	0	0	0	0	0	0	15
assemblage-709-731	0	0	0	0	0	0	0	0	0	0	0	0	0	0	0	0	0	0	18	0	0	0	0	0	0	0	0	0	0	0	0	0	0	0	0	14	201	161	0	0	0	0	0	0	4	0	0	0	0	100	0	0	0	0	0	0	0	0	0	0	0	0	0	0	0	0	0	0	2
assemblage-118-355	0	0	0	0	0	0	0	0	0	0	0	0	0	0	0	0	0	0	9	0	0	0	0	0	0	0	0	0	0	0	0	0	48	0	0	0	0	0	336	0	0	0	0	0	0	0	0	0	0	0	0	11	0	0	0	0	0	0	2	0	0	0	75	0	0	0	0	0	19
assemblage-651-901	0	0	0	0	0	0	0	0	0	0	0	0	0	0	0	286	0	0	7	0	0	0	0	0	0	0	0	0	0	0	0	0	0	0	0	0	179	0	0	0	0	0	0	0	0	0	0	0	0	0	0	0	0	12	0	0	0	0	0	0	0	0	0	0	4	0	0	0	12
assemblage-337-498	0	0	0	0	0	0	0	0	0	0	15	5	0	0	0	0	0	0	0	0	0	0	0	0	0	0	0	0	0	0	0	0	0	0	0	0	0	0	422	0	0	0	0	0	0	0	0	0	0	0	0	0	0	0	0	0	0	41	0	0	0	0	0	0	0	0	0	0	17
assemblage-275-233	0	0	0	0	0	0	0	0	0	0	0	0	0	0	0	0	0	0	93	0	0	0	0	0	0	0	0	0	0	0	0	0	0	0	0	10	8	0	0	0	0	0	0	0	0	0	21	0	0	361	0	0	0	0	0	0	0	0	0	0	0	0	0	0	0	0	0	0	7
assemblage-150-694	0	0	0	0	0	0	0	0	0	0	16	0	0	0	0	0	0	0	0	0	0	0	0	0	0	0	0	0	3	0	0	0	0	0	0	0	428	0	3	0	0	0	24	0	0	0	0	0	0	0	0	0	0	0	0	0	0	0	0	0	0	0	0	0	0	0	0	0	26
assemblage-338-611	0	0	0	0	0	0	0	0	0	0	0	0	0	0	0	0	0	0	16	0	0	0	0	0	0	0	0	0	0	0	0	0	0	0	0	13	174	184	0	0	0	0	0	0	7	0	0	0	0	102	0	0	0	0	0	0	0	0	0	0	0	0	0	0	0	0	0	0	4
assemblage-170-969	0	0	0	0	0	23	0	0	0	0	7	0	0	0	0	0	0	0	92	0	0	0	0	0	0	0	0	0	0	0	0	0	0	0	0	0	5	0	0	0	0	0	0	0	0	0	0	0	0	348	0	0	0	0	0	0	0	0	0	0	0	0	0	0	0	0	0	0	25
assemblage-275-945	0	0	0	0	0	0	0	0	29	0	0	0	0	0	0	4	0	0	0	0	0	0	0	19	0	0	0	0	0	0	0	0	0	0	0	0	209	0	0	0	0	0	0	0	0	0	0	0	0	26	0	0	0	0	195	0	0	0	0	0	0	0	0	0	0	0	0	0	18
assemblage-262-240	0	0	0	0	0	0	0	0	0	0	0	0	0	0	0	0	0	0	16	0	0	0	0	0	0	0	0	0	0	0	0	0	0	0	0	17	207	139	0	0	0	0	0	0	6	0	0	0	0	110	0	0	0	0	0	0	0	0	0	0	0	0	0	0	0	0	0	0	5
assemblage-200-476	0	0	0	0	0	0	0	0	0	0	0	0	0	0	0	0	0	0	0	0	0	0	0	0	0	0	0	0	0	0	0	0	31	0	0	0	0	0	369	0	0	0	0	0	0	0	0	0	0	0	0	0	0	0	0	0	0	0	5	0	0	0	75	0	0	0	0	0	20
assemblage-656-655	0	0	0	0	0	0	0	0	81	0	0	0	0	0	0	45	0	0	0	0	0	0	0	0	0	0	0	0	0	0	0	0	0	0	0	0	47	0	0	0	0	0	0	0	0	0	0	0	0	313	0	0	0	0	0	0	0	0	0	0	0	0	0	0	0	0	0	0	14
assemblage-718-730	0	0	0	0	0	0	0	0	0	0	0	0	0	0	0	282	0	0	15	0	0	0	0	0	0	0	0	0	0	0	0	0	0	0	0	0	157	0	0	0	0	0	0	0	0	0	0	0	0	4	0	0	0	15	0	0	0	0	0	0	0	0	0	0	15	0	0	0	12
assemblage-413-894	0	0	0	0	0	0	0	0	0	0	0	0	0	0	0	0	0	0	432	0	0	0	0	0	0	0	0	0	0	0	0	0	0	0	11	0	0	0	3	0	0	0	0	0	0	0	0	0	0	0	0	0	0	0	0	0	0	0	0	0	0	0	0	0	41	0	0	0	13
assemblage-881-375	0	0	0	0	0	0	0	0	0	0	0	0	0	0	0	283	0	0	0	0	0	0	38	0	0	0	0	0	0	0	0	0	0	0	0	0	21	127	0	0	0	6	0	0	0	7	0	0	0	6	0	0	0	0	0	0	0	0	0	0	0	0	0	0	0	0	0	0	12
assemblage-483-564	0	0	0	0	0	0	0	0	0	0	0	0	0	0	0	213	0	0	0	0	0	0	0	0	0	0	30	0	0	0	0	0	0	0	0	0	0	0	0	0	0	0	0	0	0	0	0	0	0	0	0	0	0	0	238	0	12	0	0	0	0	0	0	0	0	0	0	0	7
assemblage-957-982	0	0	0	0	0	0	0	0	0	0	0	0	0	17	0	0	0	0	0	0	0	0	0	0	0	0	0	0	0	0	0	0	460	0	0	0	0	0	0	0	0	0	0	5	0	0	0	0	0	0	0	0	0	0	0	0	0	0	0	0	0	0	0	0	0	0	0	0	18
assemblage-160-729	0	0	0	0	0	0	0	0	0	0	17	0	0	0	0	0	0	0	0	0	0	0	0	0	0	0	0	0	0	0	0	0	0	0	0	0	427	0	9	0	0	0	22	0	0	0	0	0	0	0	0	0	0	0	0	0	0	0	0	0	0	0	0	0	0	0	0	0	25
assemblage-148-1000	0	0	0	0	0	0	0	0	0	0	1	0	0	0	0	0	0	0	419	0	0	0	0	0	0	0	0	0	0	0	0	0	0	0	13	5	0	0	7	0	0	0	0	0	0	0	0	0	0	0	0	0	0	0	0	0	0	0	0	0	0	0	0	0	37	0	0	0	18
assemblage-660-894	0	0	0	0	0	0	0	0	0	0	0	0	0	0	0	288	0	0	11	0	0	0	0	0	0	0	0	0	0	0	0	0	0	0	0	0	159	0	0	0	0	0	0	0	0	0	0	0	0	0	0	0	0	16	0	0	0	0	0	0	0	0	0	0	9	0	0	0	17
assemblage-546-468	0	0	0	0	0	0	0	0	0	0	0	0	0	0	0	0	38	0	0	0	0	0	0	0	0	0	0	0	0	0	0	0	0	31	0	0	0	0	0	0	0	0	0	0	0	0	0	0	0	0	0	0	374	0	0	0	0	0	0	0	0	0	0	0	44	0	0	0	13
assemblage-762-904	0	5	0	0	0	0	0	0	0	0	0	0	0	0	0	0	0	0	303	0	0	0	0	0	33	0	0	0	0	0	0	0	0	0	0	0	0	0	0	0	0	0	0	0	0	0	0	0	6	0	0	0	0	0	0	0	0	0	0	0	0	0	14	0	119	0	0	0	20
assemblage-358-501	0	0	0	0	0	0	0	0	0	0	16	0	0	0	0	0	0	0	0	0	0	0	0	0	0	0	0	0	0	0	0	0	0	0	0	0	0	0	431	0	0	0	0	0	0	0	0	0	0	0	0	0	0	0	0	0	0	38	0	0	0	0	0	0	0	0	0	0	15
assemblage-763-919	0	0	0	0	0	0	6	0	0	0	0	0	0	0	0	0	0	0	298	0	0	0	0	0	49	0	0	0	0	0	0	0	4	0	0	0	0	0	0	0	0	0	0	0	0	0	0	0	0	0	0	0	0	0	0	0	0	0	0	0	0	0	8	0	120	0	0	0	15
assemblage-697-729	0	0	0	0	0	0	0	0	0	0	0	0	0	0	0	274	0	0	13	0	0	0	0	0	0	0	0	0	0	0	0	0	0	0	0	0	167	0	0	0	0	0	0	0	0	0	0	0	0	7	0	0	0	14	0	0	0	0	0	0	0	0	0	0	7	0	0	0	18
assemblage-872-390	0	0	0	0	0	0	0	0	0	6	0	0	0	0	0	361	0	0	0	0	0	0	0	0	0	0	0	0	0	0	0	0	0	0	0	0	47	0	0	0	0	0	0	0	0	0	0	0	0	74	0	0	0	0	0	0	0	0	0	0	0	0	0	0	0	0	0	0	12
assemblage-888-383	0	0	0	0	0	0	0	0	101	0	0	0	0	0	0	28	0	6	0	0	0	0	0	0	0	0	0	0	0	0	0	0	0	0	0	0	33	0	0	0	0	0	0	0	0	0	0	0	0	327	0	0	0	0	0	0	0	0	0	0	0	0	0	0	0	0	0	0	5
assemblage-131-377	0	0	0	0	0	0	0	0	0	0	0	0	0	0	0	0	0	0	0	0	0	0	0	0	0	0	0	0	0	8	0	0	24	0	0	0	0	0	369	0	0	0	0	0	0	0	0	0	0	0	0	8	0	0	0	0	0	0	6	0	0	0	77	0	0	0	0	0	8
assemblage-534-295	0	0	0	0	0	0	0	0	0	0	0	0	0	0	0	267	0	0	0	0	0	0	44	0	0	0	0	0	0	0	0	0	0	0	0	0	22	141	0	0	0	0	0	0	0	7	0	0	0	1	0	0	0	0	0	0	0	0	0	0	0	0	0	0	0	0	0	0	18
assemblage-283-238	0	0	0	0	0	0	0	0	0	0	0	0	0	0	0	0	0	0	75	0	0	0	0	0	0	0	0	0	0	0	0	0	0	0	0	28	17	0	0	0	0	0	0	0	0	0	20	0	0	353	0	0	0	0	0	0	0	0	0	0	0	0	0	0	0	0	0	0	7
assemblage-773-891	0	0	0	0	0	0	0	0	0	0	26	0	0	0	0	0	0	0	12	0	0	0	0	0	0	0	0	0	0	0	0	0	21	0	0	0	0	0	0	7	0	0	0	0	0	0	0	0	0	0	0	0	0	0	0	0	0	0	0	0	0	0	43	40	328	0	0	0	23
assemblage-532-693	0	0	0	0	0	0	0	0	0	0	0	0	0	0	0	0	0	0	86	0	0	0	0	0	0	0	0	0	0	0	0	0	0	0	0	0	152	0	0	0	0	0	0	0	0	0	0	0	0	0	0	0	0	0	0	0	0	0	0	0	0	0	0	0	242	0	0	0	20
assemblage-653-885	0	0	0	0	0	0	0	0	0	0	0	0	0	0	0	55	0	0	39	0	0	0	0	0	0	0	0	0	0	0	0	0	0	0	0	13	210	39	0	0	0	0	0	0	0	0	0	0	0	120	0	0	0	0	0	0	0	0	0	0	0	0	0	0	0	0	0	0	24
assemblage-375-942	0	0	0	0	0	0	0	0	0	0	0	0	0	0	0	34	0	0	0	0	0	0	0	0	0	0	0	0	0	0	0	0	0	0	0	0	293	0	0	0	0	0	0	0	0	0	0	0	0	27	0	0	0	0	124	0	0	0	0	0	0	0	0	0	0	0	8	0	14
