Assemblage_Name	4-2-7269443	4-2-8932259	3-4-7901409	2-0-8160120	4-2-8954074	4-2-5297674	2-7540783-2	3-4-867365	2801036-2-3	6163982-2-3	1342865-7818245-7922967	3-4-3067662	4-5994942-3	1-3-2087053	3-4-2862970	4-9044337-3	8641302-2-3	4-8099573-4094831	4-2-5027795	2-7818245-7922967	3-4-1594937	2-7818245-2	3-4-6072174	9111474-2-126014	4-2-1613201	5091620-4-3067662	4-3296999-1401838	4-2-537285	9111474-2-3	2-0-2	1111960-2-3	4-5817005-3	3-4-5229436	3-1156582-3067662	4-2-6242492	3-4-5706806	4-7833031-3	4-2-3236653	4-8681788-4094831	4314208-4-3067662	711202-7818245-2	9111474-3943610-3	4-7558507-1982757	1-3-0	1-3-186035	4-2-3	5508170-2-3	9392575-2-6242492	4-2-1626502	3-4-2	4-2-1982757	3-4-7265855	4866355-4-3067662	4-7931846-3	4-2-4075199	4-3271280-3	6444629-7818245-2	4-1-1	3-8491238-1594937	5477114-2-3	3-4-2317748	6091090-4-2317748	4-2-4094831	9109516-2-3	143152-4-3067662	8288071-4-2	4-6939941-1	4-2-3808980	4-2-1401838	2828627-7818245-2	2833028-4-2862970	3-4-3396892	1369641-4-2
assemblage-189-363	0	0	0	0	0	0	0	0	0	0	0	0	0	0	0	0	0	42	0	0	0	0	0	0	0	0	0	0	0	0	0	0	0	0	0	0	0	0	0	0	0	0	0	0	0	103	0	0	0	0	0	0	0	0	0	0	0	0	0	0	0	0	350	0	0	0	0	0	0	0	0	0	5
assemblage-367-929	0	0	0	0	0	0	0	0	0	0	0	0	0	0	0	0	0	0	0	0	0	0	0	0	0	0	0	0	54	0	0	18	0	0	0	0	56	0	0	0	0	11	11	0	0	338	0	0	0	0	0	0	0	0	0	0	0	0	0	0	0	0	0	0	0	0	0	0	0	0	0	0	12
assemblage-750-917	0	0	0	0	0	0	0	0	0	0	0	339	0	0	0	0	0	0	0	0	0	0	20	0	0	0	0	0	0	0	0	0	0	33	0	0	0	0	0	0	0	0	0	0	0	0	0	0	0	64	0	0	15	0	0	0	0	0	0	0	0	0	0	0	0	0	0	0	0	0	0	6	23
assemblage-831-976	0	0	0	0	0	0	0	0	0	0	0	217	0	0	0	0	0	0	0	0	0	0	0	0	0	0	0	0	0	0	0	0	10	0	0	0	0	0	0	0	0	0	0	0	31	0	0	0	0	214	0	0	0	0	0	0	0	0	0	0	0	0	0	0	0	12	0	0	0	0	0	0	16
assemblage-544-479	0	0	0	0	0	13	0	0	0	0	0	51	0	0	0	0	0	0	0	0	0	80	0	0	0	0	0	0	0	21	0	0	0	0	0	0	0	0	0	0	0	0	0	74	3	69	0	0	2	104	0	0	0	0	0	0	0	42	0	0	0	0	0	0	0	0	0	0	0	0	0	0	41
assemblage-414-919	0	0	0	0	0	0	0	0	0	0	0	43	0	0	38	0	0	0	10	0	107	0	0	0	0	0	0	0	0	0	0	0	0	0	0	0	0	0	0	59	0	0	0	0	0	197	0	0	0	0	0	0	0	0	0	0	0	0	0	0	19	0	0	0	0	0	0	0	0	0	0	0	27
assemblage-656-900	0	0	0	0	0	0	0	0	0	0	0	0	0	0	0	0	0	0	0	0	27	0	0	0	0	0	0	146	0	0	0	0	0	0	36	0	0	0	0	0	0	0	0	0	0	198	0	41	0	0	44	0	0	0	0	0	0	0	0	0	0	0	0	0	0	0	0	0	0	0	0	0	8
assemblage-983-1003	0	0	0	0	0	0	0	0	0	0	0	0	0	0	0	0	0	0	0	0	0	340	0	0	0	0	0	0	0	127	0	0	0	0	0	0	0	0	0	0	0	0	0	0	0	0	0	0	0	0	0	0	0	0	0	0	0	0	0	0	0	0	0	0	0	0	0	0	0	0	0	0	33
assemblage-506-586	0	0	0	0	0	0	0	0	0	0	0	0	2	0	0	0	0	0	0	0	0	0	0	0	0	0	0	0	0	0	0	0	0	0	0	0	0	0	0	0	0	0	0	0	0	155	0	0	0	0	0	0	0	0	0	0	0	0	0	0	0	0	323	0	0	0	0	0	0	0	0	0	20
assemblage-864-394	0	0	0	0	0	0	0	0	0	0	0	0	0	0	0	0	0	0	0	0	0	0	0	0	0	0	0	0	0	0	0	0	0	0	0	0	0	0	0	0	0	0	0	0	0	16	0	0	0	0	0	0	0	0	21	0	0	0	0	15	0	0	434	0	0	0	0	0	0	0	0	0	14
assemblage-346-754	0	0	0	0	7	0	0	0	0	0	0	48	0	0	0	0	0	0	0	0	0	41	0	0	0	0	0	0	0	0	0	0	0	0	0	0	0	0	0	62	0	0	0	0	0	263	0	0	0	0	0	0	0	0	0	0	0	0	0	0	0	0	0	0	0	0	39	11	0	0	0	0	29
assemblage-343-509	0	0	0	0	0	44	0	0	17	0	0	0	0	0	0	0	0	0	0	0	0	0	0	0	0	0	0	0	0	0	0	0	0	0	0	0	0	0	0	0	0	0	0	0	0	247	0	0	20	0	0	0	0	0	0	0	0	143	0	0	0	0	0	0	0	0	14	0	0	0	0	0	15
assemblage-564-266	0	0	0	0	0	0	0	0	0	0	0	0	0	0	0	0	0	0	0	0	0	0	0	0	0	0	0	28	0	0	0	0	0	0	0	0	0	25	0	0	0	0	0	0	0	164	0	0	0	0	0	0	0	0	5	0	0	0	0	0	0	0	254	0	0	0	0	0	0	0	0	0	24
assemblage-887-364	0	0	0	0	0	0	0	0	0	0	0	0	0	0	0	0	0	0	0	0	0	0	0	0	6	0	0	47	0	0	0	0	0	0	0	0	0	30	0	0	0	0	0	0	0	141	0	0	0	0	0	0	0	0	7	0	0	0	0	0	0	0	246	0	0	0	0	0	0	0	0	0	23
assemblage-727-745	0	0	0	0	0	0	0	0	0	0	0	0	0	0	0	0	29	0	0	0	0	0	0	0	0	0	0	0	0	0	0	0	0	0	0	0	0	0	0	0	0	0	0	0	0	437	0	0	0	0	0	0	0	0	0	25	0	0	0	0	0	0	0	0	0	0	0	0	0	0	0	0	9
assemblage-159-705	0	0	0	0	0	0	0	0	0	0	0	12	0	0	0	0	0	0	0	0	0	0	0	0	0	0	0	0	0	0	0	0	0	0	0	0	0	0	0	49	0	0	0	0	0	401	0	0	0	0	0	0	0	0	0	0	0	0	0	0	27	0	0	0	0	0	0	0	0	0	0	0	11
assemblage-515-702	0	0	0	0	0	0	0	7	0	0	0	23	0	0	0	0	0	0	0	0	410	0	0	0	0	0	0	0	0	0	0	0	0	0	0	0	0	0	0	9	0	0	0	0	0	0	0	0	0	0	0	14	0	0	0	0	0	0	0	0	25	0	0	0	0	0	0	0	0	0	0	0	12
assemblage-692-724	5	0	0	0	0	0	0	0	0	0	0	0	0	0	0	0	30	0	0	0	0	0	0	0	0	0	0	0	0	0	0	0	0	0	0	0	0	0	0	0	0	0	0	0	0	432	0	0	0	0	0	0	0	0	0	25	0	0	0	0	0	0	0	0	0	0	0	0	0	0	0	0	8
assemblage-533-694	0	0	0	0	0	0	0	11	0	0	0	28	0	0	0	0	0	0	0	0	395	0	0	0	0	0	0	0	0	0	0	0	0	0	0	0	0	0	0	8	0	0	0	0	0	0	0	0	0	0	0	9	0	0	0	0	0	0	0	0	22	0	0	0	0	0	0	0	0	0	0	0	27
assemblage-857-390	0	0	0	0	0	0	0	0	0	0	0	0	6	0	0	0	0	0	0	0	0	0	0	0	0	0	0	0	0	0	0	0	0	0	0	0	0	0	0	0	0	0	0	0	0	201	0	0	0	0	0	0	0	0	0	0	0	0	0	0	0	0	280	0	0	0	0	0	0	0	0	0	13
assemblage-349-757	0	0	0	0	0	0	0	0	0	0	0	0	0	0	0	0	0	0	0	0	18	41	0	0	0	0	0	0	0	0	0	0	0	0	0	29	0	0	0	0	0	0	0	0	0	0	0	0	0	227	0	0	0	0	0	0	0	0	0	0	165	0	0	0	0	0	0	0	0	0	0	0	20
assemblage-879-379	0	0	0	0	0	0	0	0	0	0	0	0	0	0	0	0	0	34	0	0	0	0	0	0	0	0	0	0	0	0	0	0	0	0	0	0	0	0	0	0	0	0	0	0	0	91	0	0	0	0	0	0	0	0	0	0	0	0	0	0	0	0	372	0	0	0	0	0	0	0	0	0	3
assemblage-520-691	0	0	0	0	0	0	0	0	0	0	0	0	0	0	0	11	0	0	53	0	0	10	0	0	0	0	0	0	0	0	0	0	0	0	0	0	0	0	0	8	0	0	0	0	0	395	0	0	0	0	0	0	0	0	0	0	0	0	0	0	7	0	0	0	0	0	0	0	0	0	0	0	16
assemblage-352-519	0	0	0	0	0	47	0	0	20	0	0	0	0	0	0	0	0	0	0	0	0	0	0	0	0	0	0	0	0	0	0	0	0	0	0	0	0	0	0	0	0	0	0	0	0	242	0	0	44	0	0	0	0	0	0	0	0	124	0	0	0	0	0	0	0	0	11	0	0	0	0	0	12
assemblage-839-987	0	0	0	0	0	0	0	0	0	0	0	205	0	0	0	0	0	0	0	0	0	0	0	0	0	0	0	0	0	0	0	0	16	0	0	0	0	0	0	0	0	0	0	0	26	0	0	0	0	232	0	0	0	0	0	0	0	0	0	0	0	0	0	0	0	10	0	0	0	0	0	0	11
assemblage-724-723	0	0	0	0	0	0	0	0	0	0	0	0	0	0	0	0	23	0	0	0	10	0	0	0	0	0	0	0	0	0	0	0	0	0	0	0	0	0	0	0	0	0	0	0	0	435	0	0	0	0	0	0	0	0	0	29	0	0	0	0	0	0	0	0	0	0	0	0	0	0	0	0	3
assemblage-269-236	0	0	0	0	0	0	0	0	0	0	0	0	0	0	7	0	0	0	0	0	5	0	0	10	0	109	0	0	95	0	0	0	0	0	0	0	0	0	0	39	0	0	0	0	0	226	0	0	0	0	0	0	0	0	0	0	0	0	0	0	0	0	0	0	0	0	0	0	0	0	0	0	9
assemblage-834-987	0	0	0	0	0	0	0	0	0	0	0	221	0	0	0	0	0	0	0	0	0	0	0	0	0	0	0	0	0	0	0	0	9	0	0	0	0	0	0	0	0	0	0	0	26	0	0	0	0	216	0	0	0	0	0	0	0	0	0	0	0	0	0	0	0	16	0	0	0	0	0	0	12
assemblage-352-772	0	0	0	0	0	0	0	0	0	0	0	3	0	0	0	0	0	0	0	10	0	272	0	0	0	0	0	0	0	0	0	0	0	0	0	0	0	0	0	26	0	0	0	0	0	85	0	0	0	13	0	0	0	0	0	0	7	0	0	0	0	0	0	0	0	0	48	0	0	19	0	0	17
assemblage-347-771	0	0	0	0	0	0	0	0	0	0	0	7	0	0	0	0	0	0	0	14	0	259	0	0	0	0	0	0	0	0	0	0	0	0	0	0	0	0	0	55	0	0	0	0	0	92	0	0	0	10	0	0	0	0	0	0	8	0	0	0	0	0	0	0	0	0	29	0	0	19	0	0	7
assemblage-268-940	0	0	0	0	0	0	0	0	0	0	0	0	0	0	0	0	0	0	0	0	0	0	0	0	0	0	0	0	0	0	0	0	0	0	0	0	0	0	0	0	0	0	0	0	0	467	0	0	0	0	0	0	0	0	0	0	0	0	0	0	0	0	16	0	0	0	0	0	0	0	0	0	17
assemblage-146-728	0	0	0	0	0	0	0	0	0	0	0	0	0	0	0	19	0	0	49	0	0	7	0	0	0	0	0	0	0	0	0	0	0	0	0	0	0	0	0	9	0	0	0	0	0	386	0	0	0	0	0	0	0	0	0	0	0	0	0	0	14	0	0	0	0	0	0	0	0	0	0	0	16
assemblage-964-988	0	0	0	0	0	0	0	0	0	0	0	0	0	0	0	0	0	0	0	0	0	350	0	0	0	0	0	0	0	123	0	0	0	0	0	0	0	0	0	0	0	0	0	6	0	0	0	0	0	0	0	0	0	0	0	0	0	0	0	0	0	0	0	0	0	0	0	0	0	0	0	0	21
assemblage-157-739	0	0	2	0	0	0	0	0	0	0	0	159	0	0	148	0	0	0	0	0	0	0	7	0	0	0	0	0	0	0	0	0	0	0	0	0	0	0	0	150	0	0	0	0	0	0	0	0	0	0	0	0	0	0	0	0	0	0	0	0	0	0	0	0	13	0	0	0	0	0	0	0	21
assemblage-418-895	0	0	6	0	0	0	0	0	0	0	0	122	0	0	165	0	0	0	0	0	0	0	9	0	0	0	0	0	0	0	0	0	0	0	0	0	0	0	0	170	0	0	0	0	0	0	0	0	0	0	0	0	0	0	0	0	0	0	0	0	0	0	0	0	9	0	0	0	0	0	5	0	14
assemblage-349-945	0	0	0	0	0	0	0	0	0	0	0	0	0	0	0	0	0	0	0	0	0	0	0	0	0	0	0	0	8	0	0	0	0	0	0	0	0	0	0	0	0	0	0	0	0	465	0	0	0	0	0	0	0	14	0	0	0	0	0	0	0	0	0	0	0	0	0	0	0	0	0	0	13
assemblage-549-299	0	0	0	0	0	0	0	0	0	0	0	0	0	0	0	0	0	0	0	0	0	0	0	0	0	0	0	0	44	0	0	28	0	0	0	0	43	0	0	0	0	6	9	0	0	351	0	0	0	0	0	0	0	0	0	0	0	0	0	0	0	0	0	0	0	0	0	0	0	0	0	0	19
assemblage-547-488	0	0	0	0	0	0	0	0	0	0	0	0	0	15	0	0	0	0	0	0	0	0	0	0	0	0	0	0	0	0	0	0	0	0	0	0	0	0	0	0	0	0	0	279	0	0	0	0	0	194	0	0	0	0	0	0	0	0	0	0	0	0	0	0	0	0	0	0	0	0	0	0	12
assemblage-206-355	0	0	0	0	0	0	0	0	0	0	0	0	0	0	0	0	0	0	0	0	0	0	0	0	0	0	0	0	0	0	0	0	0	0	0	0	0	0	0	0	0	0	0	0	0	478	0	0	0	0	0	0	0	0	0	0	0	0	0	0	0	0	7	0	0	0	0	0	0	0	0	0	15
assemblage-185-363	0	0	0	0	0	0	0	0	0	0	0	0	0	0	0	0	0	0	0	0	0	0	0	0	0	0	0	0	0	0	0	0	0	0	0	0	0	0	0	0	0	0	0	0	0	27	0	0	0	0	0	0	0	0	22	0	0	0	0	8	0	0	433	0	0	0	0	0	0	0	0	0	10
assemblage-886-386	0	0	0	0	0	0	0	0	0	0	0	0	0	0	0	0	0	0	0	0	0	0	0	0	0	0	0	0	0	0	0	0	0	0	0	0	0	0	0	0	0	0	0	0	0	19	0	0	0	0	0	0	0	0	16	0	0	0	0	8	0	0	437	0	0	0	0	0	0	0	0	0	20
assemblage-118-366	0	0	0	0	0	0	0	0	0	0	0	6	0	0	0	0	0	0	0	0	28	35	0	0	0	0	0	0	0	0	0	0	0	0	0	24	0	0	0	0	0	0	0	0	0	0	0	0	0	189	0	0	0	0	0	0	0	0	0	0	198	6	0	0	0	0	0	0	0	0	0	0	14
assemblage-162-980	0	0	0	0	0	0	0	5	0	0	0	31	0	0	0	0	0	0	0	0	408	0	0	0	0	0	0	0	0	0	0	0	0	0	0	0	0	0	0	8	0	0	0	0	0	0	0	0	0	0	0	19	0	0	0	0	0	0	0	0	11	0	0	0	0	0	0	0	0	0	0	0	18
assemblage-200-370	0	0	0	0	0	0	0	0	0	0	0	0	0	0	0	0	0	0	0	0	0	0	0	0	0	0	0	0	0	0	0	0	0	0	0	0	0	0	0	0	0	0	0	0	0	471	0	0	0	0	0	0	0	0	0	0	0	0	0	0	0	0	0	0	0	0	0	0	0	0	0	0	29
assemblage-503-578	0	0	0	0	0	0	0	0	0	0	0	0	0	0	0	0	0	0	0	0	0	0	0	0	0	0	0	0	0	0	0	0	0	0	0	0	0	0	0	0	0	0	0	0	0	158	0	0	0	0	0	0	0	0	0	0	0	0	0	0	0	0	331	0	0	0	0	0	0	0	0	0	11
assemblage-202-368	0	0	0	0	0	0	0	0	0	0	0	0	0	0	0	0	0	25	0	0	0	0	0	0	0	0	0	0	0	0	0	0	0	0	0	0	0	0	0	0	0	0	0	0	0	104	0	0	0	0	0	0	0	0	0	0	0	0	0	0	0	0	362	2	0	0	0	0	0	0	0	0	7
assemblage-264-933	0	0	0	0	0	0	0	0	0	0	0	0	0	0	0	0	0	0	0	0	0	0	0	0	0	0	0	0	0	0	0	0	0	0	0	0	0	0	0	0	0	0	0	0	0	485	0	0	0	0	0	0	0	0	0	0	0	0	0	0	0	0	2	0	0	0	0	0	0	0	0	0	13
assemblage-124-373	0	0	0	0	0	0	0	0	0	0	0	41	0	0	0	0	0	0	0	0	0	42	0	0	0	0	0	0	0	0	0	0	0	0	0	0	0	0	0	80	7	0	0	0	0	276	0	0	0	0	0	0	0	0	0	0	0	0	0	0	0	0	0	0	0	0	32	7	0	0	0	0	15
assemblage-144-970	0	0	0	0	0	0	0	0	0	0	0	16	0	0	0	0	0	0	0	0	0	0	0	0	0	0	0	0	0	0	0	0	0	0	0	0	0	0	0	56	0	0	0	0	0	391	0	0	0	0	0	0	0	0	0	0	0	0	0	0	23	0	0	0	0	0	0	0	0	0	0	0	14
assemblage-268-932	0	0	0	0	0	0	0	0	0	0	0	0	0	0	0	0	0	27	0	0	0	0	0	0	0	0	0	0	0	0	0	0	0	0	0	0	0	0	0	0	0	0	0	0	0	109	0	0	0	0	0	0	0	0	0	0	0	0	0	0	0	0	353	0	0	0	0	0	0	0	0	0	11
assemblage-421-910	0	0	9	0	0	0	0	0	0	0	0	149	0	0	157	0	0	0	0	0	0	0	12	0	0	0	0	0	0	0	0	0	0	0	0	0	0	0	0	137	0	0	0	0	0	0	0	0	0	0	0	0	0	0	0	0	0	0	0	0	0	0	0	0	8	0	0	0	0	0	0	0	28
assemblage-661-663	0	0	0	0	0	0	0	0	0	0	0	0	0	0	0	0	0	0	0	0	0	0	0	0	0	0	0	0	11	0	0	0	0	0	0	0	0	0	0	0	0	0	0	0	0	460	3	0	0	0	0	0	0	14	0	0	0	0	0	0	0	0	0	0	0	0	0	0	0	0	0	0	12
assemblage-878-367	0	0	0	0	0	0	0	0	0	0	0	0	0	0	0	0	0	0	0	0	0	0	0	0	0	0	0	0	13	0	0	0	0	0	0	0	0	0	0	0	0	0	0	0	0	464	0	0	0	0	0	0	0	10	0	0	0	0	0	0	0	0	0	0	0	0	0	0	0	0	0	0	13
assemblage-890-368	0	4	0	0	0	0	0	0	0	0	0	0	0	0	0	0	0	0	0	0	0	0	0	0	0	0	0	0	45	0	0	17	0	0	0	0	55	0	0	0	0	14	14	0	0	341	0	0	0	0	0	0	0	0	0	0	0	0	0	0	0	0	0	0	0	0	0	0	0	0	0	0	10
assemblage-215-380	0	0	0	0	0	0	0	0	0	0	0	0	0	0	0	0	0	0	0	0	0	0	0	0	0	0	0	0	0	0	0	0	0	0	0	0	0	0	0	0	0	0	0	0	0	163	0	0	0	0	0	0	0	0	0	0	0	0	0	0	0	0	324	0	0	0	0	0	0	0	0	0	13
assemblage-270-241	0	0	0	0	0	0	0	0	0	0	0	0	0	0	11	0	0	0	0	0	0	0	0	0	0	93	0	0	109	0	0	0	0	0	0	0	0	0	0	38	0	0	0	0	0	227	0	0	0	0	0	0	0	0	0	0	0	0	0	0	0	0	0	0	0	0	0	0	0	0	0	0	22
assemblage-552-274	0	0	0	0	0	0	0	0	0	0	0	0	0	0	0	0	0	0	0	0	0	0	0	0	0	0	0	38	0	0	0	0	0	0	0	0	0	21	0	0	0	0	0	0	0	147	0	0	0	0	10	0	0	0	14	0	0	0	0	0	0	0	252	0	0	0	0	0	0	0	0	0	18
assemblage-851-1006	0	0	0	0	0	0	0	0	0	0	0	192	0	0	0	0	0	0	0	0	0	0	0	0	0	0	0	0	0	0	0	0	10	0	0	0	0	0	0	0	0	0	0	0	30	0	0	0	0	242	0	0	0	0	0	0	0	0	0	0	0	0	0	0	0	13	0	0	0	0	0	0	13
assemblage-370-965	0	3	0	0	0	0	0	0	0	0	0	0	0	0	0	0	0	0	0	0	0	0	0	0	0	0	0	0	46	0	0	26	0	0	0	0	48	0	0	0	0	4	12	0	0	343	0	0	0	0	0	0	0	0	0	0	0	0	0	0	0	0	0	0	0	0	0	0	0	0	0	0	18
assemblage-539-268	0	0	0	0	0	0	0	0	0	17	0	0	0	0	0	0	0	0	0	0	0	0	0	0	0	0	0	0	6	0	0	0	0	0	0	0	0	0	0	0	0	0	0	0	0	466	0	0	0	0	0	0	0	0	0	0	0	0	0	0	0	0	0	0	0	0	0	0	0	0	0	0	11
assemblage-374-948	0	0	0	0	0	0	0	0	0	0	0	0	0	0	0	0	0	0	0	0	0	0	0	0	0	0	0	38	0	0	0	0	0	0	0	0	0	31	0	0	0	0	0	0	0	174	0	0	0	0	8	0	0	0	0	0	0	0	0	0	0	0	239	0	0	0	0	0	0	0	0	0	10
assemblage-396-911	0	0	0	0	0	0	0	0	0	0	0	0	0	0	0	10	0	0	48	0	0	4	0	0	0	0	0	0	0	0	0	0	0	0	0	0	0	0	0	9	0	0	0	0	0	410	0	0	0	0	0	0	0	0	0	0	0	0	0	0	5	0	0	0	0	0	0	0	0	0	0	0	14
assemblage-141-1001	0	0	0	0	0	0	0	0	0	0	2	33	0	0	0	0	0	0	0	0	0	0	0	0	0	0	0	0	0	0	0	0	0	0	0	0	0	0	0	54	0	0	0	0	0	374	0	0	0	0	0	0	0	0	0	0	0	0	0	0	21	0	0	0	0	0	0	0	0	0	0	0	16
assemblage-871-379	0	0	0	0	0	0	0	0	0	0	0	0	0	0	0	0	0	0	0	0	0	0	0	0	0	0	0	0	0	0	0	0	0	0	0	0	0	0	0	0	0	0	0	0	0	24	0	0	0	0	0	0	0	0	18	0	0	0	0	14	0	0	432	0	0	0	0	0	0	0	0	0	12
assemblage-431-904	0	0	0	0	0	0	0	0	0	0	0	0	0	0	0	10	0	0	47	0	0	5	0	0	0	0	0	0	0	0	0	0	0	0	0	0	0	0	0	15	0	0	0	0	0	400	0	0	0	0	0	0	0	0	0	0	0	0	0	0	9	0	0	0	0	0	0	0	0	0	0	0	14
assemblage-838-986	0	0	0	0	0	0	0	0	0	0	0	216	0	0	0	0	0	0	0	0	0	0	0	0	0	0	0	0	0	0	0	0	11	0	0	0	0	0	0	0	0	0	0	0	29	0	0	0	0	220	0	0	0	0	0	0	0	0	0	0	0	0	0	0	0	14	0	0	0	0	0	0	10
assemblage-853-988	0	0	0	0	0	0	0	0	0	0	0	202	0	0	0	0	0	0	0	0	0	0	0	0	0	0	0	0	0	0	0	0	9	0	0	0	0	0	0	0	0	0	0	0	39	0	0	0	0	223	0	0	0	0	0	0	0	0	0	0	0	0	0	0	0	18	0	0	0	0	0	0	9
assemblage-643-890	0	0	0	0	0	0	0	0	0	0	0	0	0	0	5	0	0	0	0	0	2	0	0	0	0	104	0	0	93	0	0	0	0	0	0	0	0	0	0	42	0	0	0	0	0	233	0	0	0	0	0	0	0	0	0	0	0	0	0	0	0	0	0	0	0	0	0	0	0	0	0	0	21
assemblage-954-990	0	0	0	0	0	0	0	0	0	0	0	0	0	0	0	0	0	0	0	0	0	366	0	0	0	0	0	0	0	105	0	0	0	0	0	0	0	0	0	0	0	0	0	0	0	0	0	0	0	0	0	0	0	0	0	0	0	0	0	0	0	0	0	0	0	0	0	0	0	0	0	0	29
assemblage-359-943	0	0	0	0	0	0	0	0	0	0	0	0	0	0	0	0	0	0	0	0	0	0	0	0	0	0	0	0	45	0	0	22	0	0	0	0	62	0	0	0	0	12	10	0	0	333	0	0	0	0	0	0	0	0	0	0	0	0	0	0	0	0	0	0	0	0	0	0	0	0	0	0	16
assemblage-493-587	0	0	0	0	0	0	0	0	0	0	0	0	0	0	0	0	0	0	0	0	0	0	0	0	0	0	0	0	0	0	0	0	0	0	0	0	0	0	0	0	0	0	0	0	0	475	0	0	0	0	0	0	0	0	0	0	0	0	0	0	0	0	5	0	0	0	0	0	0	0	0	0	20
assemblage-139-994	0	0	0	0	0	0	0	0	0	0	0	0	0	0	0	24	0	0	45	0	0	9	0	0	0	0	0	0	0	0	0	0	0	0	0	0	0	0	0	16	0	0	0	0	0	386	0	0	0	0	0	0	0	0	0	0	0	0	0	0	5	0	0	0	0	0	0	0	0	0	0	0	15
assemblage-752-921	0	0	0	0	0	0	0	0	0	0	0	10	0	0	0	0	0	0	0	5	0	260	0	0	0	0	0	0	0	0	0	0	0	0	0	0	0	0	0	38	0	0	0	0	0	95	0	0	0	16	0	0	0	0	0	0	3	0	0	0	0	0	0	0	0	0	39	0	0	19	0	0	15
assemblage-204-472	0	0	0	0	0	0	0	0	0	0	0	7	0	0	0	0	0	0	0	0	24	31	0	0	0	0	0	0	0	0	0	0	0	0	0	26	0	0	0	0	0	0	0	0	0	0	0	0	0	226	0	0	0	0	0	0	0	0	0	0	162	0	0	0	0	0	0	0	0	0	0	0	24
assemblage-523-676	0	0	9	0	0	0	0	0	0	0	0	161	0	0	151	0	0	0	0	0	0	0	12	0	0	0	0	0	0	0	0	0	0	0	0	0	0	0	0	144	0	0	0	0	0	0	0	0	0	0	0	0	0	0	0	0	0	0	0	0	0	0	0	0	8	0	0	0	0	0	0	0	15
assemblage-264-950	0	0	0	0	0	0	0	0	0	0	0	0	0	0	0	0	0	24	0	0	0	0	0	0	0	0	0	0	0	0	0	0	0	0	0	0	0	0	0	0	0	0	0	0	0	76	0	0	0	0	0	0	0	0	0	0	0	0	0	0	0	0	391	6	0	0	0	0	0	0	0	0	3
assemblage-362-505	0	0	0	0	0	58	0	0	21	0	0	0	0	0	0	0	0	0	0	0	0	0	0	0	0	0	0	0	0	0	0	0	0	0	0	0	0	0	0	0	0	0	0	0	0	233	0	0	23	0	0	0	0	0	0	0	0	130	0	0	0	0	0	0	0	0	16	0	0	0	0	0	19
assemblage-368-489	0	0	0	0	0	49	0	0	17	0	0	0	0	0	0	0	0	0	0	0	0	0	0	0	0	0	0	0	0	0	0	0	0	0	0	0	0	0	0	0	0	0	0	0	0	247	0	0	29	0	0	0	0	0	0	0	0	123	0	0	0	0	0	0	0	0	16	0	0	0	0	0	19
assemblage-150-708	0	0	11	0	0	0	0	0	0	0	0	151	0	0	147	0	0	0	0	0	0	0	7	0	0	0	0	0	0	0	0	0	0	0	0	0	0	0	0	157	0	0	0	0	0	0	0	0	0	0	0	0	0	0	0	0	0	0	0	0	0	0	0	0	10	0	0	0	0	0	5	0	12
assemblage-344-500	0	0	0	0	0	44	0	0	13	0	0	0	0	0	0	0	0	0	0	0	0	0	0	0	0	0	0	0	0	0	0	0	0	0	0	0	0	0	0	0	0	0	0	0	0	254	0	0	20	0	0	0	0	0	0	0	0	133	0	0	0	0	0	0	0	0	18	0	0	0	0	0	18
assemblage-364-627	11	0	0	0	0	0	0	0	0	0	0	0	0	0	0	0	16	0	0	0	0	0	0	0	0	0	0	0	0	0	0	0	0	0	0	0	0	0	0	0	0	0	0	0	0	437	0	0	0	0	0	0	0	0	0	32	0	0	0	0	0	0	0	0	0	0	0	0	0	0	0	0	4
assemblage-341-745	0	0	0	0	0	0	0	0	0	0	0	10	0	0	0	0	0	0	0	8	0	272	0	0	0	0	0	0	0	0	0	0	0	0	0	0	0	0	0	29	0	0	0	0	0	82	0	0	0	16	0	0	0	0	0	0	5	0	0	0	0	0	0	0	0	0	45	0	0	17	0	0	16
assemblage-554-282	0	0	0	0	0	0	0	0	0	11	0	0	0	0	0	0	0	0	0	0	0	0	0	0	0	0	0	0	10	0	0	0	0	0	0	0	0	0	0	0	0	0	0	0	0	476	0	0	0	0	0	0	0	0	0	0	0	0	0	0	0	0	0	0	0	0	0	0	0	0	0	0	3
assemblage-158-689	0	0	0	0	0	0	0	0	0	0	1	18	0	0	0	0	0	0	0	0	0	0	0	0	0	0	0	0	0	0	0	0	0	0	0	0	0	0	0	53	0	0	0	0	0	388	0	0	0	0	0	0	0	0	0	0	0	0	0	0	27	0	0	0	0	0	0	0	0	0	0	0	13
assemblage-187-481	0	0	0	0	0	0	0	0	0	0	0	358	0	0	0	0	0	0	0	0	0	0	24	0	0	0	0	0	0	0	0	0	0	21	0	0	0	0	0	0	0	0	0	0	0	0	0	0	0	61	0	0	15	0	0	0	0	0	0	0	0	0	0	0	0	0	0	0	0	0	0	6	15
assemblage-847-379	0	0	0	0	0	0	0	0	0	0	0	0	0	0	0	0	0	0	0	0	0	0	0	0	0	0	0	0	0	0	0	0	0	0	0	0	0	0	0	0	0	0	0	0	0	476	0	0	0	0	0	0	0	0	0	0	0	0	0	0	0	0	4	0	0	0	0	0	0	0	0	0	20
assemblage-163-698	0	0	8	0	0	0	0	0	0	0	0	140	0	0	162	0	0	0	0	0	0	0	9	0	0	0	0	0	0	0	0	0	0	0	0	0	0	0	0	144	0	0	0	0	0	0	0	0	0	0	0	0	0	0	0	0	0	0	0	0	0	0	0	0	19	0	0	0	0	0	0	0	18
assemblage-761-903	0	0	0	0	0	0	0	0	0	0	0	8	0	0	0	0	0	0	0	0	23	37	0	0	0	0	0	0	0	0	0	0	0	0	0	30	0	0	0	0	0	0	0	0	0	0	0	0	0	217	0	0	0	0	0	0	0	0	0	0	160	0	0	0	0	0	0	0	0	0	0	0	25
assemblage-147-979	0	0	0	0	0	0	0	5	0	0	0	23	0	0	0	0	0	0	0	0	413	0	0	0	0	0	0	0	0	0	0	0	0	0	0	0	0	0	0	6	0	0	0	0	0	0	0	0	0	0	0	15	0	0	0	0	0	0	1	0	27	0	0	0	0	0	0	0	0	0	0	0	10
assemblage-120-380	0	0	0	0	0	0	0	0	0	0	0	0	0	0	0	0	0	0	0	0	21	34	0	0	0	0	0	0	0	0	0	0	0	0	0	22	0	0	0	0	0	0	0	0	0	0	0	0	0	213	0	0	0	0	0	0	0	0	0	0	183	0	0	0	0	0	0	0	0	0	0	0	27
assemblage-356-762	0	0	0	0	0	0	0	0	0	0	0	8	0	0	0	0	0	0	0	13	0	285	0	0	0	0	0	0	0	0	0	0	0	0	0	0	0	0	0	33	0	0	0	0	0	78	0	0	0	11	0	0	0	0	0	0	0	0	0	0	0	0	0	0	0	0	40	0	0	18	0	0	14
assemblage-830-1001	0	0	0	0	0	0	0	0	0	0	0	195	0	0	0	0	0	0	0	0	0	0	0	0	0	0	0	0	0	0	0	0	13	0	0	0	0	0	0	0	0	0	0	0	40	0	0	0	0	235	0	0	0	0	0	0	0	0	0	0	0	0	0	0	0	10	0	0	0	0	0	0	7
assemblage-897-363	0	0	0	0	0	0	0	0	0	0	0	0	0	0	0	0	0	0	0	0	0	0	0	0	0	0	0	10	16	0	0	5	0	0	0	0	6	6	0	0	0	0	0	0	0	378	0	0	0	0	0	0	0	0	0	0	0	0	0	0	0	0	59	0	0	0	0	0	0	0	0	0	20
assemblage-538-479	0	0	0	0	0	0	0	0	0	0	0	0	0	14	0	0	0	0	0	0	0	0	0	0	0	0	0	0	0	0	0	0	0	0	0	0	0	0	0	0	0	0	0	288	0	0	0	0	0	178	0	0	0	0	0	0	0	0	0	0	0	0	0	0	0	0	0	0	0	0	0	0	20
assemblage-976-999	0	0	0	6	0	0	0	0	0	0	0	0	0	0	0	0	0	0	0	0	0	341	0	0	0	0	0	0	0	127	0	0	0	0	0	0	0	0	0	0	0	0	0	0	0	0	0	0	0	0	0	0	0	0	0	0	0	0	0	0	0	0	0	0	0	0	0	0	0	0	0	0	26
assemblage-636-652	0	0	0	0	0	0	0	0	0	0	0	0	0	0	0	0	0	0	0	0	0	0	0	0	0	0	0	0	2	0	0	0	0	0	0	0	0	0	0	0	0	0	0	0	0	448	10	0	0	0	0	0	0	22	0	0	0	0	0	0	0	0	0	0	0	0	0	0	0	0	0	0	18
assemblage-427-897	0	0	0	0	0	0	0	0	0	0	0	0	0	0	0	10	0	0	47	0	0	11	0	0	0	0	0	0	0	0	0	0	0	0	0	0	0	0	0	11	0	0	0	0	0	399	0	0	0	0	0	0	0	0	0	0	0	0	0	0	8	0	0	0	0	0	0	0	0	0	0	0	14
assemblage-390-928	0	0	0	0	0	0	0	0	0	11	0	0	0	0	0	0	0	0	0	0	0	0	0	0	0	0	0	0	12	0	0	0	0	0	0	0	0	0	0	0	0	0	0	0	0	465	0	0	0	0	0	0	0	0	0	0	0	0	0	0	0	0	0	0	0	0	0	0	0	0	0	0	12
assemblage-827-981	0	0	0	0	0	0	0	0	0	0	0	191	0	0	0	0	0	0	0	0	0	0	0	0	0	0	0	0	0	0	0	0	15	0	0	0	0	0	0	0	0	0	0	0	23	0	0	0	0	242	0	0	0	0	0	0	0	0	0	0	0	0	0	0	0	12	0	0	0	0	0	0	17
assemblage-362-744	0	0	0	0	0	0	0	0	0	0	0	328	0	0	0	0	0	0	0	0	0	0	25	0	0	0	0	0	0	0	0	0	0	31	0	0	0	0	0	0	0	0	0	0	0	0	0	0	0	67	0	0	17	0	0	0	0	0	0	0	0	0	0	0	0	0	0	0	0	0	0	8	24
assemblage-270-231	7	0	0	0	0	0	0	0	0	0	0	0	0	0	0	0	20	0	0	0	0	0	0	0	0	0	0	0	0	0	0	0	0	0	0	0	0	0	0	0	0	0	0	0	0	449	0	0	0	0	0	0	0	0	0	18	0	0	0	0	0	0	0	0	0	0	0	0	0	0	0	0	6
assemblage-122-380	0	0	0	0	0	0	0	0	0	0	0	8	0	0	0	0	0	0	0	3	0	258	0	0	0	0	0	0	0	0	0	0	0	0	0	0	0	0	0	49	0	0	0	0	0	92	0	0	0	16	0	0	0	0	0	0	8	0	0	0	0	0	0	0	0	0	35	0	0	20	0	0	11
assemblage-344-624	0	0	0	0	0	0	0	0	0	0	0	0	0	0	5	0	0	0	0	0	32	0	0	0	0	0	52	0	0	0	0	0	0	0	0	0	0	0	0	8	0	0	0	0	0	327	0	0	0	0	0	0	0	0	0	0	0	0	0	0	0	0	0	0	0	0	0	0	54	0	0	0	22
assemblage-702-726	0	0	0	0	0	0	0	0	0	0	0	0	0	0	9	0	0	0	0	0	4	0	0	0	0	97	0	0	105	0	0	0	0	0	0	0	0	0	0	51	0	0	0	0	0	215	0	0	0	0	0	0	0	0	0	0	0	0	0	0	0	0	0	0	0	0	0	0	0	0	0	0	19
assemblage-861-376	0	0	0	0	0	0	0	0	0	0	0	0	0	0	0	0	0	0	0	0	0	0	0	0	0	0	0	0	0	0	0	0	0	0	0	0	0	0	8	0	0	0	0	0	0	24	0	0	0	0	0	0	0	0	22	0	0	0	0	12	0	0	418	0	0	0	0	0	0	0	0	0	16
assemblage-261-926	0	0	0	0	0	0	0	0	0	0	0	0	0	0	0	0	0	26	0	0	0	0	0	0	0	0	0	0	0	0	0	0	0	0	0	0	0	0	0	0	0	0	0	0	0	93	0	0	0	0	0	0	0	0	0	0	0	0	0	0	0	0	372	0	0	0	0	0	0	0	0	0	9
assemblage-540-275	0	0	0	0	0	0	0	0	0	0	0	0	0	0	0	0	0	0	0	0	0	0	0	0	0	0	0	52	0	0	0	0	0	0	0	0	0	36	0	0	0	0	0	0	0	141	0	0	0	0	0	0	0	0	9	0	0	0	0	0	0	0	247	0	0	0	0	0	0	0	0	0	15
assemblage-499-566	0	0	0	0	0	0	0	0	0	0	0	0	4	0	0	0	0	0	0	0	0	0	0	0	0	0	0	0	0	0	0	0	0	0	0	0	0	0	0	0	0	0	0	0	0	162	0	0	0	0	0	0	0	0	0	0	0	0	0	0	0	0	320	0	0	0	0	0	0	0	0	0	14
assemblage-889-374	0	0	0	0	0	0	0	0	0	0	0	0	0	0	0	0	0	0	0	0	0	0	0	0	0	0	0	0	3	0	0	0	0	0	0	0	0	0	0	0	0	0	0	0	0	453	0	0	0	0	5	0	0	19	0	0	0	0	0	0	0	0	0	0	0	0	0	0	0	0	0	0	20
assemblage-187-490	0	0	0	0	6	0	0	0	0	0	0	56	0	0	0	0	0	0	0	0	0	29	0	0	0	0	0	0	0	0	0	0	0	0	0	0	0	0	0	76	4	0	0	0	0	274	0	0	0	0	0	0	0	0	0	0	0	0	0	0	0	0	0	0	0	0	24	15	0	0	0	0	16
assemblage-527-668	0	0	0	0	0	0	0	11	0	0	0	32	0	0	0	0	0	0	0	0	386	0	0	0	0	0	0	0	0	0	0	0	0	0	0	0	0	0	0	7	0	0	0	0	0	0	0	0	0	0	0	16	0	0	0	0	0	0	0	0	33	0	0	0	0	0	0	0	0	0	0	0	15
assemblage-490-583	0	0	0	0	0	0	0	0	0	0	0	0	0	0	0	0	0	0	0	0	0	0	0	0	0	0	0	0	0	0	2	0	0	0	0	0	0	0	0	0	0	0	0	0	0	186	0	0	0	0	0	0	0	0	0	0	0	0	0	0	0	0	300	0	0	0	0	0	0	0	0	0	12
assemblage-174-486	0	0	0	0	0	0	0	0	0	0	0	357	0	0	0	0	0	0	0	0	0	0	24	0	0	0	0	0	0	0	0	0	0	24	0	0	0	0	0	0	0	0	0	0	0	0	0	0	0	59	0	0	6	0	0	0	0	0	0	0	0	0	0	0	0	0	0	0	0	0	0	10	20
assemblage-489-577	0	0	0	0	0	0	0	0	0	0	0	0	0	0	0	0	0	27	0	0	0	0	0	0	0	0	0	0	0	0	0	0	0	0	0	0	0	0	0	0	0	0	0	0	0	106	0	0	0	0	0	0	0	0	0	0	0	0	0	0	0	0	356	0	0	0	0	0	0	0	0	0	11
assemblage-639-891	0	0	0	0	0	0	0	0	0	0	0	0	0	0	2	0	0	0	0	0	5	0	0	0	0	115	0	0	103	0	0	0	0	0	0	0	0	0	0	37	0	0	0	0	0	219	0	0	0	0	0	0	0	0	0	0	0	0	0	0	0	0	0	0	0	0	0	0	0	0	0	0	19
assemblage-368-611	0	0	0	0	0	0	0	0	0	0	0	0	0	0	7	0	0	0	0	0	39	0	0	0	0	0	56	0	0	0	0	0	0	0	0	0	0	0	0	9	0	0	0	0	0	328	0	0	0	0	0	0	0	0	0	0	0	0	0	0	0	0	0	0	0	0	0	0	48	0	0	0	13
assemblage-420-895	0	0	14	0	0	0	0	0	0	0	0	154	0	0	145	0	0	0	0	0	0	0	12	0	0	0	0	0	0	0	0	0	0	0	0	0	0	0	0	136	0	0	0	0	0	0	0	0	0	0	0	0	0	0	0	0	0	0	0	0	0	0	0	0	8	0	0	0	0	0	0	0	31
assemblage-534-699	0	0	0	0	0	0	0	8	0	0	0	36	0	0	0	0	0	0	0	0	391	0	0	0	0	0	0	0	0	0	0	0	0	0	0	0	0	0	0	5	0	0	0	0	0	0	0	0	0	0	0	14	0	0	0	0	0	0	0	0	27	0	0	0	0	0	0	0	0	0	0	0	19
assemblage-527-463	0	0	0	0	0	0	0	0	0	0	0	0	0	20	0	0	0	0	0	0	0	0	0	0	0	0	0	0	0	0	0	0	0	0	0	0	0	0	0	0	0	0	0	290	0	0	0	0	0	186	0	0	0	0	0	0	0	0	0	0	0	0	0	0	0	0	0	0	0	0	0	0	4
assemblage-153-478	0	0	0	0	0	0	0	0	0	0	0	103	0	0	0	0	0	0	0	0	7	76	10	0	0	0	0	0	0	0	0	0	0	3	0	9	0	0	0	31	0	0	0	0	0	71	0	0	0	80	0	0	0	0	0	0	0	0	0	0	57	0	0	0	0	0	17	0	0	0	0	0	36
assemblage-540-477	0	0	0	0	0	0	0	0	0	0	0	0	0	27	0	0	0	0	0	0	0	0	0	0	0	0	0	0	0	0	0	0	0	0	0	0	0	0	0	0	0	0	0	270	0	0	0	0	0	197	0	0	0	0	0	0	0	0	0	0	0	0	0	0	0	0	0	0	0	0	0	0	6
assemblage-373-944	0	0	0	0	0	0	0	0	0	16	0	0	0	0	0	0	0	0	0	0	0	0	0	0	0	0	0	0	8	0	0	0	0	0	0	0	0	0	0	0	0	0	0	0	0	468	0	0	0	0	0	0	0	0	0	0	0	0	0	0	0	0	0	0	0	0	0	0	0	0	0	0	8
assemblage-665-898	0	0	0	0	0	0	0	0	0	0	0	0	0	0	0	0	0	0	0	0	20	0	0	0	0	0	0	139	0	0	0	0	0	0	33	0	0	0	0	0	0	0	0	0	0	184	0	50	0	0	64	0	0	0	0	0	0	0	0	0	0	0	0	0	0	0	0	0	0	0	0	0	10
assemblage-128-978	0	0	0	0	0	0	0	0	0	0	0	17	0	0	0	0	0	0	0	0	0	0	0	0	0	0	0	0	0	0	0	0	0	0	0	0	0	0	0	62	0	0	0	0	0	386	0	0	0	0	0	0	0	0	0	0	0	0	0	0	19	0	0	0	0	0	0	0	0	0	0	0	16
assemblage-212-377	0	0	0	0	0	0	0	0	0	0	0	0	0	0	0	0	0	0	0	0	0	0	0	0	0	0	0	0	0	0	0	0	0	0	0	0	0	0	0	0	0	0	0	0	0	470	0	0	0	0	0	0	0	0	0	0	0	0	0	0	0	0	6	0	0	0	0	0	0	0	0	0	24
assemblage-631-659	0	0	0	0	0	0	0	0	0	6	0	0	0	0	0	0	0	0	0	0	0	0	0	0	0	0	0	0	14	0	0	0	0	0	0	0	0	0	0	0	0	0	0	0	0	471	0	0	0	0	0	0	0	0	0	0	0	0	0	0	0	0	0	0	0	0	0	0	0	0	0	0	9
assemblage-209-386	0	0	0	0	0	0	0	0	0	0	0	0	0	0	0	0	0	0	0	0	0	0	0	0	0	0	0	0	0	0	0	0	0	0	0	0	0	0	0	0	0	0	0	0	0	484	0	0	0	0	0	0	0	0	0	0	0	0	0	0	0	0	0	0	0	0	0	0	0	0	0	0	16
assemblage-284-931	0	0	0	0	0	0	0	0	0	0	0	0	0	0	0	0	0	0	0	0	0	0	0	0	0	0	0	0	0	0	0	0	0	0	0	0	0	0	2	0	0	0	0	0	0	19	0	0	0	0	0	0	0	0	12	0	0	0	0	9	0	0	445	0	0	0	0	0	0	0	0	0	13
assemblage-357-512	0	0	0	0	0	44	0	0	20	0	0	0	0	0	0	0	0	0	0	0	0	0	0	0	0	0	0	0	0	0	0	0	0	0	0	0	0	0	0	0	0	0	0	0	0	253	0	0	17	0	0	0	0	0	0	0	0	129	0	0	0	0	0	0	0	0	23	0	0	0	0	0	14
assemblage-268-242	11	0	0	0	0	0	0	0	0	0	0	0	0	0	0	0	25	0	0	0	0	0	0	0	0	0	0	0	0	0	0	0	0	0	0	0	0	0	0	0	0	0	0	0	0	430	0	0	0	0	0	0	0	0	0	24	0	0	0	0	0	0	0	0	0	0	0	0	0	0	0	0	10
assemblage-657-898	0	0	0	0	0	0	0	0	0	0	0	0	0	0	7	0	0	0	0	0	33	0	0	0	0	0	60	0	0	0	0	0	0	0	0	0	0	0	0	12	0	0	0	0	0	303	0	0	0	0	0	0	0	0	0	0	0	0	0	0	0	0	0	0	0	0	0	0	59	0	0	0	26
assemblage-749-925	0	0	0	0	0	0	0	0	0	0	0	0	0	0	0	0	0	0	0	0	15	35	0	0	0	0	0	0	0	0	0	0	0	0	0	32	0	0	0	0	0	0	0	0	0	0	0	0	0	202	0	0	0	0	0	0	0	0	0	0	191	0	0	0	0	0	0	0	0	0	0	0	25
assemblage-549-481	0	0	0	0	0	0	0	0	0	0	0	0	0	22	0	0	0	0	0	0	0	0	0	0	0	0	0	0	0	0	0	0	0	0	0	0	0	0	0	0	0	0	0	271	0	0	0	0	0	198	0	0	0	0	0	0	0	0	0	0	0	0	0	0	0	0	0	0	0	0	0	0	9
assemblage-100-384	0	0	0	0	0	0	0	0	0	0	0	5	0	0	0	0	0	0	0	9	0	278	0	0	0	0	0	0	0	0	0	0	0	0	0	0	0	0	0	44	0	0	0	0	0	90	0	0	0	12	0	0	0	0	0	0	1	0	0	0	0	0	0	0	0	0	32	0	0	14	0	0	15
assemblage-545-281	0	0	0	0	0	0	0	0	0	0	0	0	0	0	0	0	0	0	0	0	0	0	0	0	0	0	0	40	0	0	0	0	0	0	0	0	0	35	0	0	0	0	0	0	0	150	0	0	0	0	0	0	0	0	7	0	0	0	0	0	0	0	240	0	0	0	0	0	0	0	0	0	28
assemblage-174-492	0	0	0	0	0	0	0	0	0	0	0	70	0	0	0	0	0	0	0	0	0	40	0	0	0	0	0	0	0	0	0	0	0	0	0	0	0	0	0	65	6	0	0	0	0	253	0	0	0	0	0	0	0	0	0	0	0	0	0	0	0	0	0	0	0	0	39	6	0	0	0	0	21
assemblage-639-660	0	0	0	0	0	0	0	0	0	0	0	0	0	0	0	0	0	0	0	0	0	0	0	0	0	0	0	0	11	0	0	0	0	0	0	0	0	0	0	0	0	0	0	0	0	450	0	0	0	0	0	0	0	14	0	0	0	0	0	0	0	0	0	0	0	0	0	0	0	0	0	0	25
assemblage-354-625	0	0	0	0	0	0	0	0	0	0	0	0	0	0	0	0	0	0	0	0	27	0	0	0	0	0	0	137	0	0	0	0	0	0	34	0	0	0	0	0	0	0	0	0	0	195	0	30	0	0	71	0	0	0	0	0	0	0	0	0	0	0	0	0	0	0	0	0	0	0	0	0	6
assemblage-634-662	0	0	0	0	0	0	0	0	0	0	0	0	0	0	0	0	0	0	0	0	0	0	0	0	0	0	0	0	32	0	0	27	0	0	0	0	56	0	0	0	0	5	9	0	0	348	0	0	0	0	0	0	0	0	0	0	0	0	0	0	0	0	0	0	0	0	0	0	0	0	0	0	23
assemblage-967-994	0	0	0	0	0	0	7	0	0	0	0	0	0	0	0	0	0	0	0	0	0	340	0	0	0	0	0	0	0	127	0	0	0	0	0	0	0	0	0	0	0	0	0	8	0	0	0	0	0	0	0	0	0	0	0	0	0	0	0	0	0	0	0	0	0	0	0	0	0	0	0	0	18
assemblage-540-468	0	0	0	0	0	0	0	0	0	0	0	0	0	12	0	0	0	0	0	0	0	0	0	0	0	0	0	0	0	0	0	0	0	0	0	0	0	0	0	0	0	0	0	275	0	0	0	0	0	202	0	0	0	0	0	0	0	0	0	0	0	0	0	0	0	0	0	0	0	0	0	0	11
assemblage-967-996	0	0	0	0	0	0	0	0	0	0	0	0	0	0	0	0	0	0	0	0	0	353	0	0	0	0	0	0	0	125	0	0	0	0	0	0	0	0	0	0	0	0	0	0	0	0	0	0	0	0	0	0	0	0	0	0	0	0	0	0	0	0	0	0	0	0	0	0	0	0	0	0	22
assemblage-142-364	0	0	0	0	0	0	0	0	0	0	0	345	0	0	0	0	0	0	0	0	0	0	19	0	0	0	0	0	0	0	0	0	0	24	0	0	0	0	0	0	0	0	0	0	0	0	0	0	0	69	0	0	9	0	0	0	0	0	0	0	0	0	0	0	0	0	0	0	0	0	0	8	26
assemblage-473-576	0	0	0	0	0	0	0	0	0	0	0	0	0	0	0	0	0	8	0	0	0	0	0	0	0	0	0	0	0	0	0	0	0	0	0	0	0	0	0	0	0	0	0	0	0	196	0	0	0	0	0	0	0	0	3	0	0	0	0	0	0	0	278	0	0	0	0	0	0	0	0	0	15
assemblage-370-615	4	0	0	0	0	0	0	0	0	0	0	0	0	0	0	0	24	0	0	0	0	0	0	0	0	0	0	0	0	0	0	0	0	0	0	0	0	0	0	0	0	0	0	0	0	451	0	0	0	0	0	0	0	0	0	18	0	0	0	0	0	0	0	0	0	0	0	0	0	0	0	0	3
assemblage-357-616	0	0	0	0	0	0	0	0	0	0	0	0	0	0	0	0	0	0	0	0	22	0	0	0	0	0	0	122	0	0	0	0	0	0	41	0	0	0	0	0	0	0	0	0	0	197	0	40	0	0	65	0	0	0	0	0	0	0	0	0	0	0	0	0	0	0	0	0	0	0	0	0	13
assemblage-947-996	0	0	0	0	0	0	0	0	0	0	0	0	0	0	0	0	0	0	0	0	0	358	0	0	0	0	0	0	0	124	0	0	0	0	0	0	0	0	0	0	0	0	0	0	0	0	0	0	0	0	0	0	0	0	0	0	0	0	0	0	0	0	0	0	0	0	0	0	0	0	0	0	18
assemblage-262-237	7	0	0	0	0	0	0	0	0	0	0	0	0	0	0	0	22	0	0	0	7	0	0	0	0	0	0	0	0	0	0	0	0	0	0	0	0	0	0	0	0	0	0	0	0	428	0	0	0	0	0	0	0	0	0	26	0	0	0	0	0	0	0	0	0	0	0	0	0	0	0	0	10
assemblage-161-461	0	0	0	0	0	0	0	0	0	0	0	7	0	0	0	0	0	0	0	0	24	27	0	0	0	0	0	0	0	0	0	0	0	0	0	27	0	0	0	0	0	0	0	0	0	0	0	0	0	203	0	0	0	0	0	0	0	0	0	0	190	5	0	0	0	0	0	0	0	0	0	0	17
assemblage-357-609	0	0	0	0	0	0	0	0	0	0	0	0	0	0	0	0	0	0	0	0	21	0	0	0	0	0	0	122	0	0	0	0	0	0	41	0	0	0	0	0	0	0	0	0	0	206	0	34	0	0	61	0	0	0	0	0	0	0	0	0	0	0	0	0	0	0	0	0	0	0	0	0	15
assemblage-357-765	0	0	0	0	0	0	0	0	0	0	0	61	0	0	0	0	0	0	0	0	0	50	0	0	0	0	0	0	0	0	0	0	0	0	0	0	0	0	0	75	4	0	0	0	0	259	0	0	0	0	0	0	0	0	0	0	0	0	0	0	0	0	0	0	0	0	27	10	0	0	0	0	14
assemblage-651-672	0	0	0	0	0	0	0	0	0	0	0	0	0	0	0	0	0	0	0	0	0	0	0	0	0	0	0	0	8	0	0	0	0	0	0	0	0	0	0	0	0	0	0	0	0	460	0	0	0	0	0	0	0	20	0	0	0	0	0	0	0	0	0	0	0	0	0	0	0	0	0	0	12
assemblage-722-718	0	0	0	0	0	0	0	0	0	0	0	0	0	0	12	0	0	0	0	0	25	0	0	0	0	0	68	0	0	0	0	0	0	0	0	0	0	0	0	13	0	0	0	0	0	328	0	0	0	0	0	0	0	0	0	0	0	0	0	0	0	0	0	0	0	0	0	0	37	0	0	0	17
assemblage-281-929	0	0	0	0	0	0	0	0	0	0	0	0	0	0	0	0	0	0	0	0	0	0	0	0	0	0	0	0	0	0	0	0	0	0	0	0	0	0	0	0	0	0	0	0	0	166	0	0	0	0	0	0	0	0	0	0	0	0	0	0	0	0	310	0	0	0	0	0	0	0	0	0	24
assemblage-757-904	0	0	0	0	0	0	0	0	0	0	0	10	0	0	0	0	0	0	0	6	0	252	0	0	0	0	0	0	0	0	0	0	0	0	0	0	0	0	0	42	0	0	0	0	0	95	0	0	0	21	0	0	0	0	0	0	5	0	0	0	0	0	0	0	0	0	46	0	0	14	0	0	9
assemblage-872-388	0	0	0	0	0	0	0	0	0	0	0	0	0	0	0	0	0	0	0	0	0	0	0	0	0	0	0	0	0	0	0	0	0	0	0	0	0	0	0	0	0	0	0	0	0	187	0	0	0	0	0	0	0	0	0	0	0	0	0	0	0	0	289	0	0	0	0	0	0	0	0	0	24
assemblage-648-665	0	0	0	0	0	0	0	0	0	10	0	0	0	0	0	0	0	0	0	0	0	0	0	0	0	0	0	0	8	0	0	0	0	0	0	0	0	0	0	0	0	0	0	0	0	473	0	0	0	0	0	0	0	0	0	0	0	0	0	0	0	0	0	0	0	0	0	0	0	0	0	0	9
assemblage-516-679	0	0	0	0	0	0	0	0	0	0	0	22	0	0	0	0	0	0	0	0	0	0	0	0	0	0	0	0	0	0	0	0	0	0	0	0	0	0	0	54	0	0	0	0	0	386	0	0	0	0	0	0	0	0	0	0	0	0	0	0	33	0	0	0	0	0	0	0	0	0	0	0	5
assemblage-709-731	0	0	0	0	0	0	0	0	0	0	0	0	0	0	0	0	0	0	0	0	19	0	0	0	0	0	0	129	0	0	0	0	0	0	29	0	0	0	0	0	0	0	0	0	0	213	0	30	0	0	68	0	0	0	0	0	0	0	0	0	0	0	0	0	0	0	0	0	0	0	0	0	12
assemblage-118-355	0	0	0	0	17	0	0	0	0	0	0	42	0	0	0	0	0	0	0	0	0	36	0	0	0	0	0	0	0	0	0	0	0	0	0	0	0	0	0	80	8	0	0	0	0	259	0	0	0	0	0	0	0	0	0	0	0	0	0	0	0	0	0	0	0	0	29	9	0	0	0	0	20
assemblage-651-901	0	0	0	0	0	0	0	0	0	0	0	0	0	0	10	0	0	0	0	0	32	0	0	0	0	0	56	0	0	0	0	0	0	0	0	0	0	0	0	13	0	0	0	0	0	334	0	0	0	0	0	0	0	0	0	0	0	0	0	0	0	0	0	0	0	0	0	0	43	0	0	0	12
assemblage-337-498	0	0	0	0	0	55	0	0	15	0	0	0	0	0	0	0	0	0	0	0	0	0	0	0	0	0	0	0	0	0	0	0	0	0	0	0	0	0	0	0	0	0	0	0	0	255	0	0	12	0	0	0	0	0	0	0	0	125	0	0	0	0	0	0	0	0	17	0	0	0	0	0	21
assemblage-275-233	0	0	0	0	0	0	0	0	0	0	0	0	0	0	0	0	0	0	0	0	0	0	0	0	0	105	0	0	79	0	0	0	0	0	0	0	0	0	0	55	0	0	0	0	0	225	0	0	0	0	0	0	0	0	0	0	0	0	0	0	0	0	0	0	0	0	0	0	0	0	0	0	36
assemblage-150-694	0	0	0	0	0	0	0	0	0	0	0	0	0	0	0	8	0	0	41	0	0	9	0	0	0	0	0	0	0	0	0	0	0	0	0	0	0	0	0	14	0	0	0	0	0	400	0	0	0	0	0	0	0	0	0	0	0	0	0	0	12	0	0	0	0	0	0	0	0	0	0	0	16
assemblage-338-611	0	0	0	0	0	0	0	0	0	0	0	0	0	0	0	0	0	0	0	0	19	0	0	0	0	0	0	135	0	0	0	0	0	0	34	0	0	0	0	0	0	0	0	0	0	195	0	26	0	0	78	0	0	0	0	0	0	0	0	0	0	0	0	0	0	0	0	0	0	0	0	0	13
assemblage-170-969	0	0	0	0	0	0	0	0	0	0	0	26	0	0	0	0	0	0	0	0	0	0	0	0	0	0	0	0	0	0	0	0	0	0	0	0	0	0	0	57	0	0	0	0	0	375	0	0	0	0	0	0	0	0	0	0	0	0	0	0	35	0	0	0	0	0	0	0	0	0	0	0	7
assemblage-275-945	0	0	0	0	0	0	0	0	0	0	0	0	0	0	0	0	0	0	0	0	0	0	0	0	0	0	0	0	0	0	0	0	0	0	0	0	0	0	0	0	0	0	0	0	0	15	0	0	0	0	0	0	0	0	12	0	0	0	0	9	0	0	453	0	0	0	0	0	0	0	0	0	11
assemblage-262-240	0	0	0	0	0	0	0	0	0	0	0	0	0	0	0	0	0	0	0	0	20	0	0	0	0	0	0	137	0	0	0	0	0	0	35	0	0	0	0	0	0	0	0	0	0	207	0	38	0	0	55	0	0	0	0	0	0	0	0	0	0	0	0	0	0	0	0	0	0	0	0	0	8
assemblage-200-476	0	0	0	0	0	0	0	0	0	0	0	46	0	0	0	0	0	0	0	0	0	31	0	0	0	0	0	0	0	0	0	0	0	0	0	0	0	0	0	76	8	0	0	0	0	281	0	0	0	0	0	0	0	0	0	0	0	0	0	0	0	0	0	0	0	0	28	11	0	0	0	0	19
assemblage-656-655	0	0	0	0	0	0	0	0	0	0	0	0	0	0	0	0	0	0	0	0	0	0	0	0	0	0	0	0	47	0	0	24	0	0	0	0	45	0	0	0	0	7	10	0	0	351	0	0	0	0	0	0	0	0	0	0	0	0	0	0	0	0	0	0	0	0	0	0	0	0	0	0	16
assemblage-718-730	0	0	0	0	0	0	0	0	0	0	0	0	0	0	18	0	0	0	0	0	21	0	0	0	0	0	67	0	0	0	0	0	0	0	0	0	0	0	0	9	0	0	0	0	0	310	0	0	0	0	0	0	0	0	0	0	0	0	0	0	0	0	0	0	0	0	0	0	60	0	0	0	15
assemblage-413-894	0	0	0	0	0	0	0	5	0	0	0	27	0	0	0	0	0	0	0	0	406	0	0	0	0	0	0	0	0	0	0	0	0	0	0	0	0	0	0	12	0	0	0	0	0	0	0	0	0	0	0	10	0	0	0	0	0	0	0	0	17	0	0	0	0	0	0	0	0	0	0	0	23
assemblage-881-375	0	0	0	0	0	0	0	0	0	0	0	0	0	0	0	0	0	0	0	0	0	0	0	0	0	0	0	45	0	0	0	0	0	0	0	0	0	26	0	0	0	0	0	0	0	159	0	0	0	0	0	0	0	0	7	0	0	0	0	0	0	0	244	0	0	0	0	0	0	0	0	0	19
assemblage-483-564	0	0	0	0	0	0	0	0	0	0	0	0	0	0	0	0	0	37	0	0	0	0	0	0	0	0	0	0	0	0	0	0	0	0	0	0	0	0	0	0	0	0	0	0	0	91	0	0	0	0	0	0	0	0	0	0	0	0	0	0	0	0	361	7	0	0	0	0	0	0	0	0	4
assemblage-957-982	0	0	0	0	0	0	0	0	0	0	0	0	0	0	0	0	0	0	0	0	0	340	0	0	0	0	0	0	0	129	0	0	0	0	0	0	0	0	0	0	0	0	0	0	0	0	0	0	0	0	0	0	0	0	0	0	0	0	0	0	0	0	0	0	0	0	0	0	0	0	0	0	31
assemblage-160-729	0	0	0	0	0	0	0	0	0	0	0	0	0	0	0	15	0	0	41	0	0	12	0	0	0	0	0	0	0	0	0	0	0	0	0	0	0	0	0	9	0	0	0	0	0	414	0	0	0	0	0	0	0	0	0	0	0	0	0	0	2	0	0	0	0	0	0	0	0	0	0	0	7
assemblage-148-1000	0	0	0	0	0	0	0	9	0	0	0	32	0	0	0	0	0	0	0	0	395	0	0	0	0	0	0	0	0	0	0	0	0	0	0	0	0	0	0	19	0	0	0	0	0	0	0	0	0	0	0	6	0	0	0	0	0	0	0	0	23	0	0	0	0	0	0	0	0	0	0	0	16
assemblage-660-894	0	0	0	0	0	0	0	0	0	0	0	0	0	0	7	0	0	0	0	0	28	0	0	0	0	0	61	0	0	0	0	0	0	0	0	0	0	0	0	9	0	0	0	0	0	334	0	0	0	0	0	0	0	0	0	0	0	0	0	0	0	0	0	0	0	0	0	0	43	0	0	0	18
assemblage-546-468	0	0	0	0	0	0	0	0	0	0	0	0	0	12	0	0	0	0	0	0	0	0	0	0	0	0	0	0	0	0	0	0	0	0	0	0	0	0	0	0	0	0	0	267	0	0	0	0	0	205	0	0	0	0	0	0	0	0	0	0	0	0	0	0	0	0	0	0	0	0	0	0	16
assemblage-762-904	0	0	0	0	0	0	0	0	0	0	0	356	0	0	0	0	0	0	0	0	0	0	11	0	0	0	0	0	0	0	0	0	0	28	0	0	0	0	0	0	0	0	0	0	0	0	0	0	0	51	0	0	14	0	0	0	0	0	0	0	0	0	0	0	0	0	0	0	0	0	0	9	31
assemblage-358-501	0	0	0	0	0	50	0	0	20	0	0	0	0	0	0	0	0	0	0	0	0	0	0	0	0	0	0	0	0	0	0	0	0	0	0	0	0	0	0	0	0	0	0	0	0	247	0	0	14	0	0	0	0	0	0	0	0	134	0	0	0	0	0	0	0	0	17	0	0	0	0	0	18
assemblage-763-919	0	0	0	0	0	0	0	0	0	0	0	347	0	0	0	0	0	0	0	0	0	0	20	0	0	0	0	0	0	0	0	0	0	32	0	0	0	0	0	0	0	0	0	0	0	0	0	0	0	64	0	0	9	0	0	0	0	0	0	0	0	0	0	0	0	0	0	0	0	0	0	3	25
assemblage-697-729	0	0	0	0	0	0	0	0	0	0	0	0	0	0	14	0	0	0	0	0	29	0	0	0	0	0	54	0	0	0	0	0	0	0	0	0	0	0	0	12	0	0	0	0	0	331	0	0	0	0	0	0	0	0	0	0	0	0	0	0	0	0	0	0	0	0	0	0	48	0	0	0	12
assemblage-872-390	0	0	0	0	0	0	0	0	0	0	0	0	0	0	0	0	0	0	0	0	0	0	0	0	0	0	0	0	7	0	0	0	0	0	0	0	0	0	0	0	0	0	0	0	0	465	7	0	0	0	4	0	0	10	0	0	0	0	0	0	0	0	0	0	0	0	0	0	0	0	0	0	7
assemblage-888-383	0	0	0	0	0	0	0	0	0	0	0	0	0	0	0	0	0	0	0	0	0	0	0	0	0	0	0	0	52	0	0	18	0	0	0	0	50	0	0	0	0	11	12	0	0	331	0	0	0	0	0	0	0	0	0	0	0	0	0	0	0	0	0	0	0	0	0	0	0	0	0	0	26
assemblage-131-377	0	0	0	0	0	0	0	0	0	0	0	59	0	0	0	0	0	0	0	0	0	43	0	0	0	0	0	0	0	0	0	0	0	0	0	0	0	0	0	60	4	0	0	0	0	279	0	0	0	0	0	0	0	0	0	0	0	0	0	0	0	0	0	0	0	0	23	15	0	0	0	0	17
assemblage-534-295	0	0	0	0	0	0	0	0	0	0	0	0	0	0	0	0	0	0	0	0	0	0	0	0	0	0	0	37	0	0	0	0	0	0	0	0	0	36	0	0	0	0	0	0	0	124	0	0	0	0	0	0	0	0	7	0	0	0	0	0	0	0	277	0	0	0	0	0	0	0	0	0	19
assemblage-283-238	0	0	0	0	0	0	0	0	0	0	0	0	0	0	10	0	0	0	0	0	4	0	0	0	0	104	0	0	96	0	0	0	0	0	0	0	0	0	0	53	0	0	0	0	0	217	0	0	0	0	0	0	0	0	0	0	0	0	0	0	0	0	0	0	0	0	0	0	0	0	0	0	16
assemblage-773-891	0	0	0	0	0	0	0	0	0	0	0	0	0	0	0	0	0	0	0	0	23	35	0	0	0	0	0	0	0	0	0	0	0	0	0	23	0	0	0	0	0	0	0	0	0	0	0	0	0	223	0	0	0	0	0	0	0	0	0	0	173	0	0	0	0	0	0	0	0	0	0	0	23
assemblage-532-693	0	0	14	0	0	0	0	0	0	0	0	162	0	0	139	0	0	0	0	0	0	0	6	0	0	0	0	0	0	0	0	0	0	0	0	0	0	0	0	147	0	0	0	0	0	0	0	0	0	0	0	0	0	0	0	0	0	0	0	0	0	0	0	0	11	0	0	0	0	0	0	0	21
assemblage-653-885	0	0	0	0	0	0	0	0	0	0	0	0	0	0	0	0	5	0	0	0	20	0	0	0	0	24	10	29	19	0	0	0	0	0	10	0	0	0	0	23	0	0	0	0	0	301	0	14	0	0	16	0	0	0	0	7	0	0	0	0	0	0	0	0	0	0	0	0	5	0	0	0	17
assemblage-375-942	0	0	0	0	0	0	0	0	0	7	0	0	0	0	0	0	0	0	0	0	0	0	0	0	0	0	0	0	13	0	0	0	0	0	0	0	0	0	0	0	0	0	0	0	0	477	0	0	0	0	0	0	0	0	0	0	0	0	0	0	0	0	0	0	0	0	0	0	0	0	0	0	3
