Assemblage_Name	0-7434284-0	910150-621501-5554928	4-5161430-3520219	2297649-8262367-8046007	9837893-2737541-7939023	4-3763820-2	9529248-0-1	4-3264953-2	1740308-4634664-2	4-2681914-2	4-4634664-2	5432766-7986108-3190342	3912024-8262367-3133387	3600855-2681914-2	4-2737541-2	4-2737541-9049184	2297649-2-3133387	4-2737541-2964894	910150-6488655-5554928	4-5835300-3520219	513932-8262367-3133387	8644480-2737541-8748488	2297649-2-8439174	910150-6488655-201437	84083-7986108-3190342	910150-6488655-3723358	2297649-2-0	6584336-0-2	4523862-5161430-2	4-2737541-9870018	6470529-7278670-8721763	9751130-2-8721763	910150-4634664-4792546	2782403-2092069-1	2-0-0	4-3918240-2	4-5161430-2	4-3183392-8748488	910150-6488655-1330272	3427536-2737541-2	7331450-5280592-3190342	5748657-2-8721763	548423-4815263-2	548423-5280592-2231872	6281092-2-8059186	910150-6488655-2953551	4-4-0	548423-4163884-3190342	2-3-0	548423-5280592-5281933	8636335-2737541-6790101	548423-5280592-9558736	4-2737541-7939023	4-7183168-2	2297649-2372808-3133387	910150-5633038-4792546	0-2-0	4-2737541-7976615	9837893-2737541-9180511	910150-4634664-7201585	548423-5280592-2	4-2-4	6281092-2-4378076	2972342-2737541-7939023	1530439-9516780-8748488	6470529-6800277-8721763	548423-6215100-2231872	2297649-8262367-3133387	6470529-2-8721763	4-2737541-6790101	2-2092069-1	9431519-0-2	548423-5280592-3190342	6281092-2-0	548423-7986108-3190342	910150-4634664-7643074	6470529-5112994-8721763	4-2-8721763	4-2737541-358511	3794789-6488655-5554928	1530439-2737541-8748488	4-6581571-8748488	541318-5200076-8721763	6281092-2-1475751	4-0-1793556	4-2737541-8748488	4-0-2	548423-269890-2	910150-6488655-8192711	4-5161430-6952396	4-3763820-8123088	4-1582705-8748488	6470529-5200076-8721763	548423-2737541-2	2-2337991-1	4-5161430-4703889	0-5898693-0	6674792-2-8721763	6674792-3980302-8721763	910150-4634664-201437	548423-269890-7689587
assemblage-709-796	0	0	0	0	0	0	0	0	0	0	0	0	0	0	0	0	4	0	0	0	0	0	38	0	0	0	396	0	0	0	0	0	0	0	0	0	0	0	0	0	0	0	0	0	0	0	0	0	0	0	0	0	0	0	0	0	0	0	0	0	0	0	0	0	0	0	0	0	0	0	0	0	0	30	0	0	0	0	0	0	0	0	0	0	0	0	4	0	0	0	0	0	0	0	0	0	0	8	0	0	20
assemblage-360-495	0	0	15	0	0	0	0	0	0	0	52	0	0	0	59	0	0	0	0	0	0	0	0	0	0	0	0	0	0	0	0	0	0	0	0	0	0	14	0	0	0	0	0	0	0	0	0	0	0	0	0	0	0	0	0	0	0	8	0	0	0	0	0	0	0	0	0	0	0	0	0	0	6	0	0	0	0	0	0	0	0	0	0	0	0	280	0	0	0	0	0	0	0	38	0	0	0	0	0	0	28
assemblage-567-918	0	0	0	0	0	0	0	0	0	0	0	0	0	0	0	0	0	0	76	0	0	0	0	0	0	0	0	0	0	0	0	0	0	0	0	0	0	0	0	0	0	0	0	17	0	0	0	0	0	0	0	0	0	0	0	0	0	0	0	0	0	0	0	0	0	0	0	0	0	278	0	0	0	0	0	0	0	0	0	0	0	0	0	0	0	88	0	0	0	0	0	0	0	0	0	0	0	0	0	8	33
assemblage-788-130	0	0	58	0	0	0	0	0	0	0	211	0	0	0	0	0	0	0	0	0	0	0	0	0	0	0	0	0	0	0	0	0	0	0	0	0	0	0	0	0	0	0	0	0	0	0	0	0	0	0	0	0	0	0	0	0	0	0	0	0	0	0	0	0	0	0	0	181	0	0	0	0	0	0	0	0	0	0	0	0	0	0	0	0	0	8	0	0	0	17	0	0	0	12	0	0	0	0	0	0	13
assemblage-570-928	0	0	0	0	0	0	0	0	0	0	0	0	0	0	0	0	0	0	158	0	0	0	0	0	0	87	0	0	0	0	0	0	0	0	0	0	0	0	0	0	0	0	0	116	0	4	0	0	0	0	0	0	23	0	0	0	0	0	0	0	0	0	0	0	0	0	0	0	0	13	0	0	7	0	0	0	0	0	0	0	0	0	0	0	0	42	0	0	0	0	0	15	0	0	0	0	0	0	0	0	35
assemblage-158-804	0	0	0	0	0	0	0	5	0	0	0	0	0	0	0	0	0	0	0	0	0	0	0	0	0	0	17	0	0	0	0	0	0	0	0	0	0	0	0	0	0	0	0	0	0	0	0	0	0	0	0	0	0	0	0	0	40	0	0	0	0	0	28	0	0	0	0	0	0	0	0	0	0	285	0	0	0	0	0	0	0	0	0	33	0	0	19	0	0	0	0	0	0	0	0	0	60	0	0	0	13
assemblage-611-196	0	0	0	0	0	0	0	0	0	7	0	0	0	0	23	0	0	0	0	0	0	0	9	0	0	0	105	0	0	0	0	0	0	0	0	0	89	0	0	0	0	10	0	0	0	0	0	0	0	0	0	0	0	0	0	0	0	0	0	0	0	0	0	0	0	5	0	0	0	0	0	0	0	22	0	0	0	0	0	0	0	0	10	0	0	0	94	0	0	0	0	0	12	0	0	0	0	88	0	0	26
assemblage-700-370	0	0	101	0	0	0	0	0	0	0	130	0	0	0	0	0	0	0	0	0	0	0	0	0	0	0	0	0	0	0	0	0	0	0	0	0	0	0	0	0	0	0	0	0	0	0	0	0	0	0	0	0	0	0	0	0	0	0	0	12	28	0	0	0	0	0	0	0	0	0	0	0	0	0	0	0	0	0	0	0	0	0	0	0	0	7	0	0	0	0	0	0	0	0	0	0	0	0	0	197	25
assemblage-918-571	0	0	0	0	0	0	0	0	0	0	0	0	0	0	0	0	0	0	0	0	0	0	0	0	0	0	0	0	0	0	9	0	0	0	0	0	0	0	0	0	0	30	0	0	0	0	0	0	60	0	0	0	0	0	0	0	0	0	0	0	0	65	0	0	0	5	0	0	49	0	0	0	0	0	0	0	0	117	0	0	0	0	0	0	0	0	0	0	0	0	0	0	99	0	36	0	0	0	0	0	30
assemblage-496-351	0	0	0	0	0	10	0	0	0	0	53	0	0	0	65	0	264	0	0	0	0	0	0	0	0	0	0	0	0	0	0	0	0	0	0	0	9	0	0	0	0	0	0	0	0	0	0	0	0	0	0	0	0	0	0	0	0	0	0	0	3	0	0	0	0	0	0	63	0	0	0	0	0	0	0	0	0	0	0	0	0	0	0	0	0	0	0	0	0	0	0	0	0	0	0	0	0	10	0	0	23
assemblage-905-591	0	0	0	0	0	0	0	0	0	0	0	0	0	0	0	0	0	0	0	0	0	0	0	0	0	0	0	0	0	0	14	0	0	0	3	0	0	0	0	0	0	38	0	0	0	0	0	0	45	0	0	0	0	0	0	0	0	0	0	0	0	94	0	0	0	14	0	0	28	0	0	0	0	0	0	0	0	119	0	0	0	0	0	0	0	0	0	0	0	0	0	0	99	0	26	0	0	0	0	0	20
assemblage-1007-690	0	0	34	0	0	0	0	0	0	0	0	0	0	0	0	0	0	0	0	0	10	5	0	0	0	0	0	0	0	5	0	0	0	0	0	0	0	0	0	0	28	0	0	0	0	0	0	20	0	4	0	30	44	0	0	0	0	0	0	0	0	0	0	0	0	0	0	0	0	0	0	0	184	0	0	0	0	0	12	0	0	0	0	0	0	94	0	0	0	0	0	0	0	0	0	0	0	0	0	14	16
assemblage-1011-672	0	0	0	0	0	0	0	0	0	0	0	0	19	0	0	0	0	0	22	0	87	0	0	63	0	0	0	0	0	0	0	0	25	0	0	0	0	0	19	0	0	0	0	0	0	0	0	0	0	0	0	0	0	0	0	4	0	0	0	0	0	0	0	0	0	0	0	15	0	0	0	0	61	0	0	9	0	0	0	0	0	10	0	0	0	28	0	0	0	0	0	0	0	0	0	0	0	0	0	113	25
assemblage-617-770	0	0	0	0	0	0	0	0	0	0	0	12	0	0	0	0	0	0	16	0	0	0	0	0	24	0	0	0	0	0	0	0	0	0	0	0	0	0	0	0	0	0	0	0	0	0	0	0	0	0	5	15	0	0	0	0	0	0	0	0	0	0	0	0	0	0	0	13	0	165	0	0	9	0	0	0	0	0	0	0	0	0	0	0	0	54	0	0	0	0	0	0	0	0	0	0	0	0	0	167	20
assemblage-484-504	0	0	0	0	0	0	44	0	0	0	0	0	0	0	0	0	0	0	0	0	0	0	0	0	0	0	0	0	0	0	0	0	0	6	0	0	0	0	0	0	0	0	0	0	0	0	27	0	9	0	0	0	0	0	0	0	0	0	0	0	0	0	0	0	0	0	0	0	57	0	120	0	0	0	0	0	0	0	0	0	0	0	0	0	0	0	0	0	0	0	0	0	24	0	23	0	0	119	33	0	38
assemblage-481-503	0	0	9	0	0	0	0	0	0	0	10	0	0	0	151	0	31	4	0	0	0	0	0	0	0	0	6	0	0	0	0	0	0	0	0	0	0	0	0	0	0	0	0	0	0	0	0	0	0	0	0	0	0	0	0	0	0	0	0	0	156	0	0	0	0	0	0	0	0	0	0	0	0	0	0	0	0	0	0	0	0	0	0	0	0	0	8	52	0	0	0	0	0	53	0	0	0	5	0	0	15
assemblage-494-346	0	0	189	0	0	0	0	0	0	0	25	0	0	10	81	0	31	0	0	64	0	0	0	0	0	0	0	0	0	0	0	0	0	0	0	0	49	0	0	0	0	0	0	0	0	0	0	0	0	0	0	0	0	0	0	0	0	0	0	0	0	0	0	0	0	0	0	0	0	0	0	0	0	0	0	0	0	0	0	0	0	0	0	0	0	0	0	0	0	0	0	0	0	0	0	0	0	39	0	0	12
assemblage-602-207	0	0	0	0	0	0	0	0	0	0	0	0	0	0	89	0	0	0	0	0	0	0	0	0	0	0	5	0	0	0	0	0	0	0	0	0	12	0	0	0	0	0	0	0	0	0	0	0	0	0	0	0	0	0	0	0	0	0	0	0	0	0	0	0	0	27	0	0	0	0	0	0	0	0	0	0	0	0	0	0	0	0	0	0	0	0	328	0	0	0	0	0	19	0	0	0	0	0	0	0	20
assemblage-346-506	0	0	16	0	0	0	0	0	0	0	61	0	0	0	67	0	0	0	0	0	0	0	0	0	0	0	0	0	0	0	0	0	0	0	0	0	0	7	0	0	0	0	0	0	0	0	0	0	0	0	0	0	0	0	0	0	0	9	0	0	0	0	0	0	0	0	0	0	0	0	0	0	9	0	0	0	0	0	0	0	0	0	0	0	0	268	0	0	0	0	0	0	0	41	0	0	0	0	0	0	22
assemblage-982-160	0	0	0	0	0	0	0	0	0	31	0	0	0	0	0	0	0	0	0	0	0	0	0	0	0	0	0	0	9	0	0	0	0	0	0	8	357	0	0	0	0	0	0	0	0	0	0	0	0	0	0	0	0	0	0	0	0	0	0	0	0	0	0	0	0	0	0	0	0	0	0	0	0	19	0	0	0	0	0	0	0	0	22	0	0	0	18	0	0	0	0	0	0	0	0	0	0	0	0	0	36
assemblage-486-523	0	0	12	0	0	0	0	0	0	0	11	0	0	0	142	0	32	6	0	0	0	0	0	0	0	0	14	0	0	0	0	0	0	0	0	0	0	0	0	0	0	0	0	0	0	0	0	0	0	0	0	0	0	0	0	0	0	0	0	0	153	0	0	0	0	0	0	0	0	0	0	0	0	0	0	0	0	0	0	0	0	0	0	0	0	0	5	62	0	0	0	0	0	36	0	0	0	9	0	0	18
assemblage-695-371	0	0	78	0	0	0	0	0	0	0	122	0	0	0	0	0	0	0	0	0	0	0	0	0	0	0	0	0	0	0	0	0	0	0	0	0	0	0	0	0	0	0	0	0	0	0	0	0	0	0	0	0	0	0	0	0	0	0	0	12	29	0	0	0	0	0	0	0	0	0	0	0	0	0	0	0	0	0	0	0	0	0	0	0	0	10	0	0	0	0	0	0	0	0	0	0	0	0	0	232	17
assemblage-276-404	0	0	0	0	0	0	0	0	0	0	0	0	0	0	0	0	0	0	0	0	0	0	0	0	0	0	20	0	0	0	0	0	0	0	0	0	0	0	0	0	0	8	0	0	16	0	0	0	0	0	0	0	0	0	0	0	0	0	0	0	0	0	0	0	0	0	0	0	0	0	0	0	0	48	0	0	0	0	0	0	0	0	0	0	0	0	0	0	0	0	0	0	33	0	0	0	0	368	0	0	7
assemblage-255-408	0	0	0	0	0	0	0	0	0	0	0	0	0	0	0	0	11	0	0	0	0	0	18	0	0	0	387	0	0	0	0	0	0	0	0	0	0	0	0	0	0	7	0	0	0	0	0	0	0	0	0	0	0	0	0	0	0	0	0	0	0	0	0	0	0	0	0	0	0	0	0	0	0	34	0	0	0	0	0	0	0	0	0	0	0	0	13	0	0	0	0	0	4	0	0	0	0	10	0	0	16
assemblage-262-403	0	0	0	0	0	0	0	0	0	0	0	0	0	0	75	0	0	0	0	0	0	0	0	0	0	0	7	0	0	0	0	0	0	0	0	0	8	0	0	0	0	4	0	0	0	0	0	0	0	0	0	0	0	0	0	0	0	0	0	0	0	0	0	0	0	24	0	0	0	0	0	5	0	0	0	0	0	0	0	0	0	0	0	0	0	0	344	0	0	0	0	0	17	0	0	0	0	0	0	0	16
assemblage-909-855	0	0	0	0	0	0	0	0	0	0	0	0	0	0	0	0	0	0	0	0	0	0	0	0	0	0	0	10	0	0	0	0	0	0	0	0	0	0	0	0	0	0	0	0	0	0	0	0	0	0	0	0	0	0	0	0	0	0	0	0	0	0	0	0	0	0	0	0	0	0	0	0	0	45	0	0	0	0	0	0	0	0	0	0	0	0	426	0	0	0	0	0	0	0	0	0	0	0	0	0	19
assemblage-566-940	0	0	0	0	6	0	0	0	0	0	0	0	0	0	0	0	0	0	72	0	0	0	0	0	0	110	0	0	0	0	0	0	0	0	0	0	0	0	0	0	0	0	0	0	0	0	0	0	0	0	0	0	0	0	0	0	0	0	0	0	0	0	0	17	0	0	0	0	0	57	0	0	0	0	0	0	0	0	0	0	0	0	0	0	0	193	0	0	0	0	0	0	0	0	0	0	0	0	0	22	23
assemblage-709-784	0	0	0	0	0	0	0	0	0	0	0	0	0	0	0	0	0	0	0	0	0	0	0	0	0	0	25	0	0	0	0	0	0	0	0	0	0	0	0	0	0	6	0	0	12	0	0	0	0	0	0	0	0	0	0	0	0	0	0	0	0	0	0	0	0	0	0	0	0	0	0	0	0	59	0	0	0	0	0	0	0	0	0	0	0	0	5	0	0	0	0	0	34	0	0	0	0	352	0	0	7
assemblage-715-796	0	0	0	0	0	0	0	0	0	31	0	0	0	0	0	0	0	0	0	0	0	0	0	0	0	0	0	0	13	0	0	0	0	0	0	9	333	0	0	0	0	6	0	0	0	0	0	0	0	0	0	0	0	15	0	0	0	0	0	0	0	0	0	0	0	0	0	0	0	0	0	0	0	23	0	0	0	0	0	0	0	0	27	0	0	0	15	0	0	0	0	0	0	0	0	0	0	0	0	0	28
assemblage-959-890	0	0	108	0	0	0	0	0	0	0	105	0	0	0	0	0	0	0	0	0	0	0	0	0	0	0	0	0	0	0	0	0	0	0	0	0	0	0	0	0	0	0	0	0	0	0	0	0	0	0	0	0	0	0	0	0	0	0	0	5	34	0	0	0	0	0	0	0	0	0	0	0	0	0	0	0	0	0	0	0	0	0	0	0	0	22	0	0	0	0	0	0	0	0	0	0	0	0	0	192	34
assemblage-975-843	0	0	0	0	0	15	0	0	0	0	45	0	0	0	75	0	243	0	0	0	0	0	0	0	0	0	0	0	0	0	0	0	0	0	0	0	7	0	0	0	0	0	0	0	0	0	0	0	0	0	0	0	0	0	0	0	0	0	0	0	0	0	0	0	0	0	0	71	0	0	0	0	0	0	0	0	0	0	0	0	0	0	0	0	0	0	0	0	0	0	0	0	0	0	0	0	0	14	0	0	30
assemblage-109-93	0	0	0	0	0	0	0	0	0	0	0	0	0	0	0	0	0	0	161	0	0	0	0	0	0	71	0	0	0	0	0	0	0	0	0	0	0	0	0	0	0	0	0	125	0	8	0	0	0	0	0	0	11	0	0	0	0	0	0	0	0	0	0	0	0	0	0	0	0	14	0	0	12	0	0	0	0	0	0	0	0	0	0	0	0	41	0	0	0	0	0	33	0	0	0	0	0	0	0	0	24
assemblage-843-271	0	0	0	0	0	0	0	0	0	0	0	0	0	0	0	0	0	0	61	0	0	0	0	0	0	0	0	0	0	0	0	0	0	0	0	0	0	0	0	0	0	0	0	24	0	0	0	0	0	0	0	0	0	0	0	0	0	0	0	0	0	0	0	0	0	0	0	0	0	278	0	0	0	0	0	0	0	0	0	0	0	0	0	0	0	99	0	0	0	0	0	0	0	0	0	0	0	0	0	0	38
assemblage-481-510	0	0	210	0	0	0	0	0	0	0	38	0	0	0	70	0	33	0	0	45	0	0	0	0	0	0	0	0	0	0	0	0	0	0	0	0	44	0	0	0	0	0	0	0	0	0	0	0	0	0	0	0	0	0	0	0	0	0	0	0	0	0	0	0	0	0	0	0	0	0	0	0	0	0	0	0	0	0	0	0	0	0	0	0	0	0	0	0	0	0	0	0	0	0	0	0	0	44	0	0	16
assemblage-788-124	0	0	31	3	0	0	0	0	0	0	130	0	0	0	0	0	0	0	0	0	0	0	0	0	0	0	0	0	0	0	0	0	0	0	0	0	0	0	0	0	0	0	0	0	0	0	0	0	0	0	0	0	0	0	0	0	0	0	0	0	35	0	0	0	0	0	0	10	0	0	0	0	210	0	0	0	0	0	0	0	0	0	0	0	0	0	0	0	0	29	0	0	0	0	0	14	0	0	0	17	21
assemblage-481-514	0	0	0	0	0	0	50	0	0	0	0	0	0	0	0	0	0	0	0	0	0	0	0	0	0	0	0	0	0	0	0	0	0	13	0	0	0	0	0	0	0	0	0	0	0	0	30	0	14	0	0	0	0	0	0	0	0	0	0	0	0	0	0	0	0	0	0	0	75	0	97	0	0	0	0	0	0	0	0	0	0	0	0	0	0	0	0	0	0	0	0	0	23	0	10	0	0	128	30	0	30
assemblage-481-517	0	0	0	0	0	0	0	0	0	0	0	0	19	0	0	0	0	0	31	0	99	0	0	47	0	0	0	0	0	0	0	0	25	0	0	0	0	0	31	0	0	0	0	0	0	0	0	0	0	0	0	0	0	0	0	8	0	0	0	0	0	0	0	0	0	0	0	12	0	6	0	0	47	0	0	4	0	0	0	0	0	4	0	0	0	28	0	0	5	0	0	0	0	0	0	0	0	0	0	106	28
assemblage-995-168	0	0	0	0	0	0	0	0	0	0	0	0	0	0	0	0	9	0	0	0	0	0	23	0	0	0	406	0	0	0	0	0	0	0	0	0	0	0	0	0	0	0	0	0	0	0	0	0	0	0	0	0	0	0	0	0	0	0	0	0	0	0	0	0	0	0	0	0	0	0	0	0	0	21	0	0	0	0	0	0	0	0	0	0	0	0	10	0	0	0	0	0	0	0	0	0	0	8	0	0	23
assemblage-105-114	0	0	0	0	0	0	0	0	0	0	0	0	0	0	0	0	0	0	137	0	0	0	0	0	0	76	0	0	0	0	0	0	0	0	0	0	0	0	0	0	0	0	0	122	0	4	0	0	0	0	0	0	27	0	0	0	0	0	0	0	0	0	0	0	0	0	0	0	0	20	0	0	10	0	0	0	0	0	0	0	0	0	0	0	0	50	0	0	0	0	0	29	0	0	0	0	0	0	0	0	25
assemblage-267-419	0	0	0	0	0	0	0	0	0	0	0	0	0	0	0	0	0	0	0	0	0	0	0	0	0	0	24	0	0	0	0	0	0	0	0	0	0	0	0	0	0	7	0	0	20	0	0	0	0	0	0	0	0	0	0	0	0	0	0	0	0	0	0	0	0	0	0	0	0	0	0	0	0	54	0	0	0	0	0	0	0	0	0	0	0	0	0	0	0	0	0	0	32	0	0	0	0	342	0	0	21
assemblage-589-914	0	0	0	0	0	0	0	0	0	0	0	0	0	0	0	0	0	0	53	0	0	0	0	0	0	0	0	0	0	0	0	0	0	0	0	0	0	0	0	0	0	0	0	25	0	0	0	0	0	0	0	0	0	0	0	0	0	0	0	0	0	0	0	0	0	0	0	0	0	289	0	0	0	0	0	0	0	0	0	0	0	0	0	0	0	77	0	0	0	0	0	0	0	0	0	0	0	0	0	11	45
assemblage-1000-672	0	0	23	0	0	0	0	0	0	0	0	0	0	0	0	0	0	0	0	0	5	7	0	0	0	0	0	0	0	0	0	0	0	0	0	0	0	0	0	0	40	0	0	0	0	0	0	19	0	9	0	27	46	0	0	0	0	0	0	7	0	0	0	0	0	0	0	0	0	8	0	0	207	0	0	0	0	0	3	0	0	0	0	0	0	70	0	0	0	0	0	0	0	0	0	0	0	0	0	13	16
assemblage-793-122	0	0	41	0	0	0	0	0	0	0	123	0	0	0	0	0	0	0	0	0	0	0	0	0	0	0	0	0	0	0	0	0	0	0	0	0	0	0	0	0	0	0	0	0	0	0	0	0	0	0	0	0	0	0	0	0	0	0	0	0	38	0	0	0	0	0	0	33	0	0	0	0	194	0	0	0	0	0	0	0	0	0	0	0	0	0	0	0	0	18	0	0	0	0	0	7	0	0	0	20	26
assemblage-895-603	0	0	0	0	0	0	0	0	0	0	0	0	0	0	0	0	0	0	0	0	0	0	0	0	0	0	0	0	0	0	15	0	0	0	0	0	0	0	0	0	0	42	0	0	0	0	0	0	66	0	0	0	0	0	0	0	0	0	0	0	0	65	0	0	0	7	0	0	38	0	0	0	0	0	0	0	0	121	0	0	0	0	0	0	0	0	0	0	0	0	0	0	96	0	35	0	0	0	0	0	15
assemblage-713-782	0	0	0	0	0	0	0	0	0	0	0	0	0	0	58	0	0	0	0	0	0	0	0	0	0	0	5	0	0	0	0	0	0	0	0	0	9	0	0	0	0	0	0	0	0	0	0	0	0	0	0	0	0	0	0	0	0	0	0	0	0	0	0	0	0	23	0	0	0	0	0	0	0	0	0	0	0	0	0	0	0	0	0	0	3	0	345	0	0	0	0	0	26	0	0	0	0	0	0	0	31
assemblage-173-741	0	0	20	0	0	0	0	0	0	0	0	0	0	0	0	0	0	0	0	0	0	0	0	0	0	0	0	0	0	0	0	0	0	0	0	0	0	0	0	0	37	0	0	0	0	0	0	15	0	3	0	32	53	0	0	0	0	0	0	0	0	0	0	0	0	0	0	0	0	0	0	0	188	0	0	0	0	0	6	0	0	0	0	0	0	93	0	0	0	0	0	0	0	0	0	0	0	0	0	14	39
assemblage-491-497	0	0	0	0	0	0	46	0	0	0	0	0	0	0	0	0	0	0	0	0	0	0	0	0	0	0	0	0	0	0	0	4	0	6	0	0	0	0	0	0	0	0	0	0	0	0	23	0	13	0	0	0	0	0	0	0	0	0	0	0	0	0	0	0	0	0	0	0	83	0	103	0	0	0	0	0	0	0	0	0	0	0	0	0	0	0	0	0	0	0	0	0	22	0	14	0	0	123	36	0	27
assemblage-269-411	0	0	0	0	0	0	0	0	0	0	0	0	0	0	76	0	0	0	0	0	0	0	0	0	0	0	5	0	0	0	0	0	0	0	0	0	9	0	0	0	0	3	0	0	0	0	0	0	0	0	0	0	0	0	0	0	0	0	0	0	0	0	0	0	0	21	0	0	0	0	0	0	0	0	0	0	0	0	0	0	0	0	0	0	0	0	352	0	0	0	0	0	12	0	0	0	0	0	0	0	22
assemblage-154-804	0	0	0	0	0	0	0	0	0	0	0	0	0	0	0	0	0	0	0	0	0	0	0	0	0	0	17	0	0	0	0	0	0	0	0	0	0	0	0	0	0	0	0	0	0	0	0	0	0	0	0	0	0	0	0	0	49	0	0	0	0	0	13	0	0	0	0	0	0	0	0	0	0	263	0	0	0	0	0	0	0	0	0	45	0	0	12	0	0	0	0	0	0	0	0	0	77	0	0	0	24
assemblage-477-540	0	0	0	0	0	0	0	0	0	0	0	0	15	0	0	0	0	0	20	0	69	0	0	75	0	0	0	0	0	0	0	0	27	0	0	0	0	0	26	0	0	0	0	0	0	0	0	0	0	0	0	0	0	0	0	8	0	0	0	0	0	0	0	0	0	0	0	6	0	0	0	0	50	0	0	9	0	0	0	0	0	7	0	0	0	31	0	0	0	0	0	0	0	0	0	0	0	0	0	135	22
assemblage-608-784	0	0	20	0	0	0	0	0	0	0	0	0	0	0	0	0	0	0	0	0	0	6	0	0	0	0	0	0	0	2	0	0	0	0	0	0	0	0	0	0	23	0	0	0	0	0	0	23	0	8	0	25	51	0	0	0	0	0	0	3	0	0	0	0	0	0	0	0	0	0	0	0	208	0	0	0	0	0	12	0	0	0	0	0	0	69	0	0	0	0	0	0	0	0	0	0	0	0	0	20	30
assemblage-481-520	0	0	3	0	0	0	0	0	0	0	21	0	0	0	122	0	25	7	0	0	0	0	0	0	0	0	9	0	0	0	0	0	0	0	0	0	0	0	0	0	0	0	0	0	0	0	0	0	0	0	0	0	0	0	0	0	0	0	0	0	153	0	0	0	0	0	0	0	0	0	0	0	0	0	0	0	0	0	0	0	0	0	0	0	0	0	12	72	0	0	0	0	0	56	0	0	0	4	0	0	16
assemblage-507-342	0	0	0	0	0	20	0	0	0	0	292	0	0	0	49	0	0	0	0	0	0	0	0	0	0	0	0	0	0	0	0	0	0	0	0	0	0	0	0	7	0	0	0	0	0	0	0	0	0	0	0	0	0	0	0	0	0	0	0	0	0	0	0	0	0	0	0	0	0	0	0	0	0	0	0	0	0	0	0	0	0	0	0	0	0	0	0	0	0	0	41	0	0	70	0	0	0	0	0	0	21
assemblage-782-144	0	0	12	0	0	0	0	0	0	0	63	0	0	0	44	0	0	0	0	0	0	0	0	0	0	0	0	0	0	0	0	0	0	0	0	0	0	8	0	0	0	0	9	0	0	0	0	0	0	0	0	0	0	0	0	0	0	10	0	0	0	0	0	0	0	0	0	0	0	0	0	0	5	0	0	0	0	0	0	0	0	0	0	0	0	286	0	0	0	0	0	0	0	49	0	0	0	0	0	0	14
assemblage-983-854	0	0	0	0	0	0	0	0	0	0	14	0	0	0	139	0	41	0	0	0	0	0	0	0	0	0	12	0	0	0	0	0	0	0	0	0	0	0	0	0	0	0	0	0	0	0	0	0	0	0	0	0	0	0	0	0	0	0	0	0	144	0	0	0	0	0	0	0	0	0	0	0	0	0	0	0	0	0	0	0	0	0	0	0	0	0	13	63	0	0	0	0	0	51	0	0	0	7	0	0	16
assemblage-913-562	0	0	0	0	0	0	0	0	0	0	0	0	0	0	0	0	0	0	0	0	0	0	0	0	0	0	0	0	0	0	17	0	0	0	0	0	0	0	0	0	0	57	0	0	0	0	0	0	73	0	0	0	0	0	0	0	0	0	0	0	0	81	0	0	0	0	0	0	25	0	0	0	0	0	0	0	0	98	0	0	0	0	0	0	0	0	0	0	0	0	0	0	99	0	28	0	0	0	0	0	22
assemblage-492-530	0	0	18	0	0	0	0	0	0	0	0	0	0	0	0	0	0	0	0	0	0	4	0	0	0	0	0	0	0	0	0	0	0	0	0	0	0	0	0	0	28	0	0	0	0	0	0	22	0	8	0	38	59	0	0	0	0	0	0	8	0	0	0	0	0	0	0	0	0	0	0	0	210	0	0	0	0	0	7	0	0	0	0	0	0	71	0	0	0	0	0	0	0	0	0	0	0	0	0	9	18
assemblage-979-166	0	0	0	0	0	0	0	0	0	21	6	0	0	0	0	0	0	0	0	0	0	0	0	0	0	0	0	0	8	0	0	0	0	0	0	8	342	0	0	0	0	5	0	0	0	0	0	0	0	0	0	0	0	8	0	0	0	0	0	0	0	0	0	0	0	0	0	0	0	0	0	0	0	20	0	0	0	0	0	0	0	0	38	0	0	0	19	0	0	0	0	0	0	0	0	0	0	0	0	0	25
assemblage-1015-682	0	0	0	0	0	0	0	0	0	0	0	7	17	0	0	0	0	0	22	0	79	0	0	77	0	0	0	0	0	0	0	0	46	0	0	0	0	0	25	0	0	0	0	0	0	0	0	0	0	0	0	0	0	0	0	9	0	0	0	0	0	0	0	0	0	0	0	15	0	0	0	0	31	0	0	1	0	0	0	0	0	8	0	0	0	30	0	0	10	0	0	0	0	0	0	0	0	0	0	105	18
assemblage-791-131	0	0	103	0	0	0	0	0	0	0	99	0	0	0	0	0	0	0	0	0	0	0	0	0	0	0	0	0	0	0	0	0	0	0	0	0	0	0	0	0	0	0	0	0	0	0	0	0	0	0	0	0	0	0	0	0	0	0	0	18	34	0	0	0	0	0	0	0	0	0	0	0	0	0	0	0	0	0	0	0	0	0	0	0	0	9	0	0	0	0	0	0	0	0	0	0	0	0	0	212	25
assemblage-968-161	0	0	0	0	0	0	0	0	0	20	0	0	0	0	0	0	0	0	0	0	0	0	0	0	0	0	0	0	14	0	0	0	0	0	0	14	354	0	0	0	0	4	0	0	0	0	0	0	0	0	0	0	0	2	0	0	0	0	0	0	0	0	0	0	0	0	0	0	0	0	0	0	0	18	0	0	0	0	0	0	0	0	31	0	0	0	13	0	0	0	0	0	0	0	0	0	0	0	0	0	30
assemblage-962-960	0	0	213	0	0	0	0	0	0	0	41	0	0	0	73	0	27	0	0	38	0	0	0	0	0	0	0	0	0	0	0	0	0	0	0	0	39	0	0	0	0	0	0	0	0	0	0	0	0	0	0	0	0	0	0	0	0	0	0	0	0	0	0	0	0	0	0	0	0	0	0	0	0	0	0	0	0	0	0	0	0	0	0	0	0	0	0	0	0	0	0	0	0	0	0	0	0	49	0	0	20
assemblage-475-348	0	0	0	0	0	17	0	0	0	0	319	0	0	0	39	0	0	0	0	0	0	0	0	0	0	0	0	0	0	0	0	0	0	0	0	0	0	0	0	13	0	0	0	0	0	0	0	0	0	0	0	0	0	0	0	0	0	0	0	0	0	0	0	0	0	0	0	0	0	0	0	0	0	0	0	0	0	0	0	0	0	0	0	0	0	0	0	0	0	0	30	0	0	52	0	0	0	0	0	0	30
assemblage-597-196	0	0	0	0	0	0	0	0	0	38	0	0	0	0	0	0	0	0	0	0	0	0	0	0	0	0	0	0	9	0	0	0	0	0	0	11	331	0	0	0	0	5	0	0	0	0	0	0	0	0	0	0	0	9	0	0	0	0	0	0	0	0	0	0	0	0	0	0	0	0	0	0	0	10	0	0	0	0	0	0	0	0	29	0	0	0	24	0	0	0	0	0	0	0	0	0	0	0	0	0	34
assemblage-789-134	0	0	58	0	0	0	0	0	0	0	215	0	0	0	0	0	0	0	0	0	0	0	0	0	0	0	0	0	0	0	0	0	0	0	0	0	0	0	0	0	0	0	0	0	0	0	0	0	0	0	0	0	0	0	0	0	0	0	0	0	0	0	0	0	0	0	0	191	0	0	0	0	0	0	0	0	0	0	0	0	0	0	0	0	0	3	0	0	0	14	0	0	0	5	0	0	0	0	0	0	14
assemblage-175-734	0	0	27	0	0	0	0	0	0	0	0	0	0	0	0	0	0	0	0	0	0	0	0	0	0	0	0	0	0	0	0	0	0	0	0	0	0	0	0	0	0	0	0	0	0	0	0	0	0	0	0	30	0	0	0	0	0	0	0	0	0	0	0	0	0	0	0	36	0	34	0	0	0	0	0	0	0	0	0	0	124	0	0	0	0	166	0	0	0	0	0	0	0	0	0	0	0	0	0	45	38
assemblage-971-894	0	0	35	0	0	0	0	0	0	0	236	0	0	0	0	0	0	0	0	0	0	0	0	0	0	0	0	0	0	0	0	0	0	0	0	0	0	0	0	0	0	0	0	0	0	0	0	0	0	0	0	0	0	0	0	0	0	0	0	0	0	0	0	0	0	0	0	183	0	0	0	0	0	0	0	0	0	0	0	0	0	0	0	0	0	11	0	0	0	9	0	0	0	20	0	0	0	0	0	0	6
assemblage-159-732	0	0	9	0	0	0	0	0	0	0	0	0	0	0	0	0	0	0	16	0	27	0	0	18	3	0	0	0	0	0	0	0	6	0	0	0	0	0	8	0	3	0	0	0	0	0	0	0	0	0	0	19	7	0	0	0	0	0	0	0	0	0	0	0	0	0	0	10	0	52	0	0	72	0	0	0	0	0	0	0	20	0	0	0	0	94	0	0	0	0	0	0	0	0	0	0	0	0	0	93	43
assemblage-853-282	0	0	0	0	196	0	0	0	0	0	0	0	0	0	0	0	0	0	53	0	0	0	0	0	0	0	0	0	0	0	0	0	0	0	0	0	0	0	14	0	0	0	0	0	0	0	0	0	0	0	0	0	26	0	0	0	0	0	13	0	0	0	0	0	0	0	0	0	0	101	0	0	6	0	0	0	0	0	0	0	0	0	0	0	0	21	0	0	0	0	0	0	0	0	0	0	0	0	0	42	28
assemblage-152-802	0	0	0	0	0	0	0	0	0	0	0	0	0	0	0	0	0	0	0	0	0	0	0	0	0	0	16	0	0	0	0	0	0	0	0	0	0	0	0	0	0	0	0	0	0	0	0	0	0	0	0	0	0	0	0	0	50	0	0	0	0	0	27	0	0	0	0	0	0	0	0	0	0	278	0	0	0	0	0	0	0	0	0	33	0	0	22	0	0	0	0	0	0	0	0	0	60	0	0	0	14
assemblage-178-748	0	0	25	0	0	0	0	0	0	0	0	0	0	0	0	0	0	0	0	0	0	0	0	0	0	0	0	0	0	0	0	0	0	0	0	0	0	0	0	0	0	0	0	0	0	0	0	0	0	0	0	14	0	0	0	0	0	0	0	0	0	0	0	0	0	0	0	28	0	43	0	0	3	0	0	0	0	0	0	0	120	0	0	0	0	203	0	0	0	0	0	0	0	0	0	0	0	0	0	37	27
assemblage-482-319	0	0	0	0	0	0	0	0	0	0	12	0	0	0	121	0	32	0	0	0	0	0	0	0	0	0	10	0	0	0	0	0	0	0	0	0	0	0	0	0	0	0	0	0	0	0	0	0	0	0	0	0	0	0	0	0	0	0	0	0	155	0	0	0	0	0	0	0	0	0	0	0	0	0	0	0	0	0	0	0	0	0	0	0	0	0	15	81	0	0	0	0	0	42	0	0	0	12	0	0	20
assemblage-261-408	0	0	0	0	0	0	0	0	0	22	0	0	0	0	0	0	0	0	0	0	0	0	0	0	0	0	0	0	10	0	0	0	0	0	0	12	363	0	0	0	0	4	0	0	0	0	0	0	0	0	0	0	0	11	0	0	0	0	0	0	0	0	0	0	0	0	0	0	0	0	0	0	0	13	0	0	0	0	0	0	0	0	27	0	0	0	19	0	0	0	0	0	0	0	0	0	0	0	0	0	19
assemblage-688-790	0	0	0	0	0	0	0	0	0	0	0	0	0	0	0	0	9	0	0	0	0	0	26	0	0	0	376	0	0	0	0	0	0	0	0	0	0	0	0	0	0	0	0	0	0	0	0	0	0	0	0	0	0	0	0	0	0	0	0	0	0	0	0	0	0	0	0	0	0	0	0	0	0	30	0	0	0	0	0	0	0	0	0	0	0	0	12	0	0	0	0	0	0	0	0	0	0	22	0	0	25
assemblage-934-958	0	0	200	0	0	0	0	0	0	0	22	0	0	0	70	0	37	0	0	58	0	0	0	0	0	0	0	0	0	0	0	0	0	0	0	0	53	0	0	0	0	0	0	0	0	0	0	0	0	0	0	0	0	0	0	0	0	0	0	0	0	0	0	0	0	0	0	0	0	0	0	0	0	0	0	0	0	0	0	0	0	0	0	0	0	0	0	0	0	0	0	0	0	0	0	0	0	43	0	0	17
assemblage-582-927	0	0	0	0	6	0	0	0	0	0	0	0	0	0	0	6	0	0	61	0	0	0	0	0	0	8	0	0	0	0	0	0	0	0	0	0	0	0	0	0	0	0	0	21	0	0	0	0	0	0	0	0	0	0	0	0	0	0	0	0	0	0	0	0	0	0	0	0	0	291	0	0	0	0	0	0	0	0	0	0	0	0	0	0	0	82	0	0	0	0	0	0	0	0	0	0	0	0	0	0	25
assemblage-95-114	0	0	0	0	233	0	0	0	0	0	0	0	0	0	0	0	0	0	45	0	0	0	0	0	0	0	0	0	0	0	0	0	0	0	0	0	0	0	15	0	0	0	0	0	0	0	0	0	0	0	0	0	33	0	0	0	0	0	14	0	0	0	0	0	0	0	0	0	0	73	0	0	0	0	0	0	0	0	0	0	0	0	0	0	0	12	0	0	0	0	0	0	0	0	0	0	0	0	0	51	24
assemblage-601-777	0	0	22	0	0	0	0	0	0	0	0	0	0	0	0	0	0	0	0	0	0	0	0	0	0	0	0	0	0	0	0	0	0	0	0	0	0	0	0	0	0	0	0	0	0	0	0	0	0	0	0	19	0	0	0	0	0	0	0	0	0	0	0	0	4	0	0	22	0	40	0	0	0	0	0	0	0	0	0	0	134	0	0	0	0	174	0	0	0	0	0	0	0	0	0	0	0	0	0	58	27
assemblage-961-912	0	0	26	0	0	0	0	0	0	0	142	0	0	0	0	0	0	0	0	0	0	0	0	0	0	0	0	0	0	0	0	0	0	0	0	0	0	0	0	0	0	0	0	0	0	0	0	0	0	0	0	0	0	0	0	0	0	0	0	0	29	0	0	0	0	0	0	27	0	0	0	0	196	0	0	0	0	0	0	0	0	0	0	0	0	7	0	0	0	16	0	0	0	0	0	4	0	0	0	21	32
assemblage-605-143	0	0	0	0	9	0	0	0	0	0	0	0	0	0	0	0	0	0	95	0	0	0	0	0	0	117	0	0	0	0	0	0	0	0	0	0	0	0	0	0	0	0	0	0	0	0	0	0	0	0	0	0	0	0	0	0	0	0	0	0	0	0	0	23	0	0	0	0	0	64	0	0	3	0	0	0	0	0	0	0	0	0	0	0	0	142	0	0	0	0	0	0	0	0	0	0	0	0	0	21	26
assemblage-909-570	0	0	0	0	0	0	0	0	0	0	0	0	0	0	0	0	0	0	0	0	0	0	0	0	0	0	0	0	0	0	13	0	0	0	0	0	0	0	0	0	0	40	0	0	0	0	0	0	48	0	0	0	0	0	0	0	0	0	0	0	0	72	0	0	0	5	0	0	33	0	0	0	0	0	0	0	2	134	0	0	0	0	0	0	0	0	0	0	0	0	0	0	106	0	35	0	0	0	0	0	12
assemblage-897-580	0	0	0	0	0	0	0	0	0	0	0	0	0	0	0	0	0	0	0	0	0	0	0	0	0	0	0	0	0	0	12	0	0	0	7	0	0	0	0	0	0	36	0	0	0	0	0	0	51	0	0	0	0	0	0	0	0	0	0	0	0	85	0	0	0	9	0	0	31	0	0	0	0	0	0	0	0	118	0	0	0	0	0	0	0	0	0	0	0	0	0	0	97	0	30	0	0	0	0	0	24
assemblage-981-906	0	0	20	0	0	0	0	0	0	0	67	0	0	0	46	0	0	0	0	0	0	0	0	0	0	0	0	0	0	0	0	0	0	0	0	0	0	12	0	0	0	0	8	0	0	0	0	0	0	0	0	0	0	0	0	0	0	16	0	0	0	0	0	0	0	0	0	0	0	0	0	0	9	0	0	0	0	0	0	0	0	0	0	0	0	260	0	0	0	0	0	0	0	40	0	0	0	0	0	0	22
assemblage-912-570	0	0	0	0	0	0	0	0	0	0	0	0	0	0	0	0	0	0	0	0	0	0	0	0	0	0	0	0	0	0	21	0	0	0	0	0	0	0	0	0	0	34	0	0	0	0	0	0	55	0	0	0	0	0	0	0	0	0	0	0	0	65	0	0	0	8	0	0	32	0	0	0	0	0	0	0	0	124	0	0	0	0	0	0	0	0	0	0	0	0	0	0	110	0	34	0	0	0	0	0	17
assemblage-710-795	0	0	0	0	0	0	0	0	0	0	0	0	0	0	0	0	0	0	0	0	0	0	0	0	0	0	24	0	0	0	0	0	0	0	0	0	0	0	0	0	0	2	0	0	16	0	0	0	0	0	0	0	0	0	0	0	0	0	0	0	0	0	0	0	0	0	0	0	0	0	0	0	0	60	0	0	0	0	0	0	0	0	0	0	0	0	0	0	0	0	0	0	45	0	0	0	0	341	0	0	12
assemblage-168-801	5	0	0	0	0	0	0	6	0	0	0	0	0	0	0	0	0	0	0	0	0	0	0	0	0	0	18	0	0	0	0	0	0	0	0	0	0	0	0	0	0	0	0	0	0	0	0	0	0	0	0	0	0	0	0	0	47	0	0	0	0	0	29	0	0	0	0	0	0	0	0	0	0	252	0	0	0	0	0	0	0	0	0	25	0	0	27	0	0	0	0	0	0	0	0	0	81	0	0	0	10
assemblage-480-509	0	0	0	0	0	21	0	0	4	0	297	0	0	0	46	0	7	0	0	0	0	0	0	0	0	0	0	0	0	0	0	0	0	0	0	0	0	0	0	8	0	0	0	0	0	0	0	0	0	0	0	0	0	0	0	0	0	0	0	0	0	0	0	0	0	0	0	0	0	0	0	0	0	0	0	0	0	0	0	0	0	0	0	0	0	0	0	0	0	0	33	0	0	55	0	0	0	0	0	0	29
assemblage-457-525	0	0	0	0	0	0	0	0	0	0	0	0	16	0	0	0	0	0	17	0	82	0	0	63	0	0	0	0	0	0	0	0	34	0	0	0	0	0	29	0	0	0	0	0	0	0	0	0	0	0	0	0	0	0	0	16	0	0	0	0	0	0	0	0	0	0	0	18	0	0	0	0	56	0	0	5	0	0	0	0	0	1	0	0	0	36	0	0	0	0	0	0	0	0	0	0	0	0	0	97	30
assemblage-988-869	0	0	0	0	0	26	0	0	0	0	294	0	0	0	60	0	0	0	0	0	0	0	0	0	0	0	0	0	0	0	0	0	0	0	0	0	0	0	0	6	0	0	0	0	0	0	0	0	0	0	0	0	0	0	0	0	0	0	0	0	0	0	0	0	0	0	0	0	0	0	0	0	0	0	0	0	0	0	0	0	0	0	0	0	0	0	0	0	0	0	42	0	0	41	0	0	0	0	0	0	31
assemblage-996-670	0	0	0	0	0	0	0	0	0	0	0	15	0	0	0	0	0	0	16	0	0	0	0	0	20	0	0	0	0	0	0	0	0	0	0	0	0	0	0	0	0	0	0	0	0	0	0	0	0	0	13	7	0	0	0	0	0	0	0	0	0	0	0	0	0	0	0	7	0	153	0	0	14	0	0	0	0	0	0	0	0	0	0	0	0	73	0	0	0	0	0	0	0	0	0	0	0	0	0	169	13
assemblage-705-361	0	0	68	0	0	0	0	0	0	0	118	0	0	0	0	0	0	0	0	0	0	0	0	0	0	0	0	0	0	0	0	0	0	0	0	0	0	0	0	0	0	0	0	0	0	0	0	0	0	0	0	0	0	0	0	0	0	0	0	7	43	0	0	0	0	0	0	0	0	0	0	0	0	0	0	0	0	0	0	0	0	0	0	0	0	13	0	0	0	0	0	0	0	0	0	0	0	0	0	211	40
assemblage-580-132	0	0	0	0	0	0	0	0	0	0	0	0	0	0	0	0	0	0	159	0	0	0	0	0	0	86	0	0	0	0	0	0	0	0	0	0	0	0	0	0	0	0	0	92	0	6	0	0	0	0	0	0	28	0	0	0	0	0	0	0	0	0	0	0	0	0	0	0	0	19	0	0	4	0	0	0	0	0	0	0	0	0	0	0	0	54	0	0	0	0	0	19	0	0	0	0	0	0	0	0	33
assemblage-483-530	0	0	0	0	0	0	0	0	0	0	0	14	0	0	0	0	0	0	7	0	0	0	0	0	28	0	0	0	0	0	0	0	0	0	0	0	0	0	0	0	0	0	0	0	0	0	0	0	0	0	12	10	0	0	0	0	0	0	0	0	0	0	0	0	0	0	0	9	0	149	0	0	11	0	1	0	0	0	0	0	0	0	0	0	0	87	0	0	0	0	0	0	0	0	0	0	0	0	0	153	19
assemblage-891-577	0	0	0	0	0	0	0	0	0	0	0	0	0	0	0	0	0	0	0	0	0	0	0	0	0	0	0	0	0	0	11	0	0	0	0	0	0	0	0	0	0	37	0	0	0	0	0	0	55	0	0	0	0	0	0	0	0	0	0	0	0	87	0	0	0	6	0	0	34	0	0	0	0	0	0	0	0	109	0	0	0	0	0	0	0	0	0	0	0	0	0	0	109	0	27	0	0	0	0	0	25
assemblage-906-852	0	0	0	0	0	0	5	0	0	0	0	0	0	0	0	0	0	0	0	0	0	0	0	0	0	0	0	0	0	0	0	0	0	0	0	0	0	0	0	0	0	8	0	0	0	0	10	0	25	0	0	0	0	0	0	0	9	0	0	0	0	15	5	0	0	0	0	0	37	0	30	0	0	68	0	0	0	37	0	0	0	0	0	11	0	0	114	0	0	0	0	0	33	0	10	0	23	24	4	0	32
assemblage-953-953	0	0	8	0	0	11	0	0	0	0	35	0	0	0	59	0	266	0	0	0	0	0	0	0	0	0	0	0	0	0	0	0	0	0	0	0	17	0	0	0	0	0	0	0	0	0	0	0	0	0	0	0	0	0	6	0	0	0	0	0	9	0	0	0	0	0	0	46	0	0	0	0	0	0	0	0	0	0	0	0	0	0	0	0	0	0	0	0	0	0	0	0	0	0	0	0	0	14	0	0	29
assemblage-476-510	0	0	0	0	0	0	53	0	0	0	0	0	0	0	0	0	0	0	0	0	0	0	0	0	0	0	0	0	0	0	0	0	0	7	0	0	0	0	0	0	0	0	0	0	0	0	22	0	13	0	0	0	0	0	0	0	0	0	0	0	0	0	0	0	0	0	0	0	85	0	84	0	0	0	0	0	0	0	0	0	0	0	0	0	0	0	0	0	0	0	0	0	24	0	10	0	0	120	48	0	34
assemblage-898-874	0	0	0	0	0	0	0	0	0	0	0	0	0	0	0	0	0	0	0	0	0	0	0	0	0	0	0	9	0	0	0	0	0	0	0	0	14	0	0	0	0	0	0	0	0	0	0	0	0	0	0	0	0	0	0	0	0	0	0	0	0	0	0	0	0	0	0	0	0	0	0	0	0	28	0	0	0	0	0	0	0	0	0	0	0	0	426	0	0	0	0	0	0	0	0	0	0	0	0	0	23
assemblage-688-386	0	0	112	0	0	0	0	0	0	0	110	0	0	0	0	0	0	0	0	0	0	0	0	0	0	0	0	0	0	0	0	0	0	0	0	0	0	0	0	0	0	0	0	0	0	0	0	0	0	0	0	0	0	0	0	0	0	0	0	8	36	0	0	0	0	0	0	0	0	0	0	0	0	0	0	0	0	0	0	0	0	0	0	0	0	5	0	0	0	0	0	0	0	0	0	0	0	0	0	202	27
assemblage-685-353	0	0	30	6	0	0	0	0	0	0	104	0	0	0	0	0	0	0	0	0	0	0	0	0	0	0	0	0	0	0	0	0	0	0	0	0	0	0	0	0	0	0	0	0	0	0	0	0	0	0	0	0	0	0	0	0	0	0	0	0	51	0	0	0	0	0	0	28	0	0	0	0	217	0	0	0	0	0	0	0	0	0	0	0	0	4	0	0	0	16	0	0	0	0	0	8	0	0	0	23	13
assemblage-362-519	0	0	53	0	0	0	0	0	0	0	225	0	0	0	0	0	0	0	0	0	0	0	0	0	0	0	0	0	0	0	0	0	0	0	0	0	0	0	0	0	0	0	0	0	0	0	0	0	0	0	0	0	0	0	0	0	0	0	0	0	0	0	0	0	0	0	0	186	0	0	0	0	0	0	0	0	0	0	0	0	0	0	0	0	0	12	0	0	0	8	0	0	0	6	0	0	0	0	0	0	10
assemblage-465-493	0	0	0	0	0	15	0	0	0	0	292	0	0	0	49	0	0	0	0	0	0	0	0	0	0	0	0	0	0	0	0	0	0	0	0	0	0	0	0	11	0	0	0	0	0	0	0	0	0	0	0	0	0	0	0	0	0	0	0	0	0	0	0	0	0	0	0	0	0	0	0	0	0	0	0	0	0	0	0	0	0	0	0	0	0	0	0	0	0	0	37	0	0	61	0	0	0	6	0	0	29
assemblage-360-511	0	0	10	0	0	0	0	0	0	0	56	0	0	0	66	0	0	0	0	0	0	0	0	0	0	0	0	0	0	0	0	0	0	0	0	0	0	7	0	0	0	0	0	0	0	0	0	0	0	0	0	0	0	0	0	0	0	9	0	0	0	0	0	0	0	0	0	0	0	0	0	0	11	0	0	0	0	0	0	0	0	0	0	0	0	280	0	0	0	0	0	0	0	39	0	0	0	0	0	0	22
assemblage-870-284	0	0	0	0	14	0	0	0	0	0	0	0	0	0	0	0	0	0	81	0	0	0	0	0	0	132	0	0	0	0	0	0	0	0	0	0	0	0	0	0	0	0	0	0	0	0	0	0	0	0	0	0	0	0	0	0	0	0	0	0	0	0	0	21	0	0	0	0	0	55	0	0	0	0	0	0	0	0	0	0	0	0	0	0	0	150	0	0	0	0	0	0	0	0	0	0	0	0	0	15	32
assemblage-613-196	0	0	0	0	0	0	0	0	0	0	0	0	0	0	92	0	0	0	0	0	0	0	0	0	0	0	5	0	0	0	0	0	0	0	0	0	8	0	0	0	0	0	0	0	0	0	0	0	0	0	0	0	0	0	0	0	0	0	0	0	0	0	0	0	0	21	0	0	0	0	0	0	0	0	0	0	0	0	0	0	0	0	0	0	0	0	326	0	0	0	0	0	21	0	0	0	0	0	0	0	27
assemblage-957-951	0	0	0	0	0	10	0	0	0	0	51	0	0	0	70	0	256	0	0	0	0	0	0	0	0	0	0	0	0	0	0	0	0	0	0	0	9	0	0	0	0	0	0	0	0	0	0	0	0	0	0	0	0	0	0	0	0	0	0	0	0	0	0	0	0	0	0	60	0	0	0	0	0	0	0	0	0	0	0	0	0	0	0	0	0	0	0	0	0	0	0	0	0	0	0	0	0	18	0	0	26
assemblage-968-867	0	0	0	0	0	20	0	0	0	0	317	0	0	0	44	0	0	0	0	0	0	0	0	0	0	0	0	0	0	0	0	0	0	0	0	0	0	0	0	7	0	0	0	0	0	0	0	0	0	0	0	0	0	0	0	0	0	0	0	0	0	0	0	0	0	0	0	0	0	0	0	0	0	0	0	0	0	0	0	0	0	0	0	0	0	0	0	0	0	0	30	0	0	55	0	0	0	0	0	0	27
assemblage-601-205	0	0	0	0	0	0	0	0	0	0	0	0	0	0	0	0	9	0	0	0	0	0	26	0	0	0	403	0	0	0	0	0	0	0	0	0	7	0	0	0	0	0	0	0	0	0	0	0	0	0	0	0	0	0	0	0	0	0	0	0	0	0	0	0	0	0	0	0	0	0	0	0	0	24	0	0	0	0	0	0	0	0	0	0	0	0	9	0	0	0	0	0	0	0	0	0	0	5	0	0	17
assemblage-955-932	0	0	0	0	0	0	0	0	0	0	9	0	0	0	147	0	29	5	0	0	0	0	0	0	0	0	7	0	0	0	0	0	0	0	0	0	0	0	0	0	0	0	0	0	0	0	0	0	0	0	0	0	0	0	0	0	0	0	0	0	152	0	0	0	0	0	0	0	0	0	0	0	0	0	0	0	0	0	0	0	0	0	0	0	0	0	8	64	0	0	0	0	0	54	0	0	0	4	0	0	21
assemblage-971-160	0	0	0	0	0	0	0	0	0	0	0	0	0	0	0	0	10	0	0	0	0	0	28	0	0	0	391	0	0	0	0	0	0	0	0	0	0	0	0	0	0	8	0	0	0	0	0	0	0	0	0	0	0	0	0	0	0	0	0	0	0	0	0	0	0	0	0	0	0	0	0	0	0	31	0	0	0	0	0	0	0	0	0	0	0	0	8	0	0	0	0	0	0	0	0	0	0	8	0	0	16
assemblage-604-776	0	0	17	0	0	0	0	0	0	0	0	0	0	0	0	0	0	0	0	0	0	0	0	0	0	0	0	0	0	0	0	0	0	0	0	0	0	0	0	0	0	0	0	0	0	0	0	0	0	0	0	13	0	0	0	0	0	0	0	0	0	0	0	0	0	0	0	30	0	51	0	0	7	0	0	0	0	0	0	0	115	0	0	0	0	171	0	0	0	0	0	0	0	0	0	0	0	0	0	65	31
assemblage-99-118	0	6	0	0	12	0	0	0	0	0	0	0	0	0	0	0	0	0	73	0	0	0	0	0	0	117	0	0	0	0	0	0	0	0	0	0	0	0	0	0	0	0	0	0	0	0	0	0	0	0	0	0	0	0	0	0	0	0	0	0	0	0	0	16	0	0	0	0	0	71	0	0	0	0	0	0	0	0	0	0	0	0	0	0	0	154	0	0	0	0	0	0	0	0	0	0	0	0	0	22	29
assemblage-472-509	0	0	0	0	0	13	0	0	0	0	66	0	0	0	74	0	225	0	0	0	0	0	0	0	0	0	0	0	0	0	0	0	0	0	0	0	6	0	0	0	0	0	0	0	0	0	0	0	0	0	0	0	0	0	0	0	0	0	0	0	0	0	0	0	0	0	0	57	0	0	0	0	0	0	0	0	0	0	0	0	0	0	0	0	0	0	0	0	0	0	0	0	0	0	0	0	0	15	0	0	44
assemblage-363-501	0	0	24	0	0	0	0	0	0	0	123	0	0	0	0	0	0	0	0	0	0	0	0	0	0	0	0	0	0	0	0	0	0	0	0	0	0	0	0	0	0	0	0	0	0	0	0	0	0	0	0	0	0	0	0	0	0	0	0	0	32	0	0	0	0	0	0	35	0	0	0	0	211	0	0	0	0	0	0	0	0	0	0	0	0	6	0	0	0	18	0	0	0	0	0	5	0	0	0	16	30
assemblage-983-157	0	0	0	0	0	0	0	0	0	0	0	0	0	0	81	0	0	0	0	0	0	0	0	0	0	0	9	0	0	0	0	0	0	0	0	0	8	0	0	0	0	0	0	0	0	0	0	0	0	0	0	0	0	0	0	0	0	0	0	0	0	0	0	0	0	19	0	0	0	0	0	0	0	0	0	0	0	0	0	0	0	0	0	0	0	0	322	0	0	0	0	0	22	0	0	0	0	0	0	0	39
assemblage-246-404	0	0	0	0	0	0	0	0	0	0	0	0	0	0	71	0	0	0	0	0	0	0	0	0	0	0	6	0	0	0	0	0	0	0	0	0	12	0	0	0	0	10	0	0	0	0	0	0	0	0	0	0	0	0	0	0	0	0	0	0	0	0	0	0	0	26	0	0	0	0	0	0	0	0	0	0	0	0	0	0	0	0	0	0	0	0	326	0	0	0	0	0	20	0	0	0	0	0	0	0	29
assemblage-457-531	0	0	36	0	0	0	0	0	0	0	0	0	0	0	0	0	0	0	0	0	0	0	0	0	0	0	0	0	0	0	0	0	0	0	0	0	0	0	0	0	0	0	0	0	0	0	0	0	0	0	0	13	0	0	0	0	0	0	0	0	0	0	0	0	0	0	0	38	0	53	0	0	4	0	0	0	0	0	0	0	141	0	0	0	0	156	0	0	0	0	0	0	0	0	0	0	0	0	0	40	19
assemblage-1014-702	0	0	26	0	0	0	0	0	0	0	0	0	0	0	0	0	0	0	0	0	5	4	0	0	0	0	0	0	0	7	0	0	0	0	0	0	0	0	0	0	28	0	0	0	0	0	0	16	0	9	0	23	46	0	0	0	0	0	0	6	0	0	0	0	0	0	0	0	0	0	0	0	211	0	0	0	0	0	9	0	0	0	0	0	0	76	0	0	0	0	0	0	0	0	0	0	0	0	0	16	18
assemblage-120-123	0	0	0	0	0	0	0	0	0	0	0	0	0	0	0	0	0	0	72	0	0	0	0	0	0	0	0	0	0	0	0	0	0	0	0	0	0	0	0	0	0	0	0	19	0	0	0	0	0	0	0	0	0	0	0	0	0	0	0	0	0	0	0	0	0	0	0	0	0	277	0	0	0	0	0	0	0	0	0	0	0	0	0	0	0	97	0	0	0	0	0	0	0	0	0	0	0	0	0	5	30
assemblage-481-361	0	0	0	0	0	25	0	0	0	0	319	0	0	0	58	0	0	0	0	0	0	0	0	0	0	0	0	0	0	0	0	0	0	0	0	0	0	0	0	2	0	0	0	0	0	0	0	0	0	0	0	0	0	0	0	0	0	0	0	0	0	0	0	0	0	0	0	0	0	0	0	0	0	0	0	0	0	0	0	0	0	0	0	0	0	0	0	0	0	0	25	0	0	45	0	0	0	0	0	0	26
assemblage-364-510	0	0	48	0	0	0	0	0	0	0	218	0	0	0	0	0	0	0	0	0	0	0	0	0	0	0	0	0	0	0	0	0	0	0	0	0	0	0	0	0	0	0	0	0	0	0	0	0	0	0	0	0	0	0	0	0	0	0	0	0	0	0	0	0	0	0	0	174	0	0	0	0	0	0	0	0	0	0	0	0	0	0	0	0	0	7	0	0	0	17	0	0	0	13	0	0	0	0	0	0	23
assemblage-640-200	0	0	0	0	0	0	0	0	0	19	0	0	0	0	0	0	0	0	0	0	0	0	0	0	0	0	0	0	14	0	0	0	0	0	0	6	346	0	0	0	0	0	0	0	0	0	0	0	0	0	0	0	0	8	0	0	0	0	0	0	0	0	0	0	0	0	0	0	0	0	0	0	0	24	0	0	0	0	0	0	0	0	37	0	0	0	17	0	0	0	0	0	0	0	0	0	0	0	0	0	29
assemblage-984-844	0	0	215	0	0	0	0	0	0	0	40	0	0	2	76	0	33	0	0	51	0	0	0	0	0	0	0	0	0	0	0	0	0	0	0	0	34	0	0	0	0	0	0	0	0	0	0	0	0	0	0	0	0	0	0	0	0	0	0	0	0	0	0	0	0	0	0	0	0	0	0	0	0	0	0	0	0	0	0	0	0	0	0	0	0	0	5	0	0	0	0	0	0	0	0	0	0	23	0	0	21
assemblage-685-361	0	0	44	0	0	0	0	0	0	0	237	0	0	0	0	0	0	0	0	0	0	0	0	0	0	0	0	0	0	0	0	0	0	0	0	0	0	0	0	0	0	0	0	0	0	0	0	0	0	0	0	0	0	0	0	0	0	0	0	0	0	0	0	0	0	0	0	178	0	0	0	0	0	0	0	0	0	0	0	0	0	0	0	0	0	8	0	0	0	8	0	0	0	12	0	0	0	0	0	0	13
assemblage-953-967	0	0	4	0	0	0	0	0	0	0	13	0	0	0	148	0	31	0	0	0	0	0	0	0	0	0	8	0	0	0	0	0	0	0	0	0	0	0	0	0	0	0	0	0	0	0	0	0	0	0	0	0	0	0	0	0	0	0	0	0	131	0	0	0	0	0	0	0	0	0	0	0	0	0	0	0	0	0	0	0	0	0	0	0	0	0	17	65	0	0	0	0	0	50	0	0	0	14	0	0	19
assemblage-784-114	0	0	19	0	0	0	0	0	0	0	50	0	0	0	50	0	0	0	0	0	0	0	0	0	0	0	0	0	0	0	0	0	0	0	0	0	0	7	0	0	0	0	0	0	0	0	0	0	0	0	0	0	0	0	0	0	0	12	0	0	0	0	0	0	0	0	0	0	0	0	0	0	9	0	0	0	0	0	0	0	0	0	0	0	0	270	0	0	0	0	0	0	0	54	0	0	0	0	0	0	29
assemblage-592-142	0	0	0	0	0	0	0	0	0	0	0	0	0	0	0	0	0	0	139	0	0	0	0	0	0	82	0	0	0	0	0	0	0	0	0	0	0	0	0	0	0	0	0	126	0	4	0	0	0	0	0	0	21	0	0	0	0	0	0	0	0	0	0	0	0	0	0	0	0	15	0	0	8	0	0	0	0	0	0	0	0	0	0	0	0	52	0	0	0	0	0	23	0	0	0	0	0	0	0	0	30
assemblage-898-869	0	0	0	0	0	0	0	0	0	0	0	0	0	0	0	0	0	0	0	0	0	0	0	0	0	0	0	2	0	0	0	0	0	0	0	0	9	0	0	0	0	0	0	0	0	0	0	0	0	0	0	0	0	0	0	0	0	0	0	0	0	0	0	0	0	0	0	0	0	0	0	0	0	47	0	0	0	0	0	0	0	0	0	0	0	0	431	0	0	0	0	0	0	0	0	0	0	0	0	0	11
assemblage-853-261	0	0	0	0	5	0	0	0	0	0	0	0	0	0	0	0	0	0	72	0	0	0	0	0	0	0	0	0	0	0	0	0	0	0	0	0	0	0	0	0	0	0	0	33	0	0	0	0	0	0	0	0	0	0	0	0	0	0	0	0	0	0	0	0	0	0	0	0	0	262	0	0	0	0	0	0	0	0	0	0	0	0	0	0	0	104	0	0	0	0	0	0	0	0	0	0	0	0	0	0	24
assemblage-973-890	0	0	32	0	0	0	0	0	0	0	143	0	0	0	0	0	0	0	0	0	0	0	0	0	0	0	0	0	0	0	0	0	0	0	0	0	0	0	0	0	0	0	0	0	0	0	0	0	0	0	0	0	0	0	0	0	0	0	0	0	37	0	0	0	0	0	0	28	0	0	0	0	184	0	0	0	0	0	0	0	0	0	0	0	0	6	0	0	0	16	0	0	0	0	0	7	0	0	0	24	23
assemblage-164-788	0	0	0	0	0	0	0	8	0	0	0	0	0	0	0	0	0	0	0	0	0	0	0	0	0	0	19	0	0	0	0	0	0	0	0	0	0	0	0	0	0	0	0	0	0	0	0	0	0	0	0	0	0	0	0	0	37	0	0	0	0	0	29	0	0	0	0	0	0	0	0	0	0	273	0	0	0	0	0	0	0	0	0	38	0	0	14	0	0	0	0	0	0	0	0	0	72	0	0	0	10
assemblage-984-897	0	0	16	0	0	0	0	0	0	0	55	0	0	0	53	0	0	0	0	0	0	0	0	0	0	0	0	0	0	0	0	0	0	0	0	0	0	15	0	0	0	0	0	0	0	0	0	0	0	0	0	0	0	0	0	0	0	16	0	0	0	0	0	0	0	0	0	0	0	0	0	0	7	0	0	0	0	0	0	0	0	0	0	0	0	260	0	0	0	0	0	0	0	52	0	0	0	0	0	0	26
assemblage-595-143	0	0	0	0	0	0	0	0	0	0	0	0	0	0	0	0	0	0	153	0	0	0	0	0	0	106	0	0	0	0	0	0	0	0	0	0	0	0	0	0	0	0	0	97	0	6	0	0	0	0	0	0	25	0	0	0	0	0	0	0	0	0	0	0	0	0	0	0	0	12	0	0	10	0	0	0	0	0	0	0	0	0	0	0	0	41	0	0	0	0	0	22	0	0	0	0	0	0	0	0	28
assemblage-948-937	0	0	196	0	0	0	0	0	0	0	51	0	0	0	92	0	23	0	0	52	0	0	0	0	0	0	0	0	0	0	0	0	0	0	0	0	36	0	0	0	0	0	0	0	0	0	0	0	0	0	0	0	0	0	0	0	0	0	0	0	0	0	0	0	0	0	0	0	0	0	0	0	0	0	0	0	0	0	0	0	0	0	0	0	0	0	0	0	0	0	0	0	0	0	0	0	0	30	0	0	20
assemblage-477-531	0	0	0	0	0	0	0	0	0	0	0	11	0	0	0	0	0	0	20	0	0	0	0	0	17	0	0	0	0	0	0	0	0	0	0	0	0	0	0	0	0	0	0	0	0	0	0	0	0	0	4	10	0	0	0	0	0	0	0	0	0	0	0	0	0	0	0	7	0	159	0	0	17	0	5	0	0	0	0	0	0	0	0	0	0	62	0	0	0	0	0	0	0	0	0	0	0	0	0	165	23
assemblage-169-727	0	0	0	0	0	0	0	0	0	0	0	0	15	0	0	0	0	0	24	0	91	0	0	68	0	0	0	0	0	0	0	0	30	0	0	0	0	0	37	0	0	0	0	0	0	0	0	0	0	0	0	0	0	0	0	10	0	0	0	0	0	0	0	0	0	0	0	11	0	0	0	0	42	0	0	9	0	0	0	0	0	5	0	0	0	30	0	0	0	0	0	0	0	0	0	0	0	0	0	107	21
assemblage-973-856	0	0	208	0	0	0	0	0	0	0	24	0	0	0	80	0	25	0	0	47	0	0	0	0	0	0	0	0	0	0	0	0	0	0	0	0	46	0	0	0	0	0	0	0	0	0	0	0	0	0	0	0	0	0	0	0	0	0	0	0	0	0	0	0	0	0	0	0	0	0	0	0	0	0	0	0	0	0	0	0	0	0	0	0	0	0	0	0	0	0	0	0	0	0	0	0	0	48	0	0	22
assemblage-861-255	0	0	0	0	9	0	0	0	0	0	0	0	0	0	0	0	0	0	99	0	0	0	0	0	0	105	0	0	0	0	0	0	0	0	0	0	0	0	0	0	0	0	0	0	0	0	0	0	0	0	0	0	0	0	0	0	0	0	0	0	0	0	0	26	0	0	0	0	0	56	0	0	0	0	0	0	0	0	0	0	0	0	0	0	0	181	0	0	0	0	0	0	0	0	0	0	0	0	0	8	16
assemblage-722-797	0	0	0	0	0	0	0	0	0	0	0	0	0	0	0	0	0	0	0	0	0	0	0	0	0	0	22	0	0	0	0	0	0	0	0	0	0	0	0	0	0	0	0	0	16	0	0	0	0	0	0	0	0	0	0	0	0	0	0	0	0	0	0	0	0	0	0	0	0	0	0	0	0	42	0	0	0	0	0	0	0	0	0	0	0	0	0	0	0	0	0	0	33	0	0	0	0	364	0	0	23
assemblage-612-790	0	0	0	0	0	0	0	0	0	0	0	17	0	0	0	0	0	0	23	0	0	0	0	0	29	0	0	0	0	0	0	0	0	0	0	0	0	0	0	0	0	0	0	0	0	0	0	0	0	0	7	9	0	0	0	0	0	0	0	0	0	0	0	0	0	0	0	13	0	157	0	0	18	0	0	0	0	0	0	0	0	0	0	0	0	73	0	0	0	0	0	0	0	0	0	0	0	0	0	137	17
assemblage-772-121	0	0	100	0	0	0	0	0	0	0	108	0	0	0	0	0	0	0	0	0	0	0	0	0	0	0	0	0	0	0	0	0	0	0	0	0	0	0	0	0	0	0	0	0	0	0	0	0	0	0	0	0	0	0	0	0	0	0	0	18	35	0	0	0	0	0	0	0	0	0	0	0	0	0	0	0	0	0	0	0	0	0	0	0	0	12	0	0	0	0	0	0	0	9	0	0	0	0	0	200	18
assemblage-357-491	0	0	38	0	0	0	0	0	0	0	141	0	0	0	22	0	0	0	0	0	0	0	0	0	0	0	0	0	0	0	0	0	0	0	0	0	0	0	0	0	0	0	0	0	0	0	0	0	0	0	0	0	0	0	0	0	0	0	0	0	20	0	0	0	0	0	0	50	0	0	0	0	52	0	0	0	0	0	0	0	0	0	0	0	0	81	0	0	0	5	0	0	0	13	0	0	0	0	0	49	29
assemblage-491-351	0	0	0	0	0	10	0	0	0	0	50	0	0	0	68	0	252	0	0	0	0	0	0	0	0	0	0	0	0	0	0	0	0	0	0	0	10	0	0	0	0	0	0	0	0	0	0	0	0	0	0	0	0	0	0	0	0	0	0	0	0	0	0	0	0	0	0	64	0	0	0	0	0	0	0	0	0	0	0	0	0	0	0	0	0	0	0	0	0	0	0	0	0	0	0	0	0	9	0	0	37
assemblage-895-883	0	0	0	0	0	0	0	0	0	0	0	0	0	0	0	0	0	0	0	0	0	0	0	0	0	0	0	4	0	0	0	0	0	0	0	0	5	0	0	0	0	0	0	0	0	0	0	0	0	0	0	0	0	0	0	0	0	0	0	0	0	0	0	0	0	0	0	0	0	0	0	0	0	48	0	0	0	0	0	0	0	0	0	0	0	0	425	0	0	0	0	0	0	0	0	0	0	0	0	0	18
assemblage-916-864	0	0	0	0	0	0	0	0	0	0	0	0	0	0	0	0	0	0	0	0	0	0	0	0	0	0	0	7	0	0	0	0	0	0	0	0	6	0	0	0	0	0	0	0	0	0	0	0	0	0	0	0	0	0	0	0	0	0	0	0	0	0	0	0	0	0	0	0	0	0	0	0	0	48	0	0	0	0	0	0	0	0	0	0	0	0	427	0	0	0	0	0	0	0	0	0	0	0	0	0	12
assemblage-989-154	0	0	0	0	0	0	0	0	0	0	0	0	0	0	0	0	0	0	0	0	0	0	0	0	0	0	25	0	0	0	0	0	0	0	0	0	0	0	0	0	0	0	0	0	18	0	0	0	0	0	0	0	0	0	0	0	0	0	0	0	0	0	0	0	0	0	0	0	0	0	0	0	0	66	0	0	0	0	0	0	0	0	0	0	0	0	0	0	0	0	0	0	30	0	0	0	0	350	0	0	11
assemblage-685-371	0	0	110	0	0	0	0	0	0	0	109	0	0	0	0	0	0	0	0	0	0	0	0	0	0	0	0	0	0	0	0	0	0	0	0	0	0	0	0	0	0	0	0	0	0	0	0	0	0	0	0	0	0	0	0	0	0	0	0	8	32	0	0	0	0	0	0	0	0	0	0	0	0	0	0	0	0	0	0	0	0	0	0	0	0	18	0	0	0	0	0	0	0	0	0	0	0	0	0	199	24
assemblage-940-955	0	0	0	0	0	0	0	0	0	0	9	0	0	0	129	0	30	5	0	0	0	0	0	0	0	0	8	0	0	0	0	0	0	0	0	0	0	0	0	0	0	0	0	0	0	0	0	0	0	0	0	0	0	0	0	0	0	0	0	0	167	0	0	0	0	0	0	0	0	0	0	0	0	0	0	0	0	0	0	0	0	0	0	0	0	0	10	60	0	0	0	0	0	61	0	0	0	3	0	0	18
assemblage-580-918	0	0	0	0	0	0	0	0	0	0	0	0	0	0	0	0	0	0	139	0	0	0	0	0	0	97	0	0	0	0	0	0	0	0	0	0	0	0	0	0	0	0	0	108	0	7	0	0	0	0	0	0	18	0	0	0	0	0	0	0	0	0	0	0	0	0	0	0	0	15	0	0	4	0	0	0	0	0	0	0	0	0	0	0	0	65	0	0	0	0	0	13	0	0	0	0	0	0	0	0	34
assemblage-153-803	0	0	0	0	0	0	0	0	0	0	0	0	0	0	0	0	0	0	0	0	0	0	0	0	0	0	17	0	0	0	0	0	0	0	0	0	0	0	0	0	0	0	0	0	0	0	0	0	0	0	0	0	0	0	0	0	42	0	0	0	0	0	24	0	0	0	0	0	0	0	0	0	0	274	0	0	0	0	0	0	0	0	0	34	0	0	13	0	0	0	0	0	0	0	0	0	69	0	0	0	27
assemblage-920-847	0	0	0	0	0	0	0	0	0	0	0	0	0	0	0	0	0	0	0	0	0	0	0	0	0	0	0	7	0	0	0	0	0	0	0	0	8	0	0	0	0	0	0	0	0	0	0	0	0	0	0	0	0	0	0	0	0	0	0	0	0	0	0	0	0	0	0	0	0	0	0	0	0	30	0	0	0	0	0	0	0	0	0	0	0	0	439	0	0	0	0	0	0	0	0	0	0	0	0	0	16
assemblage-477-490	0	0	0	0	0	32	0	0	0	0	321	0	0	0	39	0	0	0	0	0	0	0	0	0	0	0	0	0	0	0	0	0	0	0	0	0	0	0	0	7	0	0	0	0	0	0	0	0	0	0	0	0	0	0	0	0	0	0	0	0	0	0	0	0	0	0	0	0	0	0	0	0	0	0	0	0	0	0	0	0	0	0	0	0	0	0	0	0	0	0	33	0	0	35	0	0	0	0	0	0	33
assemblage-176-723	0	0	25	0	0	0	0	0	0	0	0	0	0	0	0	0	0	0	0	0	0	0	0	0	0	0	0	0	0	3	0	0	0	0	0	0	0	0	0	0	32	0	0	0	0	0	0	19	0	9	0	20	41	0	0	0	0	0	0	0	0	0	0	0	0	0	0	0	0	0	0	0	210	0	0	0	0	0	5	0	0	0	0	0	0	101	0	0	0	0	0	0	0	0	0	0	0	0	0	19	16
assemblage-599-132	0	0	0	0	7	0	0	0	0	0	0	0	0	0	0	0	0	0	79	0	0	0	0	0	0	106	0	0	0	0	0	0	0	0	0	0	0	0	0	0	0	0	0	0	0	0	0	0	0	0	0	0	0	0	0	0	0	0	0	0	0	0	0	20	0	0	0	0	0	73	0	0	0	0	0	0	0	0	0	0	0	0	0	0	0	170	0	0	0	0	0	0	0	0	0	0	0	0	0	11	34
assemblage-114-130	0	0	0	0	233	0	0	0	0	0	0	0	0	0	0	0	0	0	41	0	0	0	0	0	0	0	0	0	0	0	0	0	0	0	0	0	0	0	13	0	0	0	0	0	0	0	0	0	0	0	0	0	28	0	0	0	0	0	18	0	0	0	0	0	0	0	0	0	0	77	0	0	0	0	0	0	0	0	0	8	0	0	0	0	0	15	0	0	0	0	0	0	0	0	0	0	0	0	0	45	22
assemblage-107-99	0	0	0	0	226	0	0	0	0	0	0	0	0	0	0	0	0	0	50	0	0	0	0	0	0	0	0	0	0	0	0	0	0	0	0	0	0	0	13	0	0	0	0	0	0	0	0	0	0	0	0	0	17	0	0	0	0	0	13	0	0	0	0	0	0	0	0	0	0	90	0	0	10	0	0	0	0	0	0	0	0	0	0	0	0	27	0	0	0	0	0	0	0	0	0	0	0	0	0	37	17
assemblage-473-513	0	0	0	0	0	0	47	0	0	0	0	0	0	0	0	0	0	0	0	0	0	0	0	0	0	0	0	0	0	0	0	0	0	6	0	0	0	0	0	0	0	0	0	0	0	0	32	0	15	0	0	0	0	0	0	0	0	0	0	0	0	0	0	0	0	0	0	0	73	0	110	0	0	0	0	0	0	0	0	0	0	0	0	0	0	0	0	0	0	0	0	0	26	0	18	0	0	104	35	0	34
assemblage-996-146	0	0	0	0	0	0	0	0	0	0	0	0	0	0	0	0	0	0	0	0	0	0	0	0	0	0	27	0	0	0	0	0	0	0	0	0	0	0	0	0	0	6	0	0	21	0	0	0	0	0	0	0	0	0	0	0	0	0	0	0	0	0	0	0	0	0	0	0	0	0	0	0	0	46	0	0	0	0	0	0	0	0	0	0	0	0	0	0	0	0	0	0	30	0	0	0	0	361	0	0	9
assemblage-371-515	0	0	51	0	0	0	0	0	0	0	213	0	0	0	0	0	0	0	0	0	0	0	0	0	0	0	0	0	0	0	0	0	0	0	0	0	0	0	0	0	0	0	0	0	0	0	0	0	0	0	0	0	0	0	0	0	0	0	0	0	0	0	0	0	0	0	0	181	0	0	0	0	0	0	0	0	0	0	0	0	0	0	0	0	0	9	0	0	0	10	0	0	0	12	0	0	0	0	0	0	24
assemblage-496-330	0	0	53	0	0	10	0	0	0	0	91	0	0	0	75	0	81	0	0	10	0	0	0	0	0	0	0	0	0	0	0	0	0	0	0	0	20	0	0	0	0	0	0	0	0	0	0	0	0	0	0	0	0	0	0	0	0	0	0	0	44	0	0	0	0	0	0	13	0	0	0	0	0	0	0	0	0	0	0	0	0	0	0	0	0	0	0	18	0	0	10	0	0	31	0	0	0	13	0	0	31
assemblage-628-204	0	0	0	0	0	0	0	0	0	0	0	0	0	0	0	0	17	0	0	0	0	0	23	0	0	0	401	0	0	0	0	0	0	0	0	0	0	0	0	0	0	8	0	0	0	0	0	0	0	0	0	0	0	0	0	0	0	0	0	0	0	0	0	0	0	0	0	0	0	0	0	0	0	24	0	0	0	0	0	0	0	0	0	0	0	0	7	0	0	0	0	0	0	0	0	0	0	5	0	0	15
assemblage-959-844	0	0	3	0	0	13	0	0	0	0	51	0	0	0	71	0	257	0	0	0	0	0	0	0	0	0	0	0	0	0	0	0	0	0	0	0	8	0	0	0	0	0	0	0	0	0	0	0	0	0	0	0	0	0	7	0	0	0	0	0	4	0	0	0	0	0	0	53	0	0	0	0	0	0	0	0	0	0	0	0	0	0	0	0	0	0	0	0	0	0	0	0	0	0	0	0	0	11	0	0	22
assemblage-500-492	0	0	0	0	0	0	36	0	0	0	0	0	0	0	0	0	0	0	0	0	0	0	0	0	0	0	0	0	0	0	0	0	0	13	0	0	0	0	0	0	0	0	0	0	0	0	34	0	15	0	0	0	0	0	0	0	0	0	0	0	0	0	0	0	0	0	0	0	62	0	108	0	0	0	0	0	0	0	0	0	0	0	0	0	0	0	0	0	0	0	0	0	25	0	13	0	0	133	36	0	25
assemblage-962-919	0	0	50	0	0	0	0	0	0	0	223	0	0	0	0	0	0	0	0	0	0	0	0	0	0	0	0	0	0	0	0	0	0	0	0	0	0	0	0	0	0	0	0	0	0	0	0	0	0	0	0	0	0	0	0	0	0	0	0	0	0	0	0	0	0	0	0	163	0	0	0	0	0	0	0	0	0	0	0	0	0	0	0	0	0	7	0	0	0	11	0	0	0	20	0	0	0	0	0	0	26
assemblage-628-778	0	0	31	0	0	0	0	0	0	0	0	0	0	0	0	0	0	0	0	0	0	0	0	0	0	0	0	0	0	0	0	0	0	0	0	0	0	0	0	0	0	0	0	0	0	0	0	0	0	0	0	21	0	0	0	0	0	0	0	0	0	0	0	0	0	0	0	20	0	54	0	0	6	0	0	0	0	0	0	0	124	0	0	0	0	157	0	0	0	0	0	0	0	0	0	0	0	0	0	49	38
assemblage-151-733	0	0	0	0	0	0	0	0	0	0	0	0	16	0	0	0	0	0	20	0	95	0	0	64	0	0	0	0	0	0	0	0	32	0	0	0	0	0	28	0	0	0	0	0	0	0	0	0	0	0	0	0	0	0	0	6	0	0	0	0	0	0	0	0	0	0	0	12	0	0	0	0	50	0	0	6	0	0	0	0	0	6	0	0	0	31	0	0	0	0	0	0	0	0	0	0	0	0	0	118	16
assemblage-145-801	0	0	0	0	0	0	0	7	0	0	0	0	0	0	0	0	0	0	0	0	0	0	0	0	0	0	13	0	0	0	0	0	0	0	0	0	0	0	0	0	0	0	0	0	0	0	0	0	0	0	0	0	0	0	0	0	35	0	0	0	0	0	10	0	0	0	0	0	0	0	0	0	0	284	0	0	0	0	0	0	0	0	0	52	0	0	18	0	0	0	0	0	0	0	0	0	61	0	0	0	20
assemblage-853-273	0	0	0	0	210	0	0	0	0	0	0	0	0	0	0	0	0	0	37	0	0	0	0	0	0	0	0	0	0	0	0	0	0	0	0	0	0	0	10	0	0	0	0	0	0	0	0	0	0	0	0	0	33	0	0	0	0	0	21	0	0	0	0	0	0	0	0	0	0	97	0	0	3	0	0	0	0	0	0	6	0	0	0	0	0	19	0	0	0	0	0	0	0	0	0	0	0	0	0	53	11
assemblage-189-727	0	0	23	0	0	0	0	0	0	0	0	0	0	0	0	0	0	0	0	0	0	0	0	0	0	0	0	0	0	0	0	0	0	0	0	0	0	0	0	0	0	0	0	0	0	0	0	0	0	0	0	11	0	0	0	0	0	0	0	0	0	0	0	0	0	0	0	26	0	48	0	0	0	0	0	0	0	0	0	0	129	0	0	0	0	197	0	0	0	0	0	0	0	0	0	0	0	0	0	34	32
assemblage-1022-687	0	0	36	0	0	0	0	0	0	0	0	0	0	0	0	0	0	0	0	0	0	7	0	0	0	0	0	0	0	5	0	0	0	0	0	0	0	0	0	0	20	0	0	0	0	0	0	15	0	11	0	33	38	0	0	0	0	0	0	0	0	0	0	0	0	0	0	0	0	0	0	0	208	0	0	0	0	0	6	0	0	0	0	0	0	78	0	0	0	0	0	0	0	0	0	0	0	0	0	19	24
assemblage-486-501	0	0	0	0	0	0	43	0	0	0	0	0	0	0	0	0	0	0	0	0	0	0	0	0	0	0	0	0	0	0	0	10	0	3	0	0	0	0	0	0	0	0	0	0	0	0	30	0	14	0	0	0	0	0	0	0	0	0	0	0	0	0	0	0	0	0	0	0	78	0	125	0	0	0	0	0	0	0	0	0	0	0	0	0	0	0	0	0	0	0	0	0	23	0	17	0	0	118	23	0	16
assemblage-604-139	0	0	0	0	66	0	0	0	0	0	0	0	0	0	0	0	0	0	87	0	0	0	0	0	0	45	0	0	0	0	0	0	0	0	0	0	0	0	5	0	0	0	0	23	0	0	0	0	0	0	0	0	11	0	0	0	0	0	0	0	0	0	0	0	0	0	0	0	0	115	0	0	7	0	0	0	0	0	0	0	0	0	0	0	0	78	0	0	0	0	0	3	0	0	0	0	0	0	0	25	35
assemblage-893-862	0	0	0	0	0	0	0	0	0	0	0	0	0	0	0	0	0	0	0	0	0	0	0	0	0	0	0	8	0	0	0	0	0	0	0	0	7	0	0	0	0	0	0	0	0	0	0	0	0	0	0	0	0	0	0	0	0	0	0	0	0	0	0	0	0	0	0	0	0	0	0	0	0	42	0	0	0	0	0	0	0	0	0	0	0	0	435	0	0	0	0	0	0	0	0	0	0	0	0	0	8
assemblage-619-223	0	0	0	0	0	0	0	0	0	0	0	0	0	0	0	0	0	0	0	0	0	0	0	0	0	0	24	0	0	0	0	0	0	0	0	0	0	0	0	0	0	0	0	0	18	0	0	0	0	0	0	0	0	0	0	0	0	0	0	0	0	0	0	0	0	0	0	0	0	0	0	0	0	60	0	0	0	0	0	0	0	0	0	0	0	0	2	0	0	0	0	0	39	0	0	0	0	342	0	0	15
assemblage-480-533	0	0	0	0	0	0	0	0	0	0	0	2	14	0	0	0	0	0	26	0	84	0	0	61	0	0	0	0	0	0	0	0	28	0	0	0	0	0	32	0	0	0	0	0	0	0	0	0	0	0	0	0	0	0	0	5	0	0	0	0	0	0	0	0	0	0	0	19	0	0	0	0	46	0	0	6	0	0	0	0	0	13	0	0	0	23	0	0	0	0	0	0	0	0	0	0	0	0	0	115	26
assemblage-85-91	0	0	0	0	20	0	0	0	0	0	0	0	0	0	0	0	0	0	75	0	0	0	0	0	0	109	0	0	0	0	0	0	0	0	0	0	0	0	0	0	0	0	0	0	0	0	0	0	0	0	0	0	0	0	0	0	0	0	0	0	0	0	0	16	0	0	0	0	0	76	0	0	0	0	0	0	0	0	0	0	0	0	0	0	0	166	0	0	0	0	0	0	0	0	0	0	0	0	0	18	20
assemblage-631-783	0	0	0	0	0	0	0	0	0	0	0	29	0	0	0	0	0	0	24	0	0	0	0	0	17	0	0	0	0	0	0	0	0	0	0	0	0	0	0	0	0	0	0	0	0	0	0	0	0	0	5	7	0	0	0	0	0	0	0	0	0	0	0	0	0	0	0	8	0	157	0	0	8	0	0	0	0	0	0	0	0	0	0	0	0	67	0	0	0	0	0	0	0	0	0	0	0	0	0	158	20
assemblage-609-772	0	0	0	0	0	0	0	0	0	0	0	12	0	0	0	0	0	0	23	0	0	0	0	0	19	0	0	0	0	0	0	0	0	0	0	0	0	0	0	0	0	0	0	0	0	0	0	0	0	0	6	15	0	0	0	0	0	0	0	0	0	0	0	0	0	0	0	10	0	151	0	0	21	0	0	0	0	0	0	0	0	0	0	0	0	60	0	0	0	0	0	0	0	0	0	0	0	0	0	160	23
assemblage-497-501	0	0	0	0	0	0	46	0	0	0	0	0	0	0	0	0	0	0	0	0	0	0	0	0	0	0	0	0	0	0	0	5	0	6	0	0	0	0	0	0	0	0	0	0	0	0	32	0	13	0	0	0	0	0	0	0	0	0	0	0	0	0	0	0	0	0	0	0	77	0	114	0	0	0	0	0	0	6	0	0	0	0	0	0	0	0	0	0	0	0	0	0	21	0	15	0	0	99	42	0	24
assemblage-970-841	0	0	0	0	0	17	0	0	0	0	60	0	0	0	78	0	226	0	0	0	0	0	0	0	0	0	0	0	0	0	0	0	0	0	0	0	15	0	0	0	0	0	0	0	0	0	0	0	0	0	0	0	0	0	0	0	0	0	0	0	9	0	0	0	0	0	0	47	0	0	0	0	0	0	0	0	0	0	0	0	0	0	0	0	0	0	0	0	0	0	0	0	0	0	0	0	0	14	0	0	34
assemblage-606-145	0	0	0	0	0	0	0	0	0	0	0	0	0	0	0	0	0	0	157	0	0	0	0	0	0	64	0	0	0	0	0	0	0	0	0	0	0	0	0	0	0	0	0	107	0	0	0	0	0	0	0	0	25	0	0	0	0	0	0	0	0	0	0	0	0	0	6	0	0	23	0	0	0	0	0	0	0	0	0	0	0	0	0	0	0	58	0	0	0	0	0	26	0	0	0	0	0	0	0	0	34
assemblage-710-359	0	0	31	8	0	0	0	0	0	0	126	0	0	0	0	0	0	0	0	0	0	0	0	0	0	0	0	0	0	0	0	0	0	0	0	0	0	0	0	0	0	0	0	0	0	0	0	0	0	0	0	0	0	0	0	0	0	0	0	0	45	0	0	0	0	0	0	28	0	0	0	0	203	0	0	0	0	0	0	0	0	0	0	0	0	9	0	0	0	15	0	0	0	0	0	6	0	0	0	21	8
assemblage-865-272	0	0	0	0	223	0	0	0	0	0	0	0	0	0	0	0	0	0	43	0	0	0	0	0	0	0	0	0	0	0	0	0	0	0	0	0	0	0	15	0	0	0	0	0	0	0	0	0	0	0	0	0	37	0	0	0	0	0	13	0	0	0	0	0	0	0	0	0	0	98	0	0	9	0	0	0	0	0	0	0	0	0	0	0	0	12	0	0	0	0	0	0	0	0	0	0	0	0	0	30	20
assemblage-123-800	0	0	0	0	0	0	0	0	0	0	0	0	0	0	0	0	0	0	0	0	0	0	0	0	0	0	14	0	0	0	0	0	0	0	0	0	0	0	0	0	0	0	0	0	0	0	0	0	0	0	0	0	0	0	0	0	42	0	0	0	0	0	24	0	0	0	0	0	0	0	0	0	0	273	0	0	0	0	0	0	0	0	0	39	0	0	15	0	0	0	0	0	0	0	0	0	70	0	0	0	23
assemblage-998-674	0	0	0	0	0	0	0	0	0	0	0	15	0	0	0	0	0	0	24	0	0	0	0	0	18	0	0	0	0	0	0	0	0	0	0	0	0	0	0	0	0	0	0	0	0	0	0	0	0	0	5	12	0	0	0	0	0	0	0	0	0	0	0	0	0	0	0	11	0	151	0	0	12	0	3	0	0	0	0	0	0	0	0	0	0	64	0	0	0	0	0	0	0	0	0	0	0	0	0	171	14
assemblage-872-265	0	0	0	0	12	0	0	0	0	0	0	0	0	0	0	0	0	0	98	0	0	0	0	0	0	111	0	0	0	0	0	0	0	0	0	0	0	0	0	0	0	0	0	0	0	0	0	0	0	0	0	0	0	0	0	0	0	0	0	0	0	0	0	17	0	0	0	0	0	52	0	0	0	0	0	0	0	0	0	0	0	0	0	0	0	178	0	0	0	0	0	0	0	0	0	0	0	0	0	12	20
assemblage-607-161	0	0	0	0	0	0	0	0	0	0	0	0	0	0	0	2	0	0	62	0	0	0	0	0	0	0	0	0	0	0	0	0	0	0	0	0	0	0	0	0	0	0	0	27	0	0	0	0	0	0	0	0	0	0	0	0	0	0	0	0	0	0	0	0	0	0	0	0	0	286	0	0	0	0	0	0	0	0	0	0	0	0	0	0	0	92	0	0	0	0	0	0	0	0	0	0	0	0	0	0	31
assemblage-708-786	0	0	0	0	0	0	0	0	0	0	0	0	0	0	0	0	12	0	0	0	0	0	44	0	0	0	375	0	0	0	0	0	0	0	0	0	0	0	0	0	0	0	0	0	0	0	0	0	0	0	0	0	0	0	0	0	0	0	0	0	0	0	0	0	0	0	0	0	0	0	0	0	0	37	0	0	0	0	0	0	0	0	0	0	0	0	7	0	0	0	0	0	0	0	0	0	0	9	0	0	16
assemblage-963-913	0	0	39	0	0	0	0	0	0	0	124	0	0	0	0	0	0	0	0	0	0	0	0	0	0	0	0	0	0	0	0	0	0	0	0	0	0	0	0	0	0	0	0	0	0	0	0	0	0	0	0	0	0	0	0	0	0	0	0	0	23	0	0	0	0	0	0	14	0	0	0	0	222	0	0	0	0	0	0	0	0	0	0	0	0	9	0	0	0	20	0	0	0	0	0	8	0	0	0	17	24
assemblage-599-936	0	0	0	0	0	0	0	0	0	0	0	0	0	0	0	5	0	0	57	0	0	0	0	0	0	0	0	0	0	0	0	0	0	0	0	0	0	0	0	0	0	0	0	25	0	0	0	0	0	0	0	0	0	0	0	0	0	0	0	0	0	0	0	0	0	0	0	0	0	284	0	0	0	0	0	0	0	0	0	0	0	0	0	0	0	99	0	0	0	0	0	0	0	0	0	0	0	0	0	0	30
assemblage-255-414	0	0	0	0	0	0	0	0	0	0	0	0	0	0	64	0	0	0	0	0	0	0	0	0	0	0	4	0	0	0	0	0	0	0	0	0	15	0	0	0	0	0	0	0	0	0	0	0	0	0	0	0	0	0	0	0	0	0	0	0	0	0	0	0	0	29	0	0	0	0	0	0	0	0	0	0	0	0	0	0	0	0	0	0	0	0	337	0	0	0	0	0	21	0	0	0	0	0	0	0	30
assemblage-567-920	0	0	0	0	229	0	0	0	0	0	0	0	0	0	0	0	0	0	49	0	0	0	0	0	0	0	0	0	0	0	0	0	0	0	0	0	0	0	16	0	0	0	0	0	0	0	0	0	0	0	0	0	24	0	0	0	0	0	13	0	0	0	0	0	0	0	0	0	0	79	0	0	7	0	0	0	0	0	0	6	0	0	0	0	0	15	0	0	0	0	0	0	0	0	0	0	0	0	0	41	21
