Seriation_Number	Assemblage	3-2-0	3-2530791-2	2-2589167-4	2-3013581-4	734333-4-4	3-7963108-2	795512-4-4	3-5972713-2	0-2-4	2-4-4816344	2-5646354-4	9939170-4-4	5249610-4-2	5098138-4-4	2-4-4532899	2-702178-4	3-1807285-2	6904333-2661141-4	3-5623195-2	3-7972352-2	1799529-4-2	3-5345525-2	2-3953254-4	9780433-2-4	2-4-4076688	2-1-4	3-4088199-2	2-7783660-4	6040132-4-4	3-4-2742203	7086763-4-2	3-4-2	3-4-5650322	2-6908559-4	9955001-2-4	317173-4-4	2-4292597-4	3310522-4-2	6842674-4-4	3-4-3099159	2-4-4	3-6460983-2	5314562-4-2	2-327688-4	186010-4-4	6904333-4-4	3-1049934-2	8956863-4-4	7006762-2-4	3-4150264-2	5218087-4-4	2-8465441-4	5893755-4-4	0-2-7369572	2339304-4-4	2-9795452-4	3-113056-2	2-5677280-4	0-2-6248925
1	assemblage-31-23	0	0	0	0	0	0	0	0	4528	0	0	0	0	0	0	0	0	0	0	0	0	0	0	0	0	0	0	0	0	0	0	23190	0	0	0	0	0	0	0	0	31602	0	0	0	0	262	0	0	0	1	49	0	0	0	0	0	0	0	0
1	assemblage-61-65	0	0	0	0	0	0	0	0	0	0	0	0	0	0	0	0	0	0	0	0	0	0	0	0	0	0	4	0	0	0	33	17142	0	0	0	0	0	0	0	0	11046	0	0	0	0	0	0	0	0	0	0	0	0	0	0	0	0	0	0
1	assemblage-17-26	0	0	0	0	0	0	0	0	0	0	0	0	0	0	0	0	0	0	0	0	0	0	0	0	0	0	0	0	0	0	0	27562	0	0	0	0	0	0	0	0	1366	0	0	0	0	0	16	0	0	0	0	0	0	0	0	0	0	0	0

2	assemblage-27-51	0	0	0	0	0	0	0	0	0	0	0	0	0	0	0	0	0	0	0	0	0	0	0	0	0	0	0	0	0	0	4793	18252	0	0	0	0	0	0	0	0	34046	0	0	0	0	0	0	0	0	0	0	0	0	0	0	0	0	0	0
2	assemblage-61-65	0	0	0	0	0	0	0	0	0	0	0	0	0	0	0	0	0	0	0	0	0	0	0	0	0	0	4	0	0	0	33	17142	0	0	0	0	0	0	0	0	11046	0	0	0	0	0	0	0	0	0	0	0	0	0	0	0	0	0	0
2	assemblage-17-26	0	0	0	0	0	0	0	0	0	0	0	0	0	0	0	0	0	0	0	0	0	0	0	0	0	0	0	0	0	0	0	27562	0	0	0	0	0	0	0	0	1366	0	0	0	0	0	16	0	0	0	0	0	0	0	0	0	0	0	0

3	assemblage-27-51	0	0	0	0	0	0	0	0	0	0	0	0	0	0	0	0	0	0	0	0	0	0	0	0	0	0	0	0	0	0	4793	18252	0	0	0	0	0	0	0	0	34046	0	0	0	0	0	0	0	0	0	0	0	0	0	0	0	0	0	0
3	assemblage-31-23	0	0	0	0	0	0	0	0	4528	0	0	0	0	0	0	0	0	0	0	0	0	0	0	0	0	0	0	0	0	0	0	23190	0	0	0	0	0	0	0	0	31602	0	0	0	0	262	0	0	0	1	49	0	0	0	0	0	0	0	0
3	assemblage-17-26	0	0	0	0	0	0	0	0	0	0	0	0	0	0	0	0	0	0	0	0	0	0	0	0	0	0	0	0	0	0	0	27562	0	0	0	0	0	0	0	0	1366	0	0	0	0	0	16	0	0	0	0	0	0	0	0	0	0	0	0

4	assemblage-33-69	0	0	0	0	0	0	0	0	5141	0	0	0	0	0	0	0	0	0	0	0	0	0	0	1	0	0	0	0	0	0	0	72	0	0	5	0	0	0	0	0	0	0	0	0	0	0	0	0	0	0	0	0	0	0	0	0	0	0	0
4	assemblage-61-65	0	0	0	0	0	0	0	0	0	0	0	0	0	0	0	0	0	0	0	0	0	0	0	0	0	0	4	0	0	0	33	17142	0	0	0	0	0	0	0	0	11046	0	0	0	0	0	0	0	0	0	0	0	0	0	0	0	0	0	0
4	assemblage-17-26	0	0	0	0	0	0	0	0	0	0	0	0	0	0	0	0	0	0	0	0	0	0	0	0	0	0	0	0	0	0	0	27562	0	0	0	0	0	0	0	0	1366	0	0	0	0	0	16	0	0	0	0	0	0	0	0	0	0	0	0

5	assemblage-33-69	0	0	0	0	0	0	0	0	5141	0	0	0	0	0	0	0	0	0	0	0	0	0	0	1	0	0	0	0	0	0	0	72	0	0	5	0	0	0	0	0	0	0	0	0	0	0	0	0	0	0	0	0	0	0	0	0	0	0	0
5	assemblage-31-23	0	0	0	0	0	0	0	0	4528	0	0	0	0	0	0	0	0	0	0	0	0	0	0	0	0	0	0	0	0	0	0	23190	0	0	0	0	0	0	0	0	31602	0	0	0	0	262	0	0	0	1	49	0	0	0	0	0	0	0	0
5	assemblage-17-26	0	0	0	0	0	0	0	0	0	0	0	0	0	0	0	0	0	0	0	0	0	0	0	0	0	0	0	0	0	0	0	27562	0	0	0	0	0	0	0	0	1366	0	0	0	0	0	16	0	0	0	0	0	0	0	0	0	0	0	0

6	assemblage-33-69	0	0	0	0	0	0	0	0	5141	0	0	0	0	0	0	0	0	0	0	0	0	0	0	1	0	0	0	0	0	0	0	72	0	0	5	0	0	0	0	0	0	0	0	0	0	0	0	0	0	0	0	0	0	0	0	0	0	0	0
6	assemblage-31-23	0	0	0	0	0	0	0	0	4528	0	0	0	0	0	0	0	0	0	0	0	0	0	0	0	0	0	0	0	0	0	0	23190	0	0	0	0	0	0	0	0	31602	0	0	0	0	262	0	0	0	1	49	0	0	0	0	0	0	0	0
6	assemblage-61-65	0	0	0	0	0	0	0	0	0	0	0	0	0	0	0	0	0	0	0	0	0	0	0	0	0	0	4	0	0	0	33	17142	0	0	0	0	0	0	0	0	11046	0	0	0	0	0	0	0	0	0	0	0	0	0	0	0	0	0	0

7	assemblage-33-69	0	0	0	0	0	0	0	0	5141	0	0	0	0	0	0	0	0	0	0	0	0	0	0	1	0	0	0	0	0	0	0	72	0	0	5	0	0	0	0	0	0	0	0	0	0	0	0	0	0	0	0	0	0	0	0	0	0	0	0
7	assemblage-27-51	0	0	0	0	0	0	0	0	0	0	0	0	0	0	0	0	0	0	0	0	0	0	0	0	0	0	0	0	0	0	4793	18252	0	0	0	0	0	0	0	0	34046	0	0	0	0	0	0	0	0	0	0	0	0	0	0	0	0	0	0
7	assemblage-17-26	0	0	0	0	0	0	0	0	0	0	0	0	0	0	0	0	0	0	0	0	0	0	0	0	0	0	0	0	0	0	0	27562	0	0	0	0	0	0	0	0	1366	0	0	0	0	0	16	0	0	0	0	0	0	0	0	0	0	0	0

8	assemblage-33-69	0	0	0	0	0	0	0	0	5141	0	0	0	0	0	0	0	0	0	0	0	0	0	0	1	0	0	0	0	0	0	0	72	0	0	5	0	0	0	0	0	0	0	0	0	0	0	0	0	0	0	0	0	0	0	0	0	0	0	0
8	assemblage-27-51	0	0	0	0	0	0	0	0	0	0	0	0	0	0	0	0	0	0	0	0	0	0	0	0	0	0	0	0	0	0	4793	18252	0	0	0	0	0	0	0	0	34046	0	0	0	0	0	0	0	0	0	0	0	0	0	0	0	0	0	0
8	assemblage-61-65	0	0	0	0	0	0	0	0	0	0	0	0	0	0	0	0	0	0	0	0	0	0	0	0	0	0	4	0	0	0	33	17142	0	0	0	0	0	0	0	0	11046	0	0	0	0	0	0	0	0	0	0	0	0	0	0	0	0	0	0

9	assemblage-53-62	288	0	0	0	0	0	0	0	1570	0	0	0	0	0	0	0	0	0	0	0	0	0	0	0	0	86	0	0	0	0	0	939	0	0	0	0	0	0	0	0	2194	0	0	0	0	141	0	0	0	0	0	0	0	0	0	0	0	0	0
9	assemblage-61-65	0	0	0	0	0	0	0	0	0	0	0	0	0	0	0	0	0	0	0	0	0	0	0	0	0	0	4	0	0	0	33	17142	0	0	0	0	0	0	0	0	11046	0	0	0	0	0	0	0	0	0	0	0	0	0	0	0	0	0	0
9	assemblage-17-26	0	0	0	0	0	0	0	0	0	0	0	0	0	0	0	0	0	0	0	0	0	0	0	0	0	0	0	0	0	0	0	27562	0	0	0	0	0	0	0	0	1366	0	0	0	0	0	16	0	0	0	0	0	0	0	0	0	0	0	0

10	assemblage-53-62	288	0	0	0	0	0	0	0	1570	0	0	0	0	0	0	0	0	0	0	0	0	0	0	0	0	86	0	0	0	0	0	939	0	0	0	0	0	0	0	0	2194	0	0	0	0	141	0	0	0	0	0	0	0	0	0	0	0	0	0
10	assemblage-31-23	0	0	0	0	0	0	0	0	4528	0	0	0	0	0	0	0	0	0	0	0	0	0	0	0	0	0	0	0	0	0	0	23190	0	0	0	0	0	0	0	0	31602	0	0	0	0	262	0	0	0	1	49	0	0	0	0	0	0	0	0
10	assemblage-17-26	0	0	0	0	0	0	0	0	0	0	0	0	0	0	0	0	0	0	0	0	0	0	0	0	0	0	0	0	0	0	0	27562	0	0	0	0	0	0	0	0	1366	0	0	0	0	0	16	0	0	0	0	0	0	0	0	0	0	0	0

11	assemblage-53-62	288	0	0	0	0	0	0	0	1570	0	0	0	0	0	0	0	0	0	0	0	0	0	0	0	0	86	0	0	0	0	0	939	0	0	0	0	0	0	0	0	2194	0	0	0	0	141	0	0	0	0	0	0	0	0	0	0	0	0	0
11	assemblage-31-23	0	0	0	0	0	0	0	0	4528	0	0	0	0	0	0	0	0	0	0	0	0	0	0	0	0	0	0	0	0	0	0	23190	0	0	0	0	0	0	0	0	31602	0	0	0	0	262	0	0	0	1	49	0	0	0	0	0	0	0	0
11	assemblage-61-65	0	0	0	0	0	0	0	0	0	0	0	0	0	0	0	0	0	0	0	0	0	0	0	0	0	0	4	0	0	0	33	17142	0	0	0	0	0	0	0	0	11046	0	0	0	0	0	0	0	0	0	0	0	0	0	0	0	0	0	0

12	assemblage-53-62	288	0	0	0	0	0	0	0	1570	0	0	0	0	0	0	0	0	0	0	0	0	0	0	0	0	86	0	0	0	0	0	939	0	0	0	0	0	0	0	0	2194	0	0	0	0	141	0	0	0	0	0	0	0	0	0	0	0	0	0
12	assemblage-27-51	0	0	0	0	0	0	0	0	0	0	0	0	0	0	0	0	0	0	0	0	0	0	0	0	0	0	0	0	0	0	4793	18252	0	0	0	0	0	0	0	0	34046	0	0	0	0	0	0	0	0	0	0	0	0	0	0	0	0	0	0
12	assemblage-17-26	0	0	0	0	0	0	0	0	0	0	0	0	0	0	0	0	0	0	0	0	0	0	0	0	0	0	0	0	0	0	0	27562	0	0	0	0	0	0	0	0	1366	0	0	0	0	0	16	0	0	0	0	0	0	0	0	0	0	0	0

13	assemblage-53-62	288	0	0	0	0	0	0	0	1570	0	0	0	0	0	0	0	0	0	0	0	0	0	0	0	0	86	0	0	0	0	0	939	0	0	0	0	0	0	0	0	2194	0	0	0	0	141	0	0	0	0	0	0	0	0	0	0	0	0	0
13	assemblage-27-51	0	0	0	0	0	0	0	0	0	0	0	0	0	0	0	0	0	0	0	0	0	0	0	0	0	0	0	0	0	0	4793	18252	0	0	0	0	0	0	0	0	34046	0	0	0	0	0	0	0	0	0	0	0	0	0	0	0	0	0	0
13	assemblage-61-65	0	0	0	0	0	0	0	0	0	0	0	0	0	0	0	0	0	0	0	0	0	0	0	0	0	0	4	0	0	0	33	17142	0	0	0	0	0	0	0	0	11046	0	0	0	0	0	0	0	0	0	0	0	0	0	0	0	0	0	0

14	assemblage-69-65	0	0	0	0	0	0	0	0	4265	0	0	0	0	0	0	0	0	0	0	0	0	0	0	0	0	119	0	0	0	0	0	634	0	0	0	0	0	0	0	0	68	0	0	0	0	133	0	0	0	0	0	0	0	0	0	0	0	0	0
14	assemblage-61-65	0	0	0	0	0	0	0	0	0	0	0	0	0	0	0	0	0	0	0	0	0	0	0	0	0	0	4	0	0	0	33	17142	0	0	0	0	0	0	0	0	11046	0	0	0	0	0	0	0	0	0	0	0	0	0	0	0	0	0	0
14	assemblage-17-26	0	0	0	0	0	0	0	0	0	0	0	0	0	0	0	0	0	0	0	0	0	0	0	0	0	0	0	0	0	0	0	27562	0	0	0	0	0	0	0	0	1366	0	0	0	0	0	16	0	0	0	0	0	0	0	0	0	0	0	0

15	assemblage-69-65	0	0	0	0	0	0	0	0	4265	0	0	0	0	0	0	0	0	0	0	0	0	0	0	0	0	119	0	0	0	0	0	634	0	0	0	0	0	0	0	0	68	0	0	0	0	133	0	0	0	0	0	0	0	0	0	0	0	0	0
15	assemblage-31-23	0	0	0	0	0	0	0	0	4528	0	0	0	0	0	0	0	0	0	0	0	0	0	0	0	0	0	0	0	0	0	0	23190	0	0	0	0	0	0	0	0	31602	0	0	0	0	262	0	0	0	1	49	0	0	0	0	0	0	0	0
15	assemblage-17-26	0	0	0	0	0	0	0	0	0	0	0	0	0	0	0	0	0	0	0	0	0	0	0	0	0	0	0	0	0	0	0	27562	0	0	0	0	0	0	0	0	1366	0	0	0	0	0	16	0	0	0	0	0	0	0	0	0	0	0	0

16	assemblage-69-65	0	0	0	0	0	0	0	0	4265	0	0	0	0	0	0	0	0	0	0	0	0	0	0	0	0	119	0	0	0	0	0	634	0	0	0	0	0	0	0	0	68	0	0	0	0	133	0	0	0	0	0	0	0	0	0	0	0	0	0
16	assemblage-31-23	0	0	0	0	0	0	0	0	4528	0	0	0	0	0	0	0	0	0	0	0	0	0	0	0	0	0	0	0	0	0	0	23190	0	0	0	0	0	0	0	0	31602	0	0	0	0	262	0	0	0	1	49	0	0	0	0	0	0	0	0
16	assemblage-61-65	0	0	0	0	0	0	0	0	0	0	0	0	0	0	0	0	0	0	0	0	0	0	0	0	0	0	4	0	0	0	33	17142	0	0	0	0	0	0	0	0	11046	0	0	0	0	0	0	0	0	0	0	0	0	0	0	0	0	0	0

17	assemblage-69-65	0	0	0	0	0	0	0	0	4265	0	0	0	0	0	0	0	0	0	0	0	0	0	0	0	0	119	0	0	0	0	0	634	0	0	0	0	0	0	0	0	68	0	0	0	0	133	0	0	0	0	0	0	0	0	0	0	0	0	0
17	assemblage-27-51	0	0	0	0	0	0	0	0	0	0	0	0	0	0	0	0	0	0	0	0	0	0	0	0	0	0	0	0	0	0	4793	18252	0	0	0	0	0	0	0	0	34046	0	0	0	0	0	0	0	0	0	0	0	0	0	0	0	0	0	0
17	assemblage-17-26	0	0	0	0	0	0	0	0	0	0	0	0	0	0	0	0	0	0	0	0	0	0	0	0	0	0	0	0	0	0	0	27562	0	0	0	0	0	0	0	0	1366	0	0	0	0	0	16	0	0	0	0	0	0	0	0	0	0	0	0

18	assemblage-69-65	0	0	0	0	0	0	0	0	4265	0	0	0	0	0	0	0	0	0	0	0	0	0	0	0	0	119	0	0	0	0	0	634	0	0	0	0	0	0	0	0	68	0	0	0	0	133	0	0	0	0	0	0	0	0	0	0	0	0	0
18	assemblage-27-51	0	0	0	0	0	0	0	0	0	0	0	0	0	0	0	0	0	0	0	0	0	0	0	0	0	0	0	0	0	0	4793	18252	0	0	0	0	0	0	0	0	34046	0	0	0	0	0	0	0	0	0	0	0	0	0	0	0	0	0	0
18	assemblage-61-65	0	0	0	0	0	0	0	0	0	0	0	0	0	0	0	0	0	0	0	0	0	0	0	0	0	0	4	0	0	0	33	17142	0	0	0	0	0	0	0	0	11046	0	0	0	0	0	0	0	0	0	0	0	0	0	0	0	0	0	0

19	assemblage-69-65	0	0	0	0	0	0	0	0	4265	0	0	0	0	0	0	0	0	0	0	0	0	0	0	0	0	119	0	0	0	0	0	634	0	0	0	0	0	0	0	0	68	0	0	0	0	133	0	0	0	0	0	0	0	0	0	0	0	0	0
19	assemblage-53-62	288	0	0	0	0	0	0	0	1570	0	0	0	0	0	0	0	0	0	0	0	0	0	0	0	0	86	0	0	0	0	0	939	0	0	0	0	0	0	0	0	2194	0	0	0	0	141	0	0	0	0	0	0	0	0	0	0	0	0	0
19	assemblage-17-26	0	0	0	0	0	0	0	0	0	0	0	0	0	0	0	0	0	0	0	0	0	0	0	0	0	0	0	0	0	0	0	27562	0	0	0	0	0	0	0	0	1366	0	0	0	0	0	16	0	0	0	0	0	0	0	0	0	0	0	0

20	assemblage-69-65	0	0	0	0	0	0	0	0	4265	0	0	0	0	0	0	0	0	0	0	0	0	0	0	0	0	119	0	0	0	0	0	634	0	0	0	0	0	0	0	0	68	0	0	0	0	133	0	0	0	0	0	0	0	0	0	0	0	0	0
20	assemblage-53-62	288	0	0	0	0	0	0	0	1570	0	0	0	0	0	0	0	0	0	0	0	0	0	0	0	0	86	0	0	0	0	0	939	0	0	0	0	0	0	0	0	2194	0	0	0	0	141	0	0	0	0	0	0	0	0	0	0	0	0	0
20	assemblage-61-65	0	0	0	0	0	0	0	0	0	0	0	0	0	0	0	0	0	0	0	0	0	0	0	0	0	0	4	0	0	0	33	17142	0	0	0	0	0	0	0	0	11046	0	0	0	0	0	0	0	0	0	0	0	0	0	0	0	0	0	0

21	assemblage-69-65	0	0	0	0	0	0	0	0	4265	0	0	0	0	0	0	0	0	0	0	0	0	0	0	0	0	119	0	0	0	0	0	634	0	0	0	0	0	0	0	0	68	0	0	0	0	133	0	0	0	0	0	0	0	0	0	0	0	0	0
21	assemblage-53-62	288	0	0	0	0	0	0	0	1570	0	0	0	0	0	0	0	0	0	0	0	0	0	0	0	0	86	0	0	0	0	0	939	0	0	0	0	0	0	0	0	2194	0	0	0	0	141	0	0	0	0	0	0	0	0	0	0	0	0	0
21	assemblage-31-23	0	0	0	0	0	0	0	0	4528	0	0	0	0	0	0	0	0	0	0	0	0	0	0	0	0	0	0	0	0	0	0	23190	0	0	0	0	0	0	0	0	31602	0	0	0	0	262	0	0	0	1	49	0	0	0	0	0	0	0	0

22	assemblage-69-65	0	0	0	0	0	0	0	0	4265	0	0	0	0	0	0	0	0	0	0	0	0	0	0	0	0	119	0	0	0	0	0	634	0	0	0	0	0	0	0	0	68	0	0	0	0	133	0	0	0	0	0	0	0	0	0	0	0	0	0
22	assemblage-53-62	288	0	0	0	0	0	0	0	1570	0	0	0	0	0	0	0	0	0	0	0	0	0	0	0	0	86	0	0	0	0	0	939	0	0	0	0	0	0	0	0	2194	0	0	0	0	141	0	0	0	0	0	0	0	0	0	0	0	0	0
22	assemblage-27-51	0	0	0	0	0	0	0	0	0	0	0	0	0	0	0	0	0	0	0	0	0	0	0	0	0	0	0	0	0	0	4793	18252	0	0	0	0	0	0	0	0	34046	0	0	0	0	0	0	0	0	0	0	0	0	0	0	0	0	0	0

23	assemblage-60-61	0	0	0	0	0	0	0	0	10	0	0	0	0	0	0	0	0	0	0	0	0	0	0	0	0	0	0	0	0	0	0	0	0	0	0	0	0	0	0	0	0	0	0	0	0	5209	0	0	0	0	0	0	0	0	0	0	0	0	0
23	assemblage-61-65	0	0	0	0	0	0	0	0	0	0	0	0	0	0	0	0	0	0	0	0	0	0	0	0	0	0	4	0	0	0	33	17142	0	0	0	0	0	0	0	0	11046	0	0	0	0	0	0	0	0	0	0	0	0	0	0	0	0	0	0
23	assemblage-17-26	0	0	0	0	0	0	0	0	0	0	0	0	0	0	0	0	0	0	0	0	0	0	0	0	0	0	0	0	0	0	0	27562	0	0	0	0	0	0	0	0	1366	0	0	0	0	0	16	0	0	0	0	0	0	0	0	0	0	0	0

24	assemblage-60-61	0	0	0	0	0	0	0	0	10	0	0	0	0	0	0	0	0	0	0	0	0	0	0	0	0	0	0	0	0	0	0	0	0	0	0	0	0	0	0	0	0	0	0	0	0	5209	0	0	0	0	0	0	0	0	0	0	0	0	0
24	assemblage-31-23	0	0	0	0	0	0	0	0	4528	0	0	0	0	0	0	0	0	0	0	0	0	0	0	0	0	0	0	0	0	0	0	23190	0	0	0	0	0	0	0	0	31602	0	0	0	0	262	0	0	0	1	49	0	0	0	0	0	0	0	0
24	assemblage-17-26	0	0	0	0	0	0	0	0	0	0	0	0	0	0	0	0	0	0	0	0	0	0	0	0	0	0	0	0	0	0	0	27562	0	0	0	0	0	0	0	0	1366	0	0	0	0	0	16	0	0	0	0	0	0	0	0	0	0	0	0

25	assemblage-60-61	0	0	0	0	0	0	0	0	10	0	0	0	0	0	0	0	0	0	0	0	0	0	0	0	0	0	0	0	0	0	0	0	0	0	0	0	0	0	0	0	0	0	0	0	0	5209	0	0	0	0	0	0	0	0	0	0	0	0	0
25	assemblage-31-23	0	0	0	0	0	0	0	0	4528	0	0	0	0	0	0	0	0	0	0	0	0	0	0	0	0	0	0	0	0	0	0	23190	0	0	0	0	0	0	0	0	31602	0	0	0	0	262	0	0	0	1	49	0	0	0	0	0	0	0	0
25	assemblage-61-65	0	0	0	0	0	0	0	0	0	0	0	0	0	0	0	0	0	0	0	0	0	0	0	0	0	0	4	0	0	0	33	17142	0	0	0	0	0	0	0	0	11046	0	0	0	0	0	0	0	0	0	0	0	0	0	0	0	0	0	0

26	assemblage-60-61	0	0	0	0	0	0	0	0	10	0	0	0	0	0	0	0	0	0	0	0	0	0	0	0	0	0	0	0	0	0	0	0	0	0	0	0	0	0	0	0	0	0	0	0	0	5209	0	0	0	0	0	0	0	0	0	0	0	0	0
26	assemblage-27-51	0	0	0	0	0	0	0	0	0	0	0	0	0	0	0	0	0	0	0	0	0	0	0	0	0	0	0	0	0	0	4793	18252	0	0	0	0	0	0	0	0	34046	0	0	0	0	0	0	0	0	0	0	0	0	0	0	0	0	0	0
26	assemblage-17-26	0	0	0	0	0	0	0	0	0	0	0	0	0	0	0	0	0	0	0	0	0	0	0	0	0	0	0	0	0	0	0	27562	0	0	0	0	0	0	0	0	1366	0	0	0	0	0	16	0	0	0	0	0	0	0	0	0	0	0	0

27	assemblage-60-61	0	0	0	0	0	0	0	0	10	0	0	0	0	0	0	0	0	0	0	0	0	0	0	0	0	0	0	0	0	0	0	0	0	0	0	0	0	0	0	0	0	0	0	0	0	5209	0	0	0	0	0	0	0	0	0	0	0	0	0
27	assemblage-27-51	0	0	0	0	0	0	0	0	0	0	0	0	0	0	0	0	0	0	0	0	0	0	0	0	0	0	0	0	0	0	4793	18252	0	0	0	0	0	0	0	0	34046	0	0	0	0	0	0	0	0	0	0	0	0	0	0	0	0	0	0
27	assemblage-61-65	0	0	0	0	0	0	0	0	0	0	0	0	0	0	0	0	0	0	0	0	0	0	0	0	0	0	4	0	0	0	33	17142	0	0	0	0	0	0	0	0	11046	0	0	0	0	0	0	0	0	0	0	0	0	0	0	0	0	0	0

28	assemblage-60-61	0	0	0	0	0	0	0	0	10	0	0	0	0	0	0	0	0	0	0	0	0	0	0	0	0	0	0	0	0	0	0	0	0	0	0	0	0	0	0	0	0	0	0	0	0	5209	0	0	0	0	0	0	0	0	0	0	0	0	0
28	assemblage-33-69	0	0	0	0	0	0	0	0	5141	0	0	0	0	0	0	0	0	0	0	0	0	0	0	1	0	0	0	0	0	0	0	72	0	0	5	0	0	0	0	0	0	0	0	0	0	0	0	0	0	0	0	0	0	0	0	0	0	0	0
28	assemblage-17-26	0	0	0	0	0	0	0	0	0	0	0	0	0	0	0	0	0	0	0	0	0	0	0	0	0	0	0	0	0	0	0	27562	0	0	0	0	0	0	0	0	1366	0	0	0	0	0	16	0	0	0	0	0	0	0	0	0	0	0	0

29	assemblage-60-61	0	0	0	0	0	0	0	0	10	0	0	0	0	0	0	0	0	0	0	0	0	0	0	0	0	0	0	0	0	0	0	0	0	0	0	0	0	0	0	0	0	0	0	0	0	5209	0	0	0	0	0	0	0	0	0	0	0	0	0
29	assemblage-33-69	0	0	0	0	0	0	0	0	5141	0	0	0	0	0	0	0	0	0	0	0	0	0	0	1	0	0	0	0	0	0	0	72	0	0	5	0	0	0	0	0	0	0	0	0	0	0	0	0	0	0	0	0	0	0	0	0	0	0	0
29	assemblage-61-65	0	0	0	0	0	0	0	0	0	0	0	0	0	0	0	0	0	0	0	0	0	0	0	0	0	0	4	0	0	0	33	17142	0	0	0	0	0	0	0	0	11046	0	0	0	0	0	0	0	0	0	0	0	0	0	0	0	0	0	0

30	assemblage-60-61	0	0	0	0	0	0	0	0	10	0	0	0	0	0	0	0	0	0	0	0	0	0	0	0	0	0	0	0	0	0	0	0	0	0	0	0	0	0	0	0	0	0	0	0	0	5209	0	0	0	0	0	0	0	0	0	0	0	0	0
30	assemblage-33-69	0	0	0	0	0	0	0	0	5141	0	0	0	0	0	0	0	0	0	0	0	0	0	0	1	0	0	0	0	0	0	0	72	0	0	5	0	0	0	0	0	0	0	0	0	0	0	0	0	0	0	0	0	0	0	0	0	0	0	0
30	assemblage-27-51	0	0	0	0	0	0	0	0	0	0	0	0	0	0	0	0	0	0	0	0	0	0	0	0	0	0	0	0	0	0	4793	18252	0	0	0	0	0	0	0	0	34046	0	0	0	0	0	0	0	0	0	0	0	0	0	0	0	0	0	0

31	assemblage-60-61	0	0	0	0	0	0	0	0	10	0	0	0	0	0	0	0	0	0	0	0	0	0	0	0	0	0	0	0	0	0	0	0	0	0	0	0	0	0	0	0	0	0	0	0	0	5209	0	0	0	0	0	0	0	0	0	0	0	0	0
31	assemblage-53-62	288	0	0	0	0	0	0	0	1570	0	0	0	0	0	0	0	0	0	0	0	0	0	0	0	0	86	0	0	0	0	0	939	0	0	0	0	0	0	0	0	2194	0	0	0	0	141	0	0	0	0	0	0	0	0	0	0	0	0	0
31	assemblage-17-26	0	0	0	0	0	0	0	0	0	0	0	0	0	0	0	0	0	0	0	0	0	0	0	0	0	0	0	0	0	0	0	27562	0	0	0	0	0	0	0	0	1366	0	0	0	0	0	16	0	0	0	0	0	0	0	0	0	0	0	0

32	assemblage-60-61	0	0	0	0	0	0	0	0	10	0	0	0	0	0	0	0	0	0	0	0	0	0	0	0	0	0	0	0	0	0	0	0	0	0	0	0	0	0	0	0	0	0	0	0	0	5209	0	0	0	0	0	0	0	0	0	0	0	0	0
32	assemblage-53-62	288	0	0	0	0	0	0	0	1570	0	0	0	0	0	0	0	0	0	0	0	0	0	0	0	0	86	0	0	0	0	0	939	0	0	0	0	0	0	0	0	2194	0	0	0	0	141	0	0	0	0	0	0	0	0	0	0	0	0	0
32	assemblage-61-65	0	0	0	0	0	0	0	0	0	0	0	0	0	0	0	0	0	0	0	0	0	0	0	0	0	0	4	0	0	0	33	17142	0	0	0	0	0	0	0	0	11046	0	0	0	0	0	0	0	0	0	0	0	0	0	0	0	0	0	0

33	assemblage-60-61	0	0	0	0	0	0	0	0	10	0	0	0	0	0	0	0	0	0	0	0	0	0	0	0	0	0	0	0	0	0	0	0	0	0	0	0	0	0	0	0	0	0	0	0	0	5209	0	0	0	0	0	0	0	0	0	0	0	0	0
33	assemblage-53-62	288	0	0	0	0	0	0	0	1570	0	0	0	0	0	0	0	0	0	0	0	0	0	0	0	0	86	0	0	0	0	0	939	0	0	0	0	0	0	0	0	2194	0	0	0	0	141	0	0	0	0	0	0	0	0	0	0	0	0	0
33	assemblage-31-23	0	0	0	0	0	0	0	0	4528	0	0	0	0	0	0	0	0	0	0	0	0	0	0	0	0	0	0	0	0	0	0	23190	0	0	0	0	0	0	0	0	31602	0	0	0	0	262	0	0	0	1	49	0	0	0	0	0	0	0	0

34	assemblage-60-61	0	0	0	0	0	0	0	0	10	0	0	0	0	0	0	0	0	0	0	0	0	0	0	0	0	0	0	0	0	0	0	0	0	0	0	0	0	0	0	0	0	0	0	0	0	5209	0	0	0	0	0	0	0	0	0	0	0	0	0
34	assemblage-53-62	288	0	0	0	0	0	0	0	1570	0	0	0	0	0	0	0	0	0	0	0	0	0	0	0	0	86	0	0	0	0	0	939	0	0	0	0	0	0	0	0	2194	0	0	0	0	141	0	0	0	0	0	0	0	0	0	0	0	0	0
34	assemblage-27-51	0	0	0	0	0	0	0	0	0	0	0	0	0	0	0	0	0	0	0	0	0	0	0	0	0	0	0	0	0	0	4793	18252	0	0	0	0	0	0	0	0	34046	0	0	0	0	0	0	0	0	0	0	0	0	0	0	0	0	0	0

35	assemblage-60-61	0	0	0	0	0	0	0	0	10	0	0	0	0	0	0	0	0	0	0	0	0	0	0	0	0	0	0	0	0	0	0	0	0	0	0	0	0	0	0	0	0	0	0	0	0	5209	0	0	0	0	0	0	0	0	0	0	0	0	0
35	assemblage-53-62	288	0	0	0	0	0	0	0	1570	0	0	0	0	0	0	0	0	0	0	0	0	0	0	0	0	86	0	0	0	0	0	939	0	0	0	0	0	0	0	0	2194	0	0	0	0	141	0	0	0	0	0	0	0	0	0	0	0	0	0
35	assemblage-33-69	0	0	0	0	0	0	0	0	5141	0	0	0	0	0	0	0	0	0	0	0	0	0	0	1	0	0	0	0	0	0	0	72	0	0	5	0	0	0	0	0	0	0	0	0	0	0	0	0	0	0	0	0	0	0	0	0	0	0	0

36	assemblage-60-61	0	0	0	0	0	0	0	0	10	0	0	0	0	0	0	0	0	0	0	0	0	0	0	0	0	0	0	0	0	0	0	0	0	0	0	0	0	0	0	0	0	0	0	0	0	5209	0	0	0	0	0	0	0	0	0	0	0	0	0
36	assemblage-69-65	0	0	0	0	0	0	0	0	4265	0	0	0	0	0	0	0	0	0	0	0	0	0	0	0	0	119	0	0	0	0	0	634	0	0	0	0	0	0	0	0	68	0	0	0	0	133	0	0	0	0	0	0	0	0	0	0	0	0	0
36	assemblage-17-26	0	0	0	0	0	0	0	0	0	0	0	0	0	0	0	0	0	0	0	0	0	0	0	0	0	0	0	0	0	0	0	27562	0	0	0	0	0	0	0	0	1366	0	0	0	0	0	16	0	0	0	0	0	0	0	0	0	0	0	0

37	assemblage-60-61	0	0	0	0	0	0	0	0	10	0	0	0	0	0	0	0	0	0	0	0	0	0	0	0	0	0	0	0	0	0	0	0	0	0	0	0	0	0	0	0	0	0	0	0	0	5209	0	0	0	0	0	0	0	0	0	0	0	0	0
37	assemblage-69-65	0	0	0	0	0	0	0	0	4265	0	0	0	0	0	0	0	0	0	0	0	0	0	0	0	0	119	0	0	0	0	0	634	0	0	0	0	0	0	0	0	68	0	0	0	0	133	0	0	0	0	0	0	0	0	0	0	0	0	0
37	assemblage-61-65	0	0	0	0	0	0	0	0	0	0	0	0	0	0	0	0	0	0	0	0	0	0	0	0	0	0	4	0	0	0	33	17142	0	0	0	0	0	0	0	0	11046	0	0	0	0	0	0	0	0	0	0	0	0	0	0	0	0	0	0

38	assemblage-60-61	0	0	0	0	0	0	0	0	10	0	0	0	0	0	0	0	0	0	0	0	0	0	0	0	0	0	0	0	0	0	0	0	0	0	0	0	0	0	0	0	0	0	0	0	0	5209	0	0	0	0	0	0	0	0	0	0	0	0	0
38	assemblage-69-65	0	0	0	0	0	0	0	0	4265	0	0	0	0	0	0	0	0	0	0	0	0	0	0	0	0	119	0	0	0	0	0	634	0	0	0	0	0	0	0	0	68	0	0	0	0	133	0	0	0	0	0	0	0	0	0	0	0	0	0
38	assemblage-31-23	0	0	0	0	0	0	0	0	4528	0	0	0	0	0	0	0	0	0	0	0	0	0	0	0	0	0	0	0	0	0	0	23190	0	0	0	0	0	0	0	0	31602	0	0	0	0	262	0	0	0	1	49	0	0	0	0	0	0	0	0

39	assemblage-60-61	0	0	0	0	0	0	0	0	10	0	0	0	0	0	0	0	0	0	0	0	0	0	0	0	0	0	0	0	0	0	0	0	0	0	0	0	0	0	0	0	0	0	0	0	0	5209	0	0	0	0	0	0	0	0	0	0	0	0	0
39	assemblage-69-65	0	0	0	0	0	0	0	0	4265	0	0	0	0	0	0	0	0	0	0	0	0	0	0	0	0	119	0	0	0	0	0	634	0	0	0	0	0	0	0	0	68	0	0	0	0	133	0	0	0	0	0	0	0	0	0	0	0	0	0
39	assemblage-27-51	0	0	0	0	0	0	0	0	0	0	0	0	0	0	0	0	0	0	0	0	0	0	0	0	0	0	0	0	0	0	4793	18252	0	0	0	0	0	0	0	0	34046	0	0	0	0	0	0	0	0	0	0	0	0	0	0	0	0	0	0

40	assemblage-60-61	0	0	0	0	0	0	0	0	10	0	0	0	0	0	0	0	0	0	0	0	0	0	0	0	0	0	0	0	0	0	0	0	0	0	0	0	0	0	0	0	0	0	0	0	0	5209	0	0	0	0	0	0	0	0	0	0	0	0	0
40	assemblage-69-65	0	0	0	0	0	0	0	0	4265	0	0	0	0	0	0	0	0	0	0	0	0	0	0	0	0	119	0	0	0	0	0	634	0	0	0	0	0	0	0	0	68	0	0	0	0	133	0	0	0	0	0	0	0	0	0	0	0	0	0
40	assemblage-33-69	0	0	0	0	0	0	0	0	5141	0	0	0	0	0	0	0	0	0	0	0	0	0	0	1	0	0	0	0	0	0	0	72	0	0	5	0	0	0	0	0	0	0	0	0	0	0	0	0	0	0	0	0	0	0	0	0	0	0	0

41	assemblage-55-5	0	0	0	0	0	0	0	0	0	0	0	0	0	0	0	0	0	0	0	0	0	0	0	0	0	0	0	0	0	0	3744	2065	0	0	0	0	0	0	0	0	23056	0	0	0	0	0	0	0	0	0	0	0	0	0	0	0	0	0	0
41	assemblage-61-65	0	0	0	0	0	0	0	0	0	0	0	0	0	0	0	0	0	0	0	0	0	0	0	0	0	0	4	0	0	0	33	17142	0	0	0	0	0	0	0	0	11046	0	0	0	0	0	0	0	0	0	0	0	0	0	0	0	0	0	0
41	assemblage-17-26	0	0	0	0	0	0	0	0	0	0	0	0	0	0	0	0	0	0	0	0	0	0	0	0	0	0	0	0	0	0	0	27562	0	0	0	0	0	0	0	0	1366	0	0	0	0	0	16	0	0	0	0	0	0	0	0	0	0	0	0

42	assemblage-55-5	0	0	0	0	0	0	0	0	0	0	0	0	0	0	0	0	0	0	0	0	0	0	0	0	0	0	0	0	0	0	3744	2065	0	0	0	0	0	0	0	0	23056	0	0	0	0	0	0	0	0	0	0	0	0	0	0	0	0	0	0
42	assemblage-31-23	0	0	0	0	0	0	0	0	4528	0	0	0	0	0	0	0	0	0	0	0	0	0	0	0	0	0	0	0	0	0	0	23190	0	0	0	0	0	0	0	0	31602	0	0	0	0	262	0	0	0	1	49	0	0	0	0	0	0	0	0
42	assemblage-17-26	0	0	0	0	0	0	0	0	0	0	0	0	0	0	0	0	0	0	0	0	0	0	0	0	0	0	0	0	0	0	0	27562	0	0	0	0	0	0	0	0	1366	0	0	0	0	0	16	0	0	0	0	0	0	0	0	0	0	0	0

43	assemblage-55-5	0	0	0	0	0	0	0	0	0	0	0	0	0	0	0	0	0	0	0	0	0	0	0	0	0	0	0	0	0	0	3744	2065	0	0	0	0	0	0	0	0	23056	0	0	0	0	0	0	0	0	0	0	0	0	0	0	0	0	0	0
43	assemblage-27-51	0	0	0	0	0	0	0	0	0	0	0	0	0	0	0	0	0	0	0	0	0	0	0	0	0	0	0	0	0	0	4793	18252	0	0	0	0	0	0	0	0	34046	0	0	0	0	0	0	0	0	0	0	0	0	0	0	0	0	0	0
43	assemblage-17-26	0	0	0	0	0	0	0	0	0	0	0	0	0	0	0	0	0	0	0	0	0	0	0	0	0	0	0	0	0	0	0	27562	0	0	0	0	0	0	0	0	1366	0	0	0	0	0	16	0	0	0	0	0	0	0	0	0	0	0	0

44	assemblage-55-5	0	0	0	0	0	0	0	0	0	0	0	0	0	0	0	0	0	0	0	0	0	0	0	0	0	0	0	0	0	0	3744	2065	0	0	0	0	0	0	0	0	23056	0	0	0	0	0	0	0	0	0	0	0	0	0	0	0	0	0	0
44	assemblage-27-51	0	0	0	0	0	0	0	0	0	0	0	0	0	0	0	0	0	0	0	0	0	0	0	0	0	0	0	0	0	0	4793	18252	0	0	0	0	0	0	0	0	34046	0	0	0	0	0	0	0	0	0	0	0	0	0	0	0	0	0	0
44	assemblage-61-65	0	0	0	0	0	0	0	0	0	0	0	0	0	0	0	0	0	0	0	0	0	0	0	0	0	0	4	0	0	0	33	17142	0	0	0	0	0	0	0	0	11046	0	0	0	0	0	0	0	0	0	0	0	0	0	0	0	0	0	0

45	assemblage-55-5	0	0	0	0	0	0	0	0	0	0	0	0	0	0	0	0	0	0	0	0	0	0	0	0	0	0	0	0	0	0	3744	2065	0	0	0	0	0	0	0	0	23056	0	0	0	0	0	0	0	0	0	0	0	0	0	0	0	0	0	0
45	assemblage-27-51	0	0	0	0	0	0	0	0	0	0	0	0	0	0	0	0	0	0	0	0	0	0	0	0	0	0	0	0	0	0	4793	18252	0	0	0	0	0	0	0	0	34046	0	0	0	0	0	0	0	0	0	0	0	0	0	0	0	0	0	0
45	assemblage-31-23	0	0	0	0	0	0	0	0	4528	0	0	0	0	0	0	0	0	0	0	0	0	0	0	0	0	0	0	0	0	0	0	23190	0	0	0	0	0	0	0	0	31602	0	0	0	0	262	0	0	0	1	49	0	0	0	0	0	0	0	0

46	assemblage-55-5	0	0	0	0	0	0	0	0	0	0	0	0	0	0	0	0	0	0	0	0	0	0	0	0	0	0	0	0	0	0	3744	2065	0	0	0	0	0	0	0	0	23056	0	0	0	0	0	0	0	0	0	0	0	0	0	0	0	0	0	0
46	assemblage-53-62	288	0	0	0	0	0	0	0	1570	0	0	0	0	0	0	0	0	0	0	0	0	0	0	0	0	86	0	0	0	0	0	939	0	0	0	0	0	0	0	0	2194	0	0	0	0	141	0	0	0	0	0	0	0	0	0	0	0	0	0
46	assemblage-17-26	0	0	0	0	0	0	0	0	0	0	0	0	0	0	0	0	0	0	0	0	0	0	0	0	0	0	0	0	0	0	0	27562	0	0	0	0	0	0	0	0	1366	0	0	0	0	0	16	0	0	0	0	0	0	0	0	0	0	0	0

47	assemblage-55-5	0	0	0	0	0	0	0	0	0	0	0	0	0	0	0	0	0	0	0	0	0	0	0	0	0	0	0	0	0	0	3744	2065	0	0	0	0	0	0	0	0	23056	0	0	0	0	0	0	0	0	0	0	0	0	0	0	0	0	0	0
47	assemblage-53-62	288	0	0	0	0	0	0	0	1570	0	0	0	0	0	0	0	0	0	0	0	0	0	0	0	0	86	0	0	0	0	0	939	0	0	0	0	0	0	0	0	2194	0	0	0	0	141	0	0	0	0	0	0	0	0	0	0	0	0	0
47	assemblage-33-69	0	0	0	0	0	0	0	0	5141	0	0	0	0	0	0	0	0	0	0	0	0	0	0	1	0	0	0	0	0	0	0	72	0	0	5	0	0	0	0	0	0	0	0	0	0	0	0	0	0	0	0	0	0	0	0	0	0	0	0

48	assemblage-55-5	0	0	0	0	0	0	0	0	0	0	0	0	0	0	0	0	0	0	0	0	0	0	0	0	0	0	0	0	0	0	3744	2065	0	0	0	0	0	0	0	0	23056	0	0	0	0	0	0	0	0	0	0	0	0	0	0	0	0	0	0
48	assemblage-69-65	0	0	0	0	0	0	0	0	4265	0	0	0	0	0	0	0	0	0	0	0	0	0	0	0	0	119	0	0	0	0	0	634	0	0	0	0	0	0	0	0	68	0	0	0	0	133	0	0	0	0	0	0	0	0	0	0	0	0	0
48	assemblage-33-69	0	0	0	0	0	0	0	0	5141	0	0	0	0	0	0	0	0	0	0	0	0	0	0	1	0	0	0	0	0	0	0	72	0	0	5	0	0	0	0	0	0	0	0	0	0	0	0	0	0	0	0	0	0	0	0	0	0	0	0

49	assemblage-15-49	0	0	0	0	0	0	0	0	0	0	0	0	0	0	0	0	0	0	0	0	0	0	0	0	0	0	0	0	0	0	0	22396	0	0	0	0	0	0	0	0	6548	0	0	0	0	0	0	0	0	0	0	0	0	0	0	0	0	0	0
49	assemblage-53-62	288	0	0	0	0	0	0	0	1570	0	0	0	0	0	0	0	0	0	0	0	0	0	0	0	0	86	0	0	0	0	0	939	0	0	0	0	0	0	0	0	2194	0	0	0	0	141	0	0	0	0	0	0	0	0	0	0	0	0	0
49	assemblage-33-69	0	0	0	0	0	0	0	0	5141	0	0	0	0	0	0	0	0	0	0	0	0	0	0	1	0	0	0	0	0	0	0	72	0	0	5	0	0	0	0	0	0	0	0	0	0	0	0	0	0	0	0	0	0	0	0	0	0	0	0

50	assemblage-15-49	0	0	0	0	0	0	0	0	0	0	0	0	0	0	0	0	0	0	0	0	0	0	0	0	0	0	0	0	0	0	0	22396	0	0	0	0	0	0	0	0	6548	0	0	0	0	0	0	0	0	0	0	0	0	0	0	0	0	0	0
50	assemblage-69-65	0	0	0	0	0	0	0	0	4265	0	0	0	0	0	0	0	0	0	0	0	0	0	0	0	0	119	0	0	0	0	0	634	0	0	0	0	0	0	0	0	68	0	0	0	0	133	0	0	0	0	0	0	0	0	0	0	0	0	0
50	assemblage-33-69	0	0	0	0	0	0	0	0	5141	0	0	0	0	0	0	0	0	0	0	0	0	0	0	1	0	0	0	0	0	0	0	72	0	0	5	0	0	0	0	0	0	0	0	0	0	0	0	0	0	0	0	0	0	0	0	0	0	0	0

51	assemblage-15-49	0	0	0	0	0	0	0	0	0	0	0	0	0	0	0	0	0	0	0	0	0	0	0	0	0	0	0	0	0	0	0	22396	0	0	0	0	0	0	0	0	6548	0	0	0	0	0	0	0	0	0	0	0	0	0	0	0	0	0	0
51	assemblage-55-5	0	0	0	0	0	0	0	0	0	0	0	0	0	0	0	0	0	0	0	0	0	0	0	0	0	0	0	0	0	0	3744	2065	0	0	0	0	0	0	0	0	23056	0	0	0	0	0	0	0	0	0	0	0	0	0	0	0	0	0	0
51	assemblage-33-69	0	0	0	0	0	0	0	0	5141	0	0	0	0	0	0	0	0	0	0	0	0	0	0	1	0	0	0	0	0	0	0	72	0	0	5	0	0	0	0	0	0	0	0	0	0	0	0	0	0	0	0	0	0	0	0	0	0	0	0

52	assemblage-15-49	0	0	0	0	0	0	0	0	0	0	0	0	0	0	0	0	0	0	0	0	0	0	0	0	0	0	0	0	0	0	0	22396	0	0	0	0	0	0	0	0	6548	0	0	0	0	0	0	0	0	0	0	0	0	0	0	0	0	0	0
52	assemblage-55-5	0	0	0	0	0	0	0	0	0	0	0	0	0	0	0	0	0	0	0	0	0	0	0	0	0	0	0	0	0	0	3744	2065	0	0	0	0	0	0	0	0	23056	0	0	0	0	0	0	0	0	0	0	0	0	0	0	0	0	0	0
52	assemblage-60-61	0	0	0	0	0	0	0	0	10	0	0	0	0	0	0	0	0	0	0	0	0	0	0	0	0	0	0	0	0	0	0	0	0	0	0	0	0	0	0	0	0	0	0	0	0	5209	0	0	0	0	0	0	0	0	0	0	0	0	0

53	assemblage-47-50	0	0	0	2	1	0	0	0	0	1	1	0	0	0	0	0	0	0	0	0	0	0	0	0	0	0	0	0	0	0	1040	2950	0	0	0	0	0	0	0	0	24870	0	0	0	0	0	0	0	0	0	0	0	1	0	0	0	0	0	0
53	assemblage-61-65	0	0	0	0	0	0	0	0	0	0	0	0	0	0	0	0	0	0	0	0	0	0	0	0	0	0	4	0	0	0	33	17142	0	0	0	0	0	0	0	0	11046	0	0	0	0	0	0	0	0	0	0	0	0	0	0	0	0	0	0
53	assemblage-17-26	0	0	0	0	0	0	0	0	0	0	0	0	0	0	0	0	0	0	0	0	0	0	0	0	0	0	0	0	0	0	0	27562	0	0	0	0	0	0	0	0	1366	0	0	0	0	0	16	0	0	0	0	0	0	0	0	0	0	0	0

54	assemblage-47-50	0	0	0	2	1	0	0	0	0	1	1	0	0	0	0	0	0	0	0	0	0	0	0	0	0	0	0	0	0	0	1040	2950	0	0	0	0	0	0	0	0	24870	0	0	0	0	0	0	0	0	0	0	0	1	0	0	0	0	0	0
54	assemblage-31-23	0	0	0	0	0	0	0	0	4528	0	0	0	0	0	0	0	0	0	0	0	0	0	0	0	0	0	0	0	0	0	0	23190	0	0	0	0	0	0	0	0	31602	0	0	0	0	262	0	0	0	1	49	0	0	0	0	0	0	0	0
54	assemblage-17-26	0	0	0	0	0	0	0	0	0	0	0	0	0	0	0	0	0	0	0	0	0	0	0	0	0	0	0	0	0	0	0	27562	0	0	0	0	0	0	0	0	1366	0	0	0	0	0	16	0	0	0	0	0	0	0	0	0	0	0	0

55	assemblage-47-50	0	0	0	2	1	0	0	0	0	1	1	0	0	0	0	0	0	0	0	0	0	0	0	0	0	0	0	0	0	0	1040	2950	0	0	0	0	0	0	0	0	24870	0	0	0	0	0	0	0	0	0	0	0	1	0	0	0	0	0	0
55	assemblage-27-51	0	0	0	0	0	0	0	0	0	0	0	0	0	0	0	0	0	0	0	0	0	0	0	0	0	0	0	0	0	0	4793	18252	0	0	0	0	0	0	0	0	34046	0	0	0	0	0	0	0	0	0	0	0	0	0	0	0	0	0	0
55	assemblage-17-26	0	0	0	0	0	0	0	0	0	0	0	0	0	0	0	0	0	0	0	0	0	0	0	0	0	0	0	0	0	0	0	27562	0	0	0	0	0	0	0	0	1366	0	0	0	0	0	16	0	0	0	0	0	0	0	0	0	0	0	0

56	assemblage-47-50	0	0	0	2	1	0	0	0	0	1	1	0	0	0	0	0	0	0	0	0	0	0	0	0	0	0	0	0	0	0	1040	2950	0	0	0	0	0	0	0	0	24870	0	0	0	0	0	0	0	0	0	0	0	1	0	0	0	0	0	0
56	assemblage-27-51	0	0	0	0	0	0	0	0	0	0	0	0	0	0	0	0	0	0	0	0	0	0	0	0	0	0	0	0	0	0	4793	18252	0	0	0	0	0	0	0	0	34046	0	0	0	0	0	0	0	0	0	0	0	0	0	0	0	0	0	0
56	assemblage-61-65	0	0	0	0	0	0	0	0	0	0	0	0	0	0	0	0	0	0	0	0	0	0	0	0	0	0	4	0	0	0	33	17142	0	0	0	0	0	0	0	0	11046	0	0	0	0	0	0	0	0	0	0	0	0	0	0	0	0	0	0

57	assemblage-47-50	0	0	0	2	1	0	0	0	0	1	1	0	0	0	0	0	0	0	0	0	0	0	0	0	0	0	0	0	0	0	1040	2950	0	0	0	0	0	0	0	0	24870	0	0	0	0	0	0	0	0	0	0	0	1	0	0	0	0	0	0
57	assemblage-27-51	0	0	0	0	0	0	0	0	0	0	0	0	0	0	0	0	0	0	0	0	0	0	0	0	0	0	0	0	0	0	4793	18252	0	0	0	0	0	0	0	0	34046	0	0	0	0	0	0	0	0	0	0	0	0	0	0	0	0	0	0
57	assemblage-31-23	0	0	0	0	0	0	0	0	4528	0	0	0	0	0	0	0	0	0	0	0	0	0	0	0	0	0	0	0	0	0	0	23190	0	0	0	0	0	0	0	0	31602	0	0	0	0	262	0	0	0	1	49	0	0	0	0	0	0	0	0

58	assemblage-47-50	0	0	0	2	1	0	0	0	0	1	1	0	0	0	0	0	0	0	0	0	0	0	0	0	0	0	0	0	0	0	1040	2950	0	0	0	0	0	0	0	0	24870	0	0	0	0	0	0	0	0	0	0	0	1	0	0	0	0	0	0
58	assemblage-53-62	288	0	0	0	0	0	0	0	1570	0	0	0	0	0	0	0	0	0	0	0	0	0	0	0	0	86	0	0	0	0	0	939	0	0	0	0	0	0	0	0	2194	0	0	0	0	141	0	0	0	0	0	0	0	0	0	0	0	0	0
58	assemblage-17-26	0	0	0	0	0	0	0	0	0	0	0	0	0	0	0	0	0	0	0	0	0	0	0	0	0	0	0	0	0	0	0	27562	0	0	0	0	0	0	0	0	1366	0	0	0	0	0	16	0	0	0	0	0	0	0	0	0	0	0	0

59	assemblage-47-50	0	0	0	2	1	0	0	0	0	1	1	0	0	0	0	0	0	0	0	0	0	0	0	0	0	0	0	0	0	0	1040	2950	0	0	0	0	0	0	0	0	24870	0	0	0	0	0	0	0	0	0	0	0	1	0	0	0	0	0	0
59	assemblage-53-62	288	0	0	0	0	0	0	0	1570	0	0	0	0	0	0	0	0	0	0	0	0	0	0	0	0	86	0	0	0	0	0	939	0	0	0	0	0	0	0	0	2194	0	0	0	0	141	0	0	0	0	0	0	0	0	0	0	0	0	0
59	assemblage-33-69	0	0	0	0	0	0	0	0	5141	0	0	0	0	0	0	0	0	0	0	0	0	0	0	1	0	0	0	0	0	0	0	72	0	0	5	0	0	0	0	0	0	0	0	0	0	0	0	0	0	0	0	0	0	0	0	0	0	0	0

60	assemblage-47-50	0	0	0	2	1	0	0	0	0	1	1	0	0	0	0	0	0	0	0	0	0	0	0	0	0	0	0	0	0	0	1040	2950	0	0	0	0	0	0	0	0	24870	0	0	0	0	0	0	0	0	0	0	0	1	0	0	0	0	0	0
60	assemblage-69-65	0	0	0	0	0	0	0	0	4265	0	0	0	0	0	0	0	0	0	0	0	0	0	0	0	0	119	0	0	0	0	0	634	0	0	0	0	0	0	0	0	68	0	0	0	0	133	0	0	0	0	0	0	0	0	0	0	0	0	0
60	assemblage-33-69	0	0	0	0	0	0	0	0	5141	0	0	0	0	0	0	0	0	0	0	0	0	0	0	1	0	0	0	0	0	0	0	72	0	0	5	0	0	0	0	0	0	0	0	0	0	0	0	0	0	0	0	0	0	0	0	0	0	0	0

61	assemblage-47-50	0	0	0	2	1	0	0	0	0	1	1	0	0	0	0	0	0	0	0	0	0	0	0	0	0	0	0	0	0	0	1040	2950	0	0	0	0	0	0	0	0	24870	0	0	0	0	0	0	0	0	0	0	0	1	0	0	0	0	0	0
61	assemblage-55-5	0	0	0	0	0	0	0	0	0	0	0	0	0	0	0	0	0	0	0	0	0	0	0	0	0	0	0	0	0	0	3744	2065	0	0	0	0	0	0	0	0	23056	0	0	0	0	0	0	0	0	0	0	0	0	0	0	0	0	0	0
61	assemblage-33-69	0	0	0	0	0	0	0	0	5141	0	0	0	0	0	0	0	0	0	0	0	0	0	0	1	0	0	0	0	0	0	0	72	0	0	5	0	0	0	0	0	0	0	0	0	0	0	0	0	0	0	0	0	0	0	0	0	0	0	0

62	assemblage-47-50	0	0	0	2	1	0	0	0	0	1	1	0	0	0	0	0	0	0	0	0	0	0	0	0	0	0	0	0	0	0	1040	2950	0	0	0	0	0	0	0	0	24870	0	0	0	0	0	0	0	0	0	0	0	1	0	0	0	0	0	0
62	assemblage-55-5	0	0	0	0	0	0	0	0	0	0	0	0	0	0	0	0	0	0	0	0	0	0	0	0	0	0	0	0	0	0	3744	2065	0	0	0	0	0	0	0	0	23056	0	0	0	0	0	0	0	0	0	0	0	0	0	0	0	0	0	0
62	assemblage-60-61	0	0	0	0	0	0	0	0	10	0	0	0	0	0	0	0	0	0	0	0	0	0	0	0	0	0	0	0	0	0	0	0	0	0	0	0	0	0	0	0	0	0	0	0	0	5209	0	0	0	0	0	0	0	0	0	0	0	0	0

63	assemblage-47-50	0	0	0	2	1	0	0	0	0	1	1	0	0	0	0	0	0	0	0	0	0	0	0	0	0	0	0	0	0	0	1040	2950	0	0	0	0	0	0	0	0	24870	0	0	0	0	0	0	0	0	0	0	0	1	0	0	0	0	0	0
63	assemblage-15-49	0	0	0	0	0	0	0	0	0	0	0	0	0	0	0	0	0	0	0	0	0	0	0	0	0	0	0	0	0	0	0	22396	0	0	0	0	0	0	0	0	6548	0	0	0	0	0	0	0	0	0	0	0	0	0	0	0	0	0	0
63	assemblage-17-26	0	0	0	0	0	0	0	0	0	0	0	0	0	0	0	0	0	0	0	0	0	0	0	0	0	0	0	0	0	0	0	27562	0	0	0	0	0	0	0	0	1366	0	0	0	0	0	16	0	0	0	0	0	0	0	0	0	0	0	0

64	assemblage-47-50	0	0	0	2	1	0	0	0	0	1	1	0	0	0	0	0	0	0	0	0	0	0	0	0	0	0	0	0	0	0	1040	2950	0	0	0	0	0	0	0	0	24870	0	0	0	0	0	0	0	0	0	0	0	1	0	0	0	0	0	0
64	assemblage-15-49	0	0	0	0	0	0	0	0	0	0	0	0	0	0	0	0	0	0	0	0	0	0	0	0	0	0	0	0	0	0	0	22396	0	0	0	0	0	0	0	0	6548	0	0	0	0	0	0	0	0	0	0	0	0	0	0	0	0	0	0
64	assemblage-33-69	0	0	0	0	0	0	0	0	5141	0	0	0	0	0	0	0	0	0	0	0	0	0	0	1	0	0	0	0	0	0	0	72	0	0	5	0	0	0	0	0	0	0	0	0	0	0	0	0	0	0	0	0	0	0	0	0	0	0	0

65	assemblage-47-50	0	0	0	2	1	0	0	0	0	1	1	0	0	0	0	0	0	0	0	0	0	0	0	0	0	0	0	0	0	0	1040	2950	0	0	0	0	0	0	0	0	24870	0	0	0	0	0	0	0	0	0	0	0	1	0	0	0	0	0	0
65	assemblage-15-49	0	0	0	0	0	0	0	0	0	0	0	0	0	0	0	0	0	0	0	0	0	0	0	0	0	0	0	0	0	0	0	22396	0	0	0	0	0	0	0	0	6548	0	0	0	0	0	0	0	0	0	0	0	0	0	0	0	0	0	0
65	assemblage-69-65	0	0	0	0	0	0	0	0	4265	0	0	0	0	0	0	0	0	0	0	0	0	0	0	0	0	119	0	0	0	0	0	634	0	0	0	0	0	0	0	0	68	0	0	0	0	133	0	0	0	0	0	0	0	0	0	0	0	0	0

66	assemblage-47-50	0	0	0	2	1	0	0	0	0	1	1	0	0	0	0	0	0	0	0	0	0	0	0	0	0	0	0	0	0	0	1040	2950	0	0	0	0	0	0	0	0	24870	0	0	0	0	0	0	0	0	0	0	0	1	0	0	0	0	0	0
66	assemblage-15-49	0	0	0	0	0	0	0	0	0	0	0	0	0	0	0	0	0	0	0	0	0	0	0	0	0	0	0	0	0	0	0	22396	0	0	0	0	0	0	0	0	6548	0	0	0	0	0	0	0	0	0	0	0	0	0	0	0	0	0	0
66	assemblage-60-61	0	0	0	0	0	0	0	0	10	0	0	0	0	0	0	0	0	0	0	0	0	0	0	0	0	0	0	0	0	0	0	0	0	0	0	0	0	0	0	0	0	0	0	0	0	5209	0	0	0	0	0	0	0	0	0	0	0	0	0

67	assemblage-28-48	0	0	0	0	0	0	0	0	0	0	0	0	0	0	0	0	0	0	0	0	0	0	0	0	0	0	0	0	0	0	1475	26840	0	0	0	0	0	0	0	0	57554	0	0	0	0	0	0	0	0	0	164	1	0	0	0	0	0	0	0
67	assemblage-61-65	0	0	0	0	0	0	0	0	0	0	0	0	0	0	0	0	0	0	0	0	0	0	0	0	0	0	4	0	0	0	33	17142	0	0	0	0	0	0	0	0	11046	0	0	0	0	0	0	0	0	0	0	0	0	0	0	0	0	0	0
67	assemblage-17-26	0	0	0	0	0	0	0	0	0	0	0	0	0	0	0	0	0	0	0	0	0	0	0	0	0	0	0	0	0	0	0	27562	0	0	0	0	0	0	0	0	1366	0	0	0	0	0	16	0	0	0	0	0	0	0	0	0	0	0	0

68	assemblage-28-48	0	0	0	0	0	0	0	0	0	0	0	0	0	0	0	0	0	0	0	0	0	0	0	0	0	0	0	0	0	0	1475	26840	0	0	0	0	0	0	0	0	57554	0	0	0	0	0	0	0	0	0	164	1	0	0	0	0	0	0	0
68	assemblage-31-23	0	0	0	0	0	0	0	0	4528	0	0	0	0	0	0	0	0	0	0	0	0	0	0	0	0	0	0	0	0	0	0	23190	0	0	0	0	0	0	0	0	31602	0	0	0	0	262	0	0	0	1	49	0	0	0	0	0	0	0	0
68	assemblage-17-26	0	0	0	0	0	0	0	0	0	0	0	0	0	0	0	0	0	0	0	0	0	0	0	0	0	0	0	0	0	0	0	27562	0	0	0	0	0	0	0	0	1366	0	0	0	0	0	16	0	0	0	0	0	0	0	0	0	0	0	0

69	assemblage-28-48	0	0	0	0	0	0	0	0	0	0	0	0	0	0	0	0	0	0	0	0	0	0	0	0	0	0	0	0	0	0	1475	26840	0	0	0	0	0	0	0	0	57554	0	0	0	0	0	0	0	0	0	164	1	0	0	0	0	0	0	0
69	assemblage-27-51	0	0	0	0	0	0	0	0	0	0	0	0	0	0	0	0	0	0	0	0	0	0	0	0	0	0	0	0	0	0	4793	18252	0	0	0	0	0	0	0	0	34046	0	0	0	0	0	0	0	0	0	0	0	0	0	0	0	0	0	0
69	assemblage-17-26	0	0	0	0	0	0	0	0	0	0	0	0	0	0	0	0	0	0	0	0	0	0	0	0	0	0	0	0	0	0	0	27562	0	0	0	0	0	0	0	0	1366	0	0	0	0	0	16	0	0	0	0	0	0	0	0	0	0	0	0

70	assemblage-28-48	0	0	0	0	0	0	0	0	0	0	0	0	0	0	0	0	0	0	0	0	0	0	0	0	0	0	0	0	0	0	1475	26840	0	0	0	0	0	0	0	0	57554	0	0	0	0	0	0	0	0	0	164	1	0	0	0	0	0	0	0
70	assemblage-27-51	0	0	0	0	0	0	0	0	0	0	0	0	0	0	0	0	0	0	0	0	0	0	0	0	0	0	0	0	0	0	4793	18252	0	0	0	0	0	0	0	0	34046	0	0	0	0	0	0	0	0	0	0	0	0	0	0	0	0	0	0
70	assemblage-61-65	0	0	0	0	0	0	0	0	0	0	0	0	0	0	0	0	0	0	0	0	0	0	0	0	0	0	4	0	0	0	33	17142	0	0	0	0	0	0	0	0	11046	0	0	0	0	0	0	0	0	0	0	0	0	0	0	0	0	0	0

71	assemblage-28-48	0	0	0	0	0	0	0	0	0	0	0	0	0	0	0	0	0	0	0	0	0	0	0	0	0	0	0	0	0	0	1475	26840	0	0	0	0	0	0	0	0	57554	0	0	0	0	0	0	0	0	0	164	1	0	0	0	0	0	0	0
71	assemblage-53-62	288	0	0	0	0	0	0	0	1570	0	0	0	0	0	0	0	0	0	0	0	0	0	0	0	0	86	0	0	0	0	0	939	0	0	0	0	0	0	0	0	2194	0	0	0	0	141	0	0	0	0	0	0	0	0	0	0	0	0	0
71	assemblage-33-69	0	0	0	0	0	0	0	0	5141	0	0	0	0	0	0	0	0	0	0	0	0	0	0	1	0	0	0	0	0	0	0	72	0	0	5	0	0	0	0	0	0	0	0	0	0	0	0	0	0	0	0	0	0	0	0	0	0	0	0

72	assemblage-28-48	0	0	0	0	0	0	0	0	0	0	0	0	0	0	0	0	0	0	0	0	0	0	0	0	0	0	0	0	0	0	1475	26840	0	0	0	0	0	0	0	0	57554	0	0	0	0	0	0	0	0	0	164	1	0	0	0	0	0	0	0
72	assemblage-69-65	0	0	0	0	0	0	0	0	4265	0	0	0	0	0	0	0	0	0	0	0	0	0	0	0	0	119	0	0	0	0	0	634	0	0	0	0	0	0	0	0	68	0	0	0	0	133	0	0	0	0	0	0	0	0	0	0	0	0	0
72	assemblage-33-69	0	0	0	0	0	0	0	0	5141	0	0	0	0	0	0	0	0	0	0	0	0	0	0	1	0	0	0	0	0	0	0	72	0	0	5	0	0	0	0	0	0	0	0	0	0	0	0	0	0	0	0	0	0	0	0	0	0	0	0

73	assemblage-28-48	0	0	0	0	0	0	0	0	0	0	0	0	0	0	0	0	0	0	0	0	0	0	0	0	0	0	0	0	0	0	1475	26840	0	0	0	0	0	0	0	0	57554	0	0	0	0	0	0	0	0	0	164	1	0	0	0	0	0	0	0
73	assemblage-55-5	0	0	0	0	0	0	0	0	0	0	0	0	0	0	0	0	0	0	0	0	0	0	0	0	0	0	0	0	0	0	3744	2065	0	0	0	0	0	0	0	0	23056	0	0	0	0	0	0	0	0	0	0	0	0	0	0	0	0	0	0
73	assemblage-33-69	0	0	0	0	0	0	0	0	5141	0	0	0	0	0	0	0	0	0	0	0	0	0	0	1	0	0	0	0	0	0	0	72	0	0	5	0	0	0	0	0	0	0	0	0	0	0	0	0	0	0	0	0	0	0	0	0	0	0	0

74	assemblage-28-48	0	0	0	0	0	0	0	0	0	0	0	0	0	0	0	0	0	0	0	0	0	0	0	0	0	0	0	0	0	0	1475	26840	0	0	0	0	0	0	0	0	57554	0	0	0	0	0	0	0	0	0	164	1	0	0	0	0	0	0	0
74	assemblage-55-5	0	0	0	0	0	0	0	0	0	0	0	0	0	0	0	0	0	0	0	0	0	0	0	0	0	0	0	0	0	0	3744	2065	0	0	0	0	0	0	0	0	23056	0	0	0	0	0	0	0	0	0	0	0	0	0	0	0	0	0	0
74	assemblage-60-61	0	0	0	0	0	0	0	0	10	0	0	0	0	0	0	0	0	0	0	0	0	0	0	0	0	0	0	0	0	0	0	0	0	0	0	0	0	0	0	0	0	0	0	0	0	5209	0	0	0	0	0	0	0	0	0	0	0	0	0

75	assemblage-28-48	0	0	0	0	0	0	0	0	0	0	0	0	0	0	0	0	0	0	0	0	0	0	0	0	0	0	0	0	0	0	1475	26840	0	0	0	0	0	0	0	0	57554	0	0	0	0	0	0	0	0	0	164	1	0	0	0	0	0	0	0
75	assemblage-15-49	0	0	0	0	0	0	0	0	0	0	0	0	0	0	0	0	0	0	0	0	0	0	0	0	0	0	0	0	0	0	0	22396	0	0	0	0	0	0	0	0	6548	0	0	0	0	0	0	0	0	0	0	0	0	0	0	0	0	0	0
75	assemblage-17-26	0	0	0	0	0	0	0	0	0	0	0	0	0	0	0	0	0	0	0	0	0	0	0	0	0	0	0	0	0	0	0	27562	0	0	0	0	0	0	0	0	1366	0	0	0	0	0	16	0	0	0	0	0	0	0	0	0	0	0	0

76	assemblage-28-48	0	0	0	0	0	0	0	0	0	0	0	0	0	0	0	0	0	0	0	0	0	0	0	0	0	0	0	0	0	0	1475	26840	0	0	0	0	0	0	0	0	57554	0	0	0	0	0	0	0	0	0	164	1	0	0	0	0	0	0	0
76	assemblage-15-49	0	0	0	0	0	0	0	0	0	0	0	0	0	0	0	0	0	0	0	0	0	0	0	0	0	0	0	0	0	0	0	22396	0	0	0	0	0	0	0	0	6548	0	0	0	0	0	0	0	0	0	0	0	0	0	0	0	0	0	0
76	assemblage-33-69	0	0	0	0	0	0	0	0	5141	0	0	0	0	0	0	0	0	0	0	0	0	0	0	1	0	0	0	0	0	0	0	72	0	0	5	0	0	0	0	0	0	0	0	0	0	0	0	0	0	0	0	0	0	0	0	0	0	0	0

77	assemblage-28-48	0	0	0	0	0	0	0	0	0	0	0	0	0	0	0	0	0	0	0	0	0	0	0	0	0	0	0	0	0	0	1475	26840	0	0	0	0	0	0	0	0	57554	0	0	0	0	0	0	0	0	0	164	1	0	0	0	0	0	0	0
77	assemblage-15-49	0	0	0	0	0	0	0	0	0	0	0	0	0	0	0	0	0	0	0	0	0	0	0	0	0	0	0	0	0	0	0	22396	0	0	0	0	0	0	0	0	6548	0	0	0	0	0	0	0	0	0	0	0	0	0	0	0	0	0	0
77	assemblage-69-65	0	0	0	0	0	0	0	0	4265	0	0	0	0	0	0	0	0	0	0	0	0	0	0	0	0	119	0	0	0	0	0	634	0	0	0	0	0	0	0	0	68	0	0	0	0	133	0	0	0	0	0	0	0	0	0	0	0	0	0

78	assemblage-28-48	0	0	0	0	0	0	0	0	0	0	0	0	0	0	0	0	0	0	0	0	0	0	0	0	0	0	0	0	0	0	1475	26840	0	0	0	0	0	0	0	0	57554	0	0	0	0	0	0	0	0	0	164	1	0	0	0	0	0	0	0
78	assemblage-15-49	0	0	0	0	0	0	0	0	0	0	0	0	0	0	0	0	0	0	0	0	0	0	0	0	0	0	0	0	0	0	0	22396	0	0	0	0	0	0	0	0	6548	0	0	0	0	0	0	0	0	0	0	0	0	0	0	0	0	0	0
78	assemblage-60-61	0	0	0	0	0	0	0	0	10	0	0	0	0	0	0	0	0	0	0	0	0	0	0	0	0	0	0	0	0	0	0	0	0	0	0	0	0	0	0	0	0	0	0	0	0	5209	0	0	0	0	0	0	0	0	0	0	0	0	0

79	assemblage-28-48	0	0	0	0	0	0	0	0	0	0	0	0	0	0	0	0	0	0	0	0	0	0	0	0	0	0	0	0	0	0	1475	26840	0	0	0	0	0	0	0	0	57554	0	0	0	0	0	0	0	0	0	164	1	0	0	0	0	0	0	0
79	assemblage-47-50	0	0	0	2	1	0	0	0	0	1	1	0	0	0	0	0	0	0	0	0	0	0	0	0	0	0	0	0	0	0	1040	2950	0	0	0	0	0	0	0	0	24870	0	0	0	0	0	0	0	0	0	0	0	1	0	0	0	0	0	0
79	assemblage-33-69	0	0	0	0	0	0	0	0	5141	0	0	0	0	0	0	0	0	0	0	0	0	0	0	1	0	0	0	0	0	0	0	72	0	0	5	0	0	0	0	0	0	0	0	0	0	0	0	0	0	0	0	0	0	0	0	0	0	0	0

80	assemblage-28-48	0	0	0	0	0	0	0	0	0	0	0	0	0	0	0	0	0	0	0	0	0	0	0	0	0	0	0	0	0	0	1475	26840	0	0	0	0	0	0	0	0	57554	0	0	0	0	0	0	0	0	0	164	1	0	0	0	0	0	0	0
80	assemblage-47-50	0	0	0	2	1	0	0	0	0	1	1	0	0	0	0	0	0	0	0	0	0	0	0	0	0	0	0	0	0	0	1040	2950	0	0	0	0	0	0	0	0	24870	0	0	0	0	0	0	0	0	0	0	0	1	0	0	0	0	0	0
80	assemblage-60-61	0	0	0	0	0	0	0	0	10	0	0	0	0	0	0	0	0	0	0	0	0	0	0	0	0	0	0	0	0	0	0	0	0	0	0	0	0	0	0	0	0	0	0	0	0	5209	0	0	0	0	0	0	0	0	0	0	0	0	0

81	assemblage-28-48	0	0	0	0	0	0	0	0	0	0	0	0	0	0	0	0	0	0	0	0	0	0	0	0	0	0	0	0	0	0	1475	26840	0	0	0	0	0	0	0	0	57554	0	0	0	0	0	0	0	0	0	164	1	0	0	0	0	0	0	0
81	assemblage-47-50	0	0	0	2	1	0	0	0	0	1	1	0	0	0	0	0	0	0	0	0	0	0	0	0	0	0	0	0	0	0	1040	2950	0	0	0	0	0	0	0	0	24870	0	0	0	0	0	0	0	0	0	0	0	1	0	0	0	0	0	0
81	assemblage-55-5	0	0	0	0	0	0	0	0	0	0	0	0	0	0	0	0	0	0	0	0	0	0	0	0	0	0	0	0	0	0	3744	2065	0	0	0	0	0	0	0	0	23056	0	0	0	0	0	0	0	0	0	0	0	0	0	0	0	0	0	0

82	assemblage-29-52	0	0	0	0	0	0	0	0	0	0	0	0	0	0	0	0	0	0	0	0	1	0	0	0	0	0	0	0	0	0	788	7	0	0	0	0	0	0	0	0	28070	0	0	0	0	0	0	0	0	0	0	0	0	0	0	0	0	0	0
82	assemblage-61-65	0	0	0	0	0	0	0	0	0	0	0	0	0	0	0	0	0	0	0	0	0	0	0	0	0	0	4	0	0	0	33	17142	0	0	0	0	0	0	0	0	11046	0	0	0	0	0	0	0	0	0	0	0	0	0	0	0	0	0	0
82	assemblage-17-26	0	0	0	0	0	0	0	0	0	0	0	0	0	0	0	0	0	0	0	0	0	0	0	0	0	0	0	0	0	0	0	27562	0	0	0	0	0	0	0	0	1366	0	0	0	0	0	16	0	0	0	0	0	0	0	0	0	0	0	0

83	assemblage-29-52	0	0	0	0	0	0	0	0	0	0	0	0	0	0	0	0	0	0	0	0	1	0	0	0	0	0	0	0	0	0	788	7	0	0	0	0	0	0	0	0	28070	0	0	0	0	0	0	0	0	0	0	0	0	0	0	0	0	0	0
83	assemblage-31-23	0	0	0	0	0	0	0	0	4528	0	0	0	0	0	0	0	0	0	0	0	0	0	0	0	0	0	0	0	0	0	0	23190	0	0	0	0	0	0	0	0	31602	0	0	0	0	262	0	0	0	1	49	0	0	0	0	0	0	0	0
83	assemblage-17-26	0	0	0	0	0	0	0	0	0	0	0	0	0	0	0	0	0	0	0	0	0	0	0	0	0	0	0	0	0	0	0	27562	0	0	0	0	0	0	0	0	1366	0	0	0	0	0	16	0	0	0	0	0	0	0	0	0	0	0	0

84	assemblage-29-52	0	0	0	0	0	0	0	0	0	0	0	0	0	0	0	0	0	0	0	0	1	0	0	0	0	0	0	0	0	0	788	7	0	0	0	0	0	0	0	0	28070	0	0	0	0	0	0	0	0	0	0	0	0	0	0	0	0	0	0
84	assemblage-27-51	0	0	0	0	0	0	0	0	0	0	0	0	0	0	0	0	0	0	0	0	0	0	0	0	0	0	0	0	0	0	4793	18252	0	0	0	0	0	0	0	0	34046	0	0	0	0	0	0	0	0	0	0	0	0	0	0	0	0	0	0
84	assemblage-17-26	0	0	0	0	0	0	0	0	0	0	0	0	0	0	0	0	0	0	0	0	0	0	0	0	0	0	0	0	0	0	0	27562	0	0	0	0	0	0	0	0	1366	0	0	0	0	0	16	0	0	0	0	0	0	0	0	0	0	0	0

85	assemblage-29-52	0	0	0	0	0	0	0	0	0	0	0	0	0	0	0	0	0	0	0	0	1	0	0	0	0	0	0	0	0	0	788	7	0	0	0	0	0	0	0	0	28070	0	0	0	0	0	0	0	0	0	0	0	0	0	0	0	0	0	0
85	assemblage-27-51	0	0	0	0	0	0	0	0	0	0	0	0	0	0	0	0	0	0	0	0	0	0	0	0	0	0	0	0	0	0	4793	18252	0	0	0	0	0	0	0	0	34046	0	0	0	0	0	0	0	0	0	0	0	0	0	0	0	0	0	0
85	assemblage-61-65	0	0	0	0	0	0	0	0	0	0	0	0	0	0	0	0	0	0	0	0	0	0	0	0	0	0	4	0	0	0	33	17142	0	0	0	0	0	0	0	0	11046	0	0	0	0	0	0	0	0	0	0	0	0	0	0	0	0	0	0

86	assemblage-29-52	0	0	0	0	0	0	0	0	0	0	0	0	0	0	0	0	0	0	0	0	1	0	0	0	0	0	0	0	0	0	788	7	0	0	0	0	0	0	0	0	28070	0	0	0	0	0	0	0	0	0	0	0	0	0	0	0	0	0	0
86	assemblage-27-51	0	0	0	0	0	0	0	0	0	0	0	0	0	0	0	0	0	0	0	0	0	0	0	0	0	0	0	0	0	0	4793	18252	0	0	0	0	0	0	0	0	34046	0	0	0	0	0	0	0	0	0	0	0	0	0	0	0	0	0	0
86	assemblage-31-23	0	0	0	0	0	0	0	0	4528	0	0	0	0	0	0	0	0	0	0	0	0	0	0	0	0	0	0	0	0	0	0	23190	0	0	0	0	0	0	0	0	31602	0	0	0	0	262	0	0	0	1	49	0	0	0	0	0	0	0	0

87	assemblage-29-52	0	0	0	0	0	0	0	0	0	0	0	0	0	0	0	0	0	0	0	0	1	0	0	0	0	0	0	0	0	0	788	7	0	0	0	0	0	0	0	0	28070	0	0	0	0	0	0	0	0	0	0	0	0	0	0	0	0	0	0
87	assemblage-53-62	288	0	0	0	0	0	0	0	1570	0	0	0	0	0	0	0	0	0	0	0	0	0	0	0	0	86	0	0	0	0	0	939	0	0	0	0	0	0	0	0	2194	0	0	0	0	141	0	0	0	0	0	0	0	0	0	0	0	0	0
87	assemblage-17-26	0	0	0	0	0	0	0	0	0	0	0	0	0	0	0	0	0	0	0	0	0	0	0	0	0	0	0	0	0	0	0	27562	0	0	0	0	0	0	0	0	1366	0	0	0	0	0	16	0	0	0	0	0	0	0	0	0	0	0	0

88	assemblage-29-52	0	0	0	0	0	0	0	0	0	0	0	0	0	0	0	0	0	0	0	0	1	0	0	0	0	0	0	0	0	0	788	7	0	0	0	0	0	0	0	0	28070	0	0	0	0	0	0	0	0	0	0	0	0	0	0	0	0	0	0
88	assemblage-53-62	288	0	0	0	0	0	0	0	1570	0	0	0	0	0	0	0	0	0	0	0	0	0	0	0	0	86	0	0	0	0	0	939	0	0	0	0	0	0	0	0	2194	0	0	0	0	141	0	0	0	0	0	0	0	0	0	0	0	0	0
88	assemblage-33-69	0	0	0	0	0	0	0	0	5141	0	0	0	0	0	0	0	0	0	0	0	0	0	0	1	0	0	0	0	0	0	0	72	0	0	5	0	0	0	0	0	0	0	0	0	0	0	0	0	0	0	0	0	0	0	0	0	0	0	0

89	assemblage-29-52	0	0	0	0	0	0	0	0	0	0	0	0	0	0	0	0	0	0	0	0	1	0	0	0	0	0	0	0	0	0	788	7	0	0	0	0	0	0	0	0	28070	0	0	0	0	0	0	0	0	0	0	0	0	0	0	0	0	0	0
89	assemblage-69-65	0	0	0	0	0	0	0	0	4265	0	0	0	0	0	0	0	0	0	0	0	0	0	0	0	0	119	0	0	0	0	0	634	0	0	0	0	0	0	0	0	68	0	0	0	0	133	0	0	0	0	0	0	0	0	0	0	0	0	0
89	assemblage-33-69	0	0	0	0	0	0	0	0	5141	0	0	0	0	0	0	0	0	0	0	0	0	0	0	1	0	0	0	0	0	0	0	72	0	0	5	0	0	0	0	0	0	0	0	0	0	0	0	0	0	0	0	0	0	0	0	0	0	0	0

90	assemblage-29-52	0	0	0	0	0	0	0	0	0	0	0	0	0	0	0	0	0	0	0	0	1	0	0	0	0	0	0	0	0	0	788	7	0	0	0	0	0	0	0	0	28070	0	0	0	0	0	0	0	0	0	0	0	0	0	0	0	0	0	0
90	assemblage-55-5	0	0	0	0	0	0	0	0	0	0	0	0	0	0	0	0	0	0	0	0	0	0	0	0	0	0	0	0	0	0	3744	2065	0	0	0	0	0	0	0	0	23056	0	0	0	0	0	0	0	0	0	0	0	0	0	0	0	0	0	0
90	assemblage-17-26	0	0	0	0	0	0	0	0	0	0	0	0	0	0	0	0	0	0	0	0	0	0	0	0	0	0	0	0	0	0	0	27562	0	0	0	0	0	0	0	0	1366	0	0	0	0	0	16	0	0	0	0	0	0	0	0	0	0	0	0

91	assemblage-29-52	0	0	0	0	0	0	0	0	0	0	0	0	0	0	0	0	0	0	0	0	1	0	0	0	0	0	0	0	0	0	788	7	0	0	0	0	0	0	0	0	28070	0	0	0	0	0	0	0	0	0	0	0	0	0	0	0	0	0	0
91	assemblage-55-5	0	0	0	0	0	0	0	0	0	0	0	0	0	0	0	0	0	0	0	0	0	0	0	0	0	0	0	0	0	0	3744	2065	0	0	0	0	0	0	0	0	23056	0	0	0	0	0	0	0	0	0	0	0	0	0	0	0	0	0	0
91	assemblage-61-65	0	0	0	0	0	0	0	0	0	0	0	0	0	0	0	0	0	0	0	0	0	0	0	0	0	0	4	0	0	0	33	17142	0	0	0	0	0	0	0	0	11046	0	0	0	0	0	0	0	0	0	0	0	0	0	0	0	0	0	0

92	assemblage-29-52	0	0	0	0	0	0	0	0	0	0	0	0	0	0	0	0	0	0	0	0	1	0	0	0	0	0	0	0	0	0	788	7	0	0	0	0	0	0	0	0	28070	0	0	0	0	0	0	0	0	0	0	0	0	0	0	0	0	0	0
92	assemblage-55-5	0	0	0	0	0	0	0	0	0	0	0	0	0	0	0	0	0	0	0	0	0	0	0	0	0	0	0	0	0	0	3744	2065	0	0	0	0	0	0	0	0	23056	0	0	0	0	0	0	0	0	0	0	0	0	0	0	0	0	0	0
92	assemblage-31-23	0	0	0	0	0	0	0	0	4528	0	0	0	0	0	0	0	0	0	0	0	0	0	0	0	0	0	0	0	0	0	0	23190	0	0	0	0	0	0	0	0	31602	0	0	0	0	262	0	0	0	1	49	0	0	0	0	0	0	0	0

93	assemblage-29-52	0	0	0	0	0	0	0	0	0	0	0	0	0	0	0	0	0	0	0	0	1	0	0	0	0	0	0	0	0	0	788	7	0	0	0	0	0	0	0	0	28070	0	0	0	0	0	0	0	0	0	0	0	0	0	0	0	0	0	0
93	assemblage-55-5	0	0	0	0	0	0	0	0	0	0	0	0	0	0	0	0	0	0	0	0	0	0	0	0	0	0	0	0	0	0	3744	2065	0	0	0	0	0	0	0	0	23056	0	0	0	0	0	0	0	0	0	0	0	0	0	0	0	0	0	0
93	assemblage-27-51	0	0	0	0	0	0	0	0	0	0	0	0	0	0	0	0	0	0	0	0	0	0	0	0	0	0	0	0	0	0	4793	18252	0	0	0	0	0	0	0	0	34046	0	0	0	0	0	0	0	0	0	0	0	0	0	0	0	0	0	0

94	assemblage-29-52	0	0	0	0	0	0	0	0	0	0	0	0	0	0	0	0	0	0	0	0	1	0	0	0	0	0	0	0	0	0	788	7	0	0	0	0	0	0	0	0	28070	0	0	0	0	0	0	0	0	0	0	0	0	0	0	0	0	0	0
94	assemblage-55-5	0	0	0	0	0	0	0	0	0	0	0	0	0	0	0	0	0	0	0	0	0	0	0	0	0	0	0	0	0	0	3744	2065	0	0	0	0	0	0	0	0	23056	0	0	0	0	0	0	0	0	0	0	0	0	0	0	0	0	0	0
94	assemblage-33-69	0	0	0	0	0	0	0	0	5141	0	0	0	0	0	0	0	0	0	0	0	0	0	0	1	0	0	0	0	0	0	0	72	0	0	5	0	0	0	0	0	0	0	0	0	0	0	0	0	0	0	0	0	0	0	0	0	0	0	0

95	assemblage-29-52	0	0	0	0	0	0	0	0	0	0	0	0	0	0	0	0	0	0	0	0	1	0	0	0	0	0	0	0	0	0	788	7	0	0	0	0	0	0	0	0	28070	0	0	0	0	0	0	0	0	0	0	0	0	0	0	0	0	0	0
95	assemblage-55-5	0	0	0	0	0	0	0	0	0	0	0	0	0	0	0	0	0	0	0	0	0	0	0	0	0	0	0	0	0	0	3744	2065	0	0	0	0	0	0	0	0	23056	0	0	0	0	0	0	0	0	0	0	0	0	0	0	0	0	0	0
95	assemblage-53-62	288	0	0	0	0	0	0	0	1570	0	0	0	0	0	0	0	0	0	0	0	0	0	0	0	0	86	0	0	0	0	0	939	0	0	0	0	0	0	0	0	2194	0	0	0	0	141	0	0	0	0	0	0	0	0	0	0	0	0	0

96	assemblage-29-52	0	0	0	0	0	0	0	0	0	0	0	0	0	0	0	0	0	0	0	0	1	0	0	0	0	0	0	0	0	0	788	7	0	0	0	0	0	0	0	0	28070	0	0	0	0	0	0	0	0	0	0	0	0	0	0	0	0	0	0
96	assemblage-55-5	0	0	0	0	0	0	0	0	0	0	0	0	0	0	0	0	0	0	0	0	0	0	0	0	0	0	0	0	0	0	3744	2065	0	0	0	0	0	0	0	0	23056	0	0	0	0	0	0	0	0	0	0	0	0	0	0	0	0	0	0
96	assemblage-69-65	0	0	0	0	0	0	0	0	4265	0	0	0	0	0	0	0	0	0	0	0	0	0	0	0	0	119	0	0	0	0	0	634	0	0	0	0	0	0	0	0	68	0	0	0	0	133	0	0	0	0	0	0	0	0	0	0	0	0	0

97	assemblage-29-52	0	0	0	0	0	0	0	0	0	0	0	0	0	0	0	0	0	0	0	0	1	0	0	0	0	0	0	0	0	0	788	7	0	0	0	0	0	0	0	0	28070	0	0	0	0	0	0	0	0	0	0	0	0	0	0	0	0	0	0
97	assemblage-55-5	0	0	0	0	0	0	0	0	0	0	0	0	0	0	0	0	0	0	0	0	0	0	0	0	0	0	0	0	0	0	3744	2065	0	0	0	0	0	0	0	0	23056	0	0	0	0	0	0	0	0	0	0	0	0	0	0	0	0	0	0
97	assemblage-60-61	0	0	0	0	0	0	0	0	10	0	0	0	0	0	0	0	0	0	0	0	0	0	0	0	0	0	0	0	0	0	0	0	0	0	0	0	0	0	0	0	0	0	0	0	0	5209	0	0	0	0	0	0	0	0	0	0	0	0	0

98	assemblage-29-52	0	0	0	0	0	0	0	0	0	0	0	0	0	0	0	0	0	0	0	0	1	0	0	0	0	0	0	0	0	0	788	7	0	0	0	0	0	0	0	0	28070	0	0	0	0	0	0	0	0	0	0	0	0	0	0	0	0	0	0
98	assemblage-15-49	0	0	0	0	0	0	0	0	0	0	0	0	0	0	0	0	0	0	0	0	0	0	0	0	0	0	0	0	0	0	0	22396	0	0	0	0	0	0	0	0	6548	0	0	0	0	0	0	0	0	0	0	0	0	0	0	0	0	0	0
98	assemblage-17-26	0	0	0	0	0	0	0	0	0	0	0	0	0	0	0	0	0	0	0	0	0	0	0	0	0	0	0	0	0	0	0	27562	0	0	0	0	0	0	0	0	1366	0	0	0	0	0	16	0	0	0	0	0	0	0	0	0	0	0	0

99	assemblage-29-52	0	0	0	0	0	0	0	0	0	0	0	0	0	0	0	0	0	0	0	0	1	0	0	0	0	0	0	0	0	0	788	7	0	0	0	0	0	0	0	0	28070	0	0	0	0	0	0	0	0	0	0	0	0	0	0	0	0	0	0
99	assemblage-15-49	0	0	0	0	0	0	0	0	0	0	0	0	0	0	0	0	0	0	0	0	0	0	0	0	0	0	0	0	0	0	0	22396	0	0	0	0	0	0	0	0	6548	0	0	0	0	0	0	0	0	0	0	0	0	0	0	0	0	0	0
99	assemblage-33-69	0	0	0	0	0	0	0	0	5141	0	0	0	0	0	0	0	0	0	0	0	0	0	0	1	0	0	0	0	0	0	0	72	0	0	5	0	0	0	0	0	0	0	0	0	0	0	0	0	0	0	0	0	0	0	0	0	0	0	0

100	assemblage-29-52	0	0	0	0	0	0	0	0	0	0	0	0	0	0	0	0	0	0	0	0	1	0	0	0	0	0	0	0	0	0	788	7	0	0	0	0	0	0	0	0	28070	0	0	0	0	0	0	0	0	0	0	0	0	0	0	0	0	0	0
100	assemblage-15-49	0	0	0	0	0	0	0	0	0	0	0	0	0	0	0	0	0	0	0	0	0	0	0	0	0	0	0	0	0	0	0	22396	0	0	0	0	0	0	0	0	6548	0	0	0	0	0	0	0	0	0	0	0	0	0	0	0	0	0	0
100	assemblage-69-65	0	0	0	0	0	0	0	0	4265	0	0	0	0	0	0	0	0	0	0	0	0	0	0	0	0	119	0	0	0	0	0	634	0	0	0	0	0	0	0	0	68	0	0	0	0	133	0	0	0	0	0	0	0	0	0	0	0	0	0

101	assemblage-29-52	0	0	0	0	0	0	0	0	0	0	0	0	0	0	0	0	0	0	0	0	1	0	0	0	0	0	0	0	0	0	788	7	0	0	0	0	0	0	0	0	28070	0	0	0	0	0	0	0	0	0	0	0	0	0	0	0	0	0	0
101	assemblage-15-49	0	0	0	0	0	0	0	0	0	0	0	0	0	0	0	0	0	0	0	0	0	0	0	0	0	0	0	0	0	0	0	22396	0	0	0	0	0	0	0	0	6548	0	0	0	0	0	0	0	0	0	0	0	0	0	0	0	0	0	0
101	assemblage-60-61	0	0	0	0	0	0	0	0	10	0	0	0	0	0	0	0	0	0	0	0	0	0	0	0	0	0	0	0	0	0	0	0	0	0	0	0	0	0	0	0	0	0	0	0	0	5209	0	0	0	0	0	0	0	0	0	0	0	0	0

102	assemblage-29-52	0	0	0	0	0	0	0	0	0	0	0	0	0	0	0	0	0	0	0	0	1	0	0	0	0	0	0	0	0	0	788	7	0	0	0	0	0	0	0	0	28070	0	0	0	0	0	0	0	0	0	0	0	0	0	0	0	0	0	0
102	assemblage-47-50	0	0	0	2	1	0	0	0	0	1	1	0	0	0	0	0	0	0	0	0	0	0	0	0	0	0	0	0	0	0	1040	2950	0	0	0	0	0	0	0	0	24870	0	0	0	0	0	0	0	0	0	0	0	1	0	0	0	0	0	0
102	assemblage-17-26	0	0	0	0	0	0	0	0	0	0	0	0	0	0	0	0	0	0	0	0	0	0	0	0	0	0	0	0	0	0	0	27562	0	0	0	0	0	0	0	0	1366	0	0	0	0	0	16	0	0	0	0	0	0	0	0	0	0	0	0

103	assemblage-29-52	0	0	0	0	0	0	0	0	0	0	0	0	0	0	0	0	0	0	0	0	1	0	0	0	0	0	0	0	0	0	788	7	0	0	0	0	0	0	0	0	28070	0	0	0	0	0	0	0	0	0	0	0	0	0	0	0	0	0	0
103	assemblage-47-50	0	0	0	2	1	0	0	0	0	1	1	0	0	0	0	0	0	0	0	0	0	0	0	0	0	0	0	0	0	0	1040	2950	0	0	0	0	0	0	0	0	24870	0	0	0	0	0	0	0	0	0	0	0	1	0	0	0	0	0	0
103	assemblage-61-65	0	0	0	0	0	0	0	0	0	0	0	0	0	0	0	0	0	0	0	0	0	0	0	0	0	0	4	0	0	0	33	17142	0	0	0	0	0	0	0	0	11046	0	0	0	0	0	0	0	0	0	0	0	0	0	0	0	0	0	0

104	assemblage-29-52	0	0	0	0	0	0	0	0	0	0	0	0	0	0	0	0	0	0	0	0	1	0	0	0	0	0	0	0	0	0	788	7	0	0	0	0	0	0	0	0	28070	0	0	0	0	0	0	0	0	0	0	0	0	0	0	0	0	0	0
104	assemblage-47-50	0	0	0	2	1	0	0	0	0	1	1	0	0	0	0	0	0	0	0	0	0	0	0	0	0	0	0	0	0	0	1040	2950	0	0	0	0	0	0	0	0	24870	0	0	0	0	0	0	0	0	0	0	0	1	0	0	0	0	0	0
104	assemblage-31-23	0	0	0	0	0	0	0	0	4528	0	0	0	0	0	0	0	0	0	0	0	0	0	0	0	0	0	0	0	0	0	0	23190	0	0	0	0	0	0	0	0	31602	0	0	0	0	262	0	0	0	1	49	0	0	0	0	0	0	0	0

105	assemblage-29-52	0	0	0	0	0	0	0	0	0	0	0	0	0	0	0	0	0	0	0	0	1	0	0	0	0	0	0	0	0	0	788	7	0	0	0	0	0	0	0	0	28070	0	0	0	0	0	0	0	0	0	0	0	0	0	0	0	0	0	0
105	assemblage-47-50	0	0	0	2	1	0	0	0	0	1	1	0	0	0	0	0	0	0	0	0	0	0	0	0	0	0	0	0	0	0	1040	2950	0	0	0	0	0	0	0	0	24870	0	0	0	0	0	0	0	0	0	0	0	1	0	0	0	0	0	0
105	assemblage-27-51	0	0	0	0	0	0	0	0	0	0	0	0	0	0	0	0	0	0	0	0	0	0	0	0	0	0	0	0	0	0	4793	18252	0	0	0	0	0	0	0	0	34046	0	0	0	0	0	0	0	0	0	0	0	0	0	0	0	0	0	0

106	assemblage-29-52	0	0	0	0	0	0	0	0	0	0	0	0	0	0	0	0	0	0	0	0	1	0	0	0	0	0	0	0	0	0	788	7	0	0	0	0	0	0	0	0	28070	0	0	0	0	0	0	0	0	0	0	0	0	0	0	0	0	0	0
106	assemblage-47-50	0	0	0	2	1	0	0	0	0	1	1	0	0	0	0	0	0	0	0	0	0	0	0	0	0	0	0	0	0	0	1040	2950	0	0	0	0	0	0	0	0	24870	0	0	0	0	0	0	0	0	0	0	0	1	0	0	0	0	0	0
106	assemblage-33-69	0	0	0	0	0	0	0	0	5141	0	0	0	0	0	0	0	0	0	0	0	0	0	0	1	0	0	0	0	0	0	0	72	0	0	5	0	0	0	0	0	0	0	0	0	0	0	0	0	0	0	0	0	0	0	0	0	0	0	0

107	assemblage-29-52	0	0	0	0	0	0	0	0	0	0	0	0	0	0	0	0	0	0	0	0	1	0	0	0	0	0	0	0	0	0	788	7	0	0	0	0	0	0	0	0	28070	0	0	0	0	0	0	0	0	0	0	0	0	0	0	0	0	0	0
107	assemblage-47-50	0	0	0	2	1	0	0	0	0	1	1	0	0	0	0	0	0	0	0	0	0	0	0	0	0	0	0	0	0	0	1040	2950	0	0	0	0	0	0	0	0	24870	0	0	0	0	0	0	0	0	0	0	0	1	0	0	0	0	0	0
107	assemblage-53-62	288	0	0	0	0	0	0	0	1570	0	0	0	0	0	0	0	0	0	0	0	0	0	0	0	0	86	0	0	0	0	0	939	0	0	0	0	0	0	0	0	2194	0	0	0	0	141	0	0	0	0	0	0	0	0	0	0	0	0	0

108	assemblage-29-52	0	0	0	0	0	0	0	0	0	0	0	0	0	0	0	0	0	0	0	0	1	0	0	0	0	0	0	0	0	0	788	7	0	0	0	0	0	0	0	0	28070	0	0	0	0	0	0	0	0	0	0	0	0	0	0	0	0	0	0
108	assemblage-47-50	0	0	0	2	1	0	0	0	0	1	1	0	0	0	0	0	0	0	0	0	0	0	0	0	0	0	0	0	0	0	1040	2950	0	0	0	0	0	0	0	0	24870	0	0	0	0	0	0	0	0	0	0	0	1	0	0	0	0	0	0
108	assemblage-69-65	0	0	0	0	0	0	0	0	4265	0	0	0	0	0	0	0	0	0	0	0	0	0	0	0	0	119	0	0	0	0	0	634	0	0	0	0	0	0	0	0	68	0	0	0	0	133	0	0	0	0	0	0	0	0	0	0	0	0	0

109	assemblage-29-52	0	0	0	0	0	0	0	0	0	0	0	0	0	0	0	0	0	0	0	0	1	0	0	0	0	0	0	0	0	0	788	7	0	0	0	0	0	0	0	0	28070	0	0	0	0	0	0	0	0	0	0	0	0	0	0	0	0	0	0
109	assemblage-47-50	0	0	0	2	1	0	0	0	0	1	1	0	0	0	0	0	0	0	0	0	0	0	0	0	0	0	0	0	0	0	1040	2950	0	0	0	0	0	0	0	0	24870	0	0	0	0	0	0	0	0	0	0	0	1	0	0	0	0	0	0
109	assemblage-60-61	0	0	0	0	0	0	0	0	10	0	0	0	0	0	0	0	0	0	0	0	0	0	0	0	0	0	0	0	0	0	0	0	0	0	0	0	0	0	0	0	0	0	0	0	0	5209	0	0	0	0	0	0	0	0	0	0	0	0	0

110	assemblage-29-52	0	0	0	0	0	0	0	0	0	0	0	0	0	0	0	0	0	0	0	0	1	0	0	0	0	0	0	0	0	0	788	7	0	0	0	0	0	0	0	0	28070	0	0	0	0	0	0	0	0	0	0	0	0	0	0	0	0	0	0
110	assemblage-47-50	0	0	0	2	1	0	0	0	0	1	1	0	0	0	0	0	0	0	0	0	0	0	0	0	0	0	0	0	0	0	1040	2950	0	0	0	0	0	0	0	0	24870	0	0	0	0	0	0	0	0	0	0	0	1	0	0	0	0	0	0
110	assemblage-55-5	0	0	0	0	0	0	0	0	0	0	0	0	0	0	0	0	0	0	0	0	0	0	0	0	0	0	0	0	0	0	3744	2065	0	0	0	0	0	0	0	0	23056	0	0	0	0	0	0	0	0	0	0	0	0	0	0	0	0	0	0

111	assemblage-29-52	0	0	0	0	0	0	0	0	0	0	0	0	0	0	0	0	0	0	0	0	1	0	0	0	0	0	0	0	0	0	788	7	0	0	0	0	0	0	0	0	28070	0	0	0	0	0	0	0	0	0	0	0	0	0	0	0	0	0	0
111	assemblage-47-50	0	0	0	2	1	0	0	0	0	1	1	0	0	0	0	0	0	0	0	0	0	0	0	0	0	0	0	0	0	0	1040	2950	0	0	0	0	0	0	0	0	24870	0	0	0	0	0	0	0	0	0	0	0	1	0	0	0	0	0	0
111	assemblage-15-49	0	0	0	0	0	0	0	0	0	0	0	0	0	0	0	0	0	0	0	0	0	0	0	0	0	0	0	0	0	0	0	22396	0	0	0	0	0	0	0	0	6548	0	0	0	0	0	0	0	0	0	0	0	0	0	0	0	0	0	0

112	assemblage-29-52	0	0	0	0	0	0	0	0	0	0	0	0	0	0	0	0	0	0	0	0	1	0	0	0	0	0	0	0	0	0	788	7	0	0	0	0	0	0	0	0	28070	0	0	0	0	0	0	0	0	0	0	0	0	0	0	0	0	0	0
112	assemblage-28-48	0	0	0	0	0	0	0	0	0	0	0	0	0	0	0	0	0	0	0	0	0	0	0	0	0	0	0	0	0	0	1475	26840	0	0	0	0	0	0	0	0	57554	0	0	0	0	0	0	0	0	0	164	1	0	0	0	0	0	0	0
112	assemblage-17-26	0	0	0	0	0	0	0	0	0	0	0	0	0	0	0	0	0	0	0	0	0	0	0	0	0	0	0	0	0	0	0	27562	0	0	0	0	0	0	0	0	1366	0	0	0	0	0	16	0	0	0	0	0	0	0	0	0	0	0	0

113	assemblage-29-52	0	0	0	0	0	0	0	0	0	0	0	0	0	0	0	0	0	0	0	0	1	0	0	0	0	0	0	0	0	0	788	7	0	0	0	0	0	0	0	0	28070	0	0	0	0	0	0	0	0	0	0	0	0	0	0	0	0	0	0
113	assemblage-28-48	0	0	0	0	0	0	0	0	0	0	0	0	0	0	0	0	0	0	0	0	0	0	0	0	0	0	0	0	0	0	1475	26840	0	0	0	0	0	0	0	0	57554	0	0	0	0	0	0	0	0	0	164	1	0	0	0	0	0	0	0
113	assemblage-61-65	0	0	0	0	0	0	0	0	0	0	0	0	0	0	0	0	0	0	0	0	0	0	0	0	0	0	4	0	0	0	33	17142	0	0	0	0	0	0	0	0	11046	0	0	0	0	0	0	0	0	0	0	0	0	0	0	0	0	0	0

114	assemblage-29-52	0	0	0	0	0	0	0	0	0	0	0	0	0	0	0	0	0	0	0	0	1	0	0	0	0	0	0	0	0	0	788	7	0	0	0	0	0	0	0	0	28070	0	0	0	0	0	0	0	0	0	0	0	0	0	0	0	0	0	0
114	assemblage-28-48	0	0	0	0	0	0	0	0	0	0	0	0	0	0	0	0	0	0	0	0	0	0	0	0	0	0	0	0	0	0	1475	26840	0	0	0	0	0	0	0	0	57554	0	0	0	0	0	0	0	0	0	164	1	0	0	0	0	0	0	0
114	assemblage-31-23	0	0	0	0	0	0	0	0	4528	0	0	0	0	0	0	0	0	0	0	0	0	0	0	0	0	0	0	0	0	0	0	23190	0	0	0	0	0	0	0	0	31602	0	0	0	0	262	0	0	0	1	49	0	0	0	0	0	0	0	0

115	assemblage-29-52	0	0	0	0	0	0	0	0	0	0	0	0	0	0	0	0	0	0	0	0	1	0	0	0	0	0	0	0	0	0	788	7	0	0	0	0	0	0	0	0	28070	0	0	0	0	0	0	0	0	0	0	0	0	0	0	0	0	0	0
115	assemblage-28-48	0	0	0	0	0	0	0	0	0	0	0	0	0	0	0	0	0	0	0	0	0	0	0	0	0	0	0	0	0	0	1475	26840	0	0	0	0	0	0	0	0	57554	0	0	0	0	0	0	0	0	0	164	1	0	0	0	0	0	0	0
115	assemblage-33-69	0	0	0	0	0	0	0	0	5141	0	0	0	0	0	0	0	0	0	0	0	0	0	0	1	0	0	0	0	0	0	0	72	0	0	5	0	0	0	0	0	0	0	0	0	0	0	0	0	0	0	0	0	0	0	0	0	0	0	0

116	assemblage-29-52	0	0	0	0	0	0	0	0	0	0	0	0	0	0	0	0	0	0	0	0	1	0	0	0	0	0	0	0	0	0	788	7	0	0	0	0	0	0	0	0	28070	0	0	0	0	0	0	0	0	0	0	0	0	0	0	0	0	0	0
116	assemblage-28-48	0	0	0	0	0	0	0	0	0	0	0	0	0	0	0	0	0	0	0	0	0	0	0	0	0	0	0	0	0	0	1475	26840	0	0	0	0	0	0	0	0	57554	0	0	0	0	0	0	0	0	0	164	1	0	0	0	0	0	0	0
116	assemblage-53-62	288	0	0	0	0	0	0	0	1570	0	0	0	0	0	0	0	0	0	0	0	0	0	0	0	0	86	0	0	0	0	0	939	0	0	0	0	0	0	0	0	2194	0	0	0	0	141	0	0	0	0	0	0	0	0	0	0	0	0	0

117	assemblage-29-52	0	0	0	0	0	0	0	0	0	0	0	0	0	0	0	0	0	0	0	0	1	0	0	0	0	0	0	0	0	0	788	7	0	0	0	0	0	0	0	0	28070	0	0	0	0	0	0	0	0	0	0	0	0	0	0	0	0	0	0
117	assemblage-28-48	0	0	0	0	0	0	0	0	0	0	0	0	0	0	0	0	0	0	0	0	0	0	0	0	0	0	0	0	0	0	1475	26840	0	0	0	0	0	0	0	0	57554	0	0	0	0	0	0	0	0	0	164	1	0	0	0	0	0	0	0
117	assemblage-69-65	0	0	0	0	0	0	0	0	4265	0	0	0	0	0	0	0	0	0	0	0	0	0	0	0	0	119	0	0	0	0	0	634	0	0	0	0	0	0	0	0	68	0	0	0	0	133	0	0	0	0	0	0	0	0	0	0	0	0	0

118	assemblage-29-52	0	0	0	0	0	0	0	0	0	0	0	0	0	0	0	0	0	0	0	0	1	0	0	0	0	0	0	0	0	0	788	7	0	0	0	0	0	0	0	0	28070	0	0	0	0	0	0	0	0	0	0	0	0	0	0	0	0	0	0
118	assemblage-28-48	0	0	0	0	0	0	0	0	0	0	0	0	0	0	0	0	0	0	0	0	0	0	0	0	0	0	0	0	0	0	1475	26840	0	0	0	0	0	0	0	0	57554	0	0	0	0	0	0	0	0	0	164	1	0	0	0	0	0	0	0
118	assemblage-60-61	0	0	0	0	0	0	0	0	10	0	0	0	0	0	0	0	0	0	0	0	0	0	0	0	0	0	0	0	0	0	0	0	0	0	0	0	0	0	0	0	0	0	0	0	0	5209	0	0	0	0	0	0	0	0	0	0	0	0	0

119	assemblage-29-52	0	0	0	0	0	0	0	0	0	0	0	0	0	0	0	0	0	0	0	0	1	0	0	0	0	0	0	0	0	0	788	7	0	0	0	0	0	0	0	0	28070	0	0	0	0	0	0	0	0	0	0	0	0	0	0	0	0	0	0
119	assemblage-28-48	0	0	0	0	0	0	0	0	0	0	0	0	0	0	0	0	0	0	0	0	0	0	0	0	0	0	0	0	0	0	1475	26840	0	0	0	0	0	0	0	0	57554	0	0	0	0	0	0	0	0	0	164	1	0	0	0	0	0	0	0
119	assemblage-15-49	0	0	0	0	0	0	0	0	0	0	0	0	0	0	0	0	0	0	0	0	0	0	0	0	0	0	0	0	0	0	0	22396	0	0	0	0	0	0	0	0	6548	0	0	0	0	0	0	0	0	0	0	0	0	0	0	0	0	0	0

120	assemblage-54-10	0	0	0	0	0	0	0	0	7644	0	0	0	0	0	0	0	0	0	0	1	0	0	0	0	0	0	0	0	0	0	0	12933	0	0	0	0	0	0	0	0	8286	0	0	0	0	1508	0	0	0	0	316	0	0	0	0	0	0	0	0
120	assemblage-61-65	0	0	0	0	0	0	0	0	0	0	0	0	0	0	0	0	0	0	0	0	0	0	0	0	0	0	4	0	0	0	33	17142	0	0	0	0	0	0	0	0	11046	0	0	0	0	0	0	0	0	0	0	0	0	0	0	0	0	0	0
120	assemblage-17-26	0	0	0	0	0	0	0	0	0	0	0	0	0	0	0	0	0	0	0	0	0	0	0	0	0	0	0	0	0	0	0	27562	0	0	0	0	0	0	0	0	1366	0	0	0	0	0	16	0	0	0	0	0	0	0	0	0	0	0	0

121	assemblage-54-10	0	0	0	0	0	0	0	0	7644	0	0	0	0	0	0	0	0	0	0	1	0	0	0	0	0	0	0	0	0	0	0	12933	0	0	0	0	0	0	0	0	8286	0	0	0	0	1508	0	0	0	0	316	0	0	0	0	0	0	0	0
121	assemblage-53-62	288	0	0	0	0	0	0	0	1570	0	0	0	0	0	0	0	0	0	0	0	0	0	0	0	0	86	0	0	0	0	0	939	0	0	0	0	0	0	0	0	2194	0	0	0	0	141	0	0	0	0	0	0	0	0	0	0	0	0	0
121	assemblage-33-69	0	0	0	0	0	0	0	0	5141	0	0	0	0	0	0	0	0	0	0	0	0	0	0	1	0	0	0	0	0	0	0	72	0	0	5	0	0	0	0	0	0	0	0	0	0	0	0	0	0	0	0	0	0	0	0	0	0	0	0

122	assemblage-54-10	0	0	0	0	0	0	0	0	7644	0	0	0	0	0	0	0	0	0	0	1	0	0	0	0	0	0	0	0	0	0	0	12933	0	0	0	0	0	0	0	0	8286	0	0	0	0	1508	0	0	0	0	316	0	0	0	0	0	0	0	0
122	assemblage-69-65	0	0	0	0	0	0	0	0	4265	0	0	0	0	0	0	0	0	0	0	0	0	0	0	0	0	119	0	0	0	0	0	634	0	0	0	0	0	0	0	0	68	0	0	0	0	133	0	0	0	0	0	0	0	0	0	0	0	0	0
122	assemblage-33-69	0	0	0	0	0	0	0	0	5141	0	0	0	0	0	0	0	0	0	0	0	0	0	0	1	0	0	0	0	0	0	0	72	0	0	5	0	0	0	0	0	0	0	0	0	0	0	0	0	0	0	0	0	0	0	0	0	0	0	0

123	assemblage-54-10	0	0	0	0	0	0	0	0	7644	0	0	0	0	0	0	0	0	0	0	1	0	0	0	0	0	0	0	0	0	0	0	12933	0	0	0	0	0	0	0	0	8286	0	0	0	0	1508	0	0	0	0	316	0	0	0	0	0	0	0	0
123	assemblage-15-49	0	0	0	0	0	0	0	0	0	0	0	0	0	0	0	0	0	0	0	0	0	0	0	0	0	0	0	0	0	0	0	22396	0	0	0	0	0	0	0	0	6548	0	0	0	0	0	0	0	0	0	0	0	0	0	0	0	0	0	0
123	assemblage-17-26	0	0	0	0	0	0	0	0	0	0	0	0	0	0	0	0	0	0	0	0	0	0	0	0	0	0	0	0	0	0	0	27562	0	0	0	0	0	0	0	0	1366	0	0	0	0	0	16	0	0	0	0	0	0	0	0	0	0	0	0

124	assemblage-54-10	0	0	0	0	0	0	0	0	7644	0	0	0	0	0	0	0	0	0	0	1	0	0	0	0	0	0	0	0	0	0	0	12933	0	0	0	0	0	0	0	0	8286	0	0	0	0	1508	0	0	0	0	316	0	0	0	0	0	0	0	0
124	assemblage-47-50	0	0	0	2	1	0	0	0	0	1	1	0	0	0	0	0	0	0	0	0	0	0	0	0	0	0	0	0	0	0	1040	2950	0	0	0	0	0	0	0	0	24870	0	0	0	0	0	0	0	0	0	0	0	1	0	0	0	0	0	0
124	assemblage-55-5	0	0	0	0	0	0	0	0	0	0	0	0	0	0	0	0	0	0	0	0	0	0	0	0	0	0	0	0	0	0	3744	2065	0	0	0	0	0	0	0	0	23056	0	0	0	0	0	0	0	0	0	0	0	0	0	0	0	0	0	0

125	assemblage-54-10	0	0	0	0	0	0	0	0	7644	0	0	0	0	0	0	0	0	0	0	1	0	0	0	0	0	0	0	0	0	0	0	12933	0	0	0	0	0	0	0	0	8286	0	0	0	0	1508	0	0	0	0	316	0	0	0	0	0	0	0	0
125	assemblage-28-48	0	0	0	0	0	0	0	0	0	0	0	0	0	0	0	0	0	0	0	0	0	0	0	0	0	0	0	0	0	0	1475	26840	0	0	0	0	0	0	0	0	57554	0	0	0	0	0	0	0	0	0	164	1	0	0	0	0	0	0	0
125	assemblage-55-5	0	0	0	0	0	0	0	0	0	0	0	0	0	0	0	0	0	0	0	0	0	0	0	0	0	0	0	0	0	0	3744	2065	0	0	0	0	0	0	0	0	23056	0	0	0	0	0	0	0	0	0	0	0	0	0	0	0	0	0	0

126	assemblage-54-10	0	0	0	0	0	0	0	0	7644	0	0	0	0	0	0	0	0	0	0	1	0	0	0	0	0	0	0	0	0	0	0	12933	0	0	0	0	0	0	0	0	8286	0	0	0	0	1508	0	0	0	0	316	0	0	0	0	0	0	0	0
126	assemblage-28-48	0	0	0	0	0	0	0	0	0	0	0	0	0	0	0	0	0	0	0	0	0	0	0	0	0	0	0	0	0	0	1475	26840	0	0	0	0	0	0	0	0	57554	0	0	0	0	0	0	0	0	0	164	1	0	0	0	0	0	0	0
126	assemblage-47-50	0	0	0	2	1	0	0	0	0	1	1	0	0	0	0	0	0	0	0	0	0	0	0	0	0	0	0	0	0	0	1040	2950	0	0	0	0	0	0	0	0	24870	0	0	0	0	0	0	0	0	0	0	0	1	0	0	0	0	0	0

127	assemblage-51-49	134	0	0	0	0	0	0	0	6116	0	0	0	0	0	0	1	0	0	0	0	0	0	0	0	0	90	0	0	0	0	0	9563	0	0	0	0	0	0	0	0	18996	0	0	0	0	1007	0	0	0	0	0	0	0	0	0	0	0	0	0
127	assemblage-61-65	0	0	0	0	0	0	0	0	0	0	0	0	0	0	0	0	0	0	0	0	0	0	0	0	0	0	4	0	0	0	33	17142	0	0	0	0	0	0	0	0	11046	0	0	0	0	0	0	0	0	0	0	0	0	0	0	0	0	0	0
127	assemblage-17-26	0	0	0	0	0	0	0	0	0	0	0	0	0	0	0	0	0	0	0	0	0	0	0	0	0	0	0	0	0	0	0	27562	0	0	0	0	0	0	0	0	1366	0	0	0	0	0	16	0	0	0	0	0	0	0	0	0	0	0	0

128	assemblage-51-49	134	0	0	0	0	0	0	0	6116	0	0	0	0	0	0	1	0	0	0	0	0	0	0	0	0	90	0	0	0	0	0	9563	0	0	0	0	0	0	0	0	18996	0	0	0	0	1007	0	0	0	0	0	0	0	0	0	0	0	0	0
128	assemblage-31-23	0	0	0	0	0	0	0	0	4528	0	0	0	0	0	0	0	0	0	0	0	0	0	0	0	0	0	0	0	0	0	0	23190	0	0	0	0	0	0	0	0	31602	0	0	0	0	262	0	0	0	1	49	0	0	0	0	0	0	0	0
128	assemblage-17-26	0	0	0	0	0	0	0	0	0	0	0	0	0	0	0	0	0	0	0	0	0	0	0	0	0	0	0	0	0	0	0	27562	0	0	0	0	0	0	0	0	1366	0	0	0	0	0	16	0	0	0	0	0	0	0	0	0	0	0	0

129	assemblage-51-49	134	0	0	0	0	0	0	0	6116	0	0	0	0	0	0	1	0	0	0	0	0	0	0	0	0	90	0	0	0	0	0	9563	0	0	0	0	0	0	0	0	18996	0	0	0	0	1007	0	0	0	0	0	0	0	0	0	0	0	0	0
129	assemblage-31-23	0	0	0	0	0	0	0	0	4528	0	0	0	0	0	0	0	0	0	0	0	0	0	0	0	0	0	0	0	0	0	0	23190	0	0	0	0	0	0	0	0	31602	0	0	0	0	262	0	0	0	1	49	0	0	0	0	0	0	0	0
129	assemblage-61-65	0	0	0	0	0	0	0	0	0	0	0	0	0	0	0	0	0	0	0	0	0	0	0	0	0	0	4	0	0	0	33	17142	0	0	0	0	0	0	0	0	11046	0	0	0	0	0	0	0	0	0	0	0	0	0	0	0	0	0	0

130	assemblage-51-49	134	0	0	0	0	0	0	0	6116	0	0	0	0	0	0	1	0	0	0	0	0	0	0	0	0	90	0	0	0	0	0	9563	0	0	0	0	0	0	0	0	18996	0	0	0	0	1007	0	0	0	0	0	0	0	0	0	0	0	0	0
130	assemblage-27-51	0	0	0	0	0	0	0	0	0	0	0	0	0	0	0	0	0	0	0	0	0	0	0	0	0	0	0	0	0	0	4793	18252	0	0	0	0	0	0	0	0	34046	0	0	0	0	0	0	0	0	0	0	0	0	0	0	0	0	0	0
130	assemblage-17-26	0	0	0	0	0	0	0	0	0	0	0	0	0	0	0	0	0	0	0	0	0	0	0	0	0	0	0	0	0	0	0	27562	0	0	0	0	0	0	0	0	1366	0	0	0	0	0	16	0	0	0	0	0	0	0	0	0	0	0	0

131	assemblage-51-49	134	0	0	0	0	0	0	0	6116	0	0	0	0	0	0	1	0	0	0	0	0	0	0	0	0	90	0	0	0	0	0	9563	0	0	0	0	0	0	0	0	18996	0	0	0	0	1007	0	0	0	0	0	0	0	0	0	0	0	0	0
131	assemblage-27-51	0	0	0	0	0	0	0	0	0	0	0	0	0	0	0	0	0	0	0	0	0	0	0	0	0	0	0	0	0	0	4793	18252	0	0	0	0	0	0	0	0	34046	0	0	0	0	0	0	0	0	0	0	0	0	0	0	0	0	0	0
131	assemblage-61-65	0	0	0	0	0	0	0	0	0	0	0	0	0	0	0	0	0	0	0	0	0	0	0	0	0	0	4	0	0	0	33	17142	0	0	0	0	0	0	0	0	11046	0	0	0	0	0	0	0	0	0	0	0	0	0	0	0	0	0	0

132	assemblage-51-49	134	0	0	0	0	0	0	0	6116	0	0	0	0	0	0	1	0	0	0	0	0	0	0	0	0	90	0	0	0	0	0	9563	0	0	0	0	0	0	0	0	18996	0	0	0	0	1007	0	0	0	0	0	0	0	0	0	0	0	0	0
132	assemblage-53-62	288	0	0	0	0	0	0	0	1570	0	0	0	0	0	0	0	0	0	0	0	0	0	0	0	0	86	0	0	0	0	0	939	0	0	0	0	0	0	0	0	2194	0	0	0	0	141	0	0	0	0	0	0	0	0	0	0	0	0	0
132	assemblage-33-69	0	0	0	0	0	0	0	0	5141	0	0	0	0	0	0	0	0	0	0	0	0	0	0	1	0	0	0	0	0	0	0	72	0	0	5	0	0	0	0	0	0	0	0	0	0	0	0	0	0	0	0	0	0	0	0	0	0	0	0

133	assemblage-51-49	134	0	0	0	0	0	0	0	6116	0	0	0	0	0	0	1	0	0	0	0	0	0	0	0	0	90	0	0	0	0	0	9563	0	0	0	0	0	0	0	0	18996	0	0	0	0	1007	0	0	0	0	0	0	0	0	0	0	0	0	0
133	assemblage-69-65	0	0	0	0	0	0	0	0	4265	0	0	0	0	0	0	0	0	0	0	0	0	0	0	0	0	119	0	0	0	0	0	634	0	0	0	0	0	0	0	0	68	0	0	0	0	133	0	0	0	0	0	0	0	0	0	0	0	0	0
133	assemblage-33-69	0	0	0	0	0	0	0	0	5141	0	0	0	0	0	0	0	0	0	0	0	0	0	0	1	0	0	0	0	0	0	0	72	0	0	5	0	0	0	0	0	0	0	0	0	0	0	0	0	0	0	0	0	0	0	0	0	0	0	0

134	assemblage-51-49	134	0	0	0	0	0	0	0	6116	0	0	0	0	0	0	1	0	0	0	0	0	0	0	0	0	90	0	0	0	0	0	9563	0	0	0	0	0	0	0	0	18996	0	0	0	0	1007	0	0	0	0	0	0	0	0	0	0	0	0	0
134	assemblage-15-49	0	0	0	0	0	0	0	0	0	0	0	0	0	0	0	0	0	0	0	0	0	0	0	0	0	0	0	0	0	0	0	22396	0	0	0	0	0	0	0	0	6548	0	0	0	0	0	0	0	0	0	0	0	0	0	0	0	0	0	0
134	assemblage-17-26	0	0	0	0	0	0	0	0	0	0	0	0	0	0	0	0	0	0	0	0	0	0	0	0	0	0	0	0	0	0	0	27562	0	0	0	0	0	0	0	0	1366	0	0	0	0	0	16	0	0	0	0	0	0	0	0	0	0	0	0

135	assemblage-51-49	134	0	0	0	0	0	0	0	6116	0	0	0	0	0	0	1	0	0	0	0	0	0	0	0	0	90	0	0	0	0	0	9563	0	0	0	0	0	0	0	0	18996	0	0	0	0	1007	0	0	0	0	0	0	0	0	0	0	0	0	0
135	assemblage-47-50	0	0	0	2	1	0	0	0	0	1	1	0	0	0	0	0	0	0	0	0	0	0	0	0	0	0	0	0	0	0	1040	2950	0	0	0	0	0	0	0	0	24870	0	0	0	0	0	0	0	0	0	0	0	1	0	0	0	0	0	0
135	assemblage-55-5	0	0	0	0	0	0	0	0	0	0	0	0	0	0	0	0	0	0	0	0	0	0	0	0	0	0	0	0	0	0	3744	2065	0	0	0	0	0	0	0	0	23056	0	0	0	0	0	0	0	0	0	0	0	0	0	0	0	0	0	0

136	assemblage-51-49	134	0	0	0	0	0	0	0	6116	0	0	0	0	0	0	1	0	0	0	0	0	0	0	0	0	90	0	0	0	0	0	9563	0	0	0	0	0	0	0	0	18996	0	0	0	0	1007	0	0	0	0	0	0	0	0	0	0	0	0	0
136	assemblage-28-48	0	0	0	0	0	0	0	0	0	0	0	0	0	0	0	0	0	0	0	0	0	0	0	0	0	0	0	0	0	0	1475	26840	0	0	0	0	0	0	0	0	57554	0	0	0	0	0	0	0	0	0	164	1	0	0	0	0	0	0	0
136	assemblage-17-26	0	0	0	0	0	0	0	0	0	0	0	0	0	0	0	0	0	0	0	0	0	0	0	0	0	0	0	0	0	0	0	27562	0	0	0	0	0	0	0	0	1366	0	0	0	0	0	16	0	0	0	0	0	0	0	0	0	0	0	0

137	assemblage-51-49	134	0	0	0	0	0	0	0	6116	0	0	0	0	0	0	1	0	0	0	0	0	0	0	0	0	90	0	0	0	0	0	9563	0	0	0	0	0	0	0	0	18996	0	0	0	0	1007	0	0	0	0	0	0	0	0	0	0	0	0	0
137	assemblage-28-48	0	0	0	0	0	0	0	0	0	0	0	0	0	0	0	0	0	0	0	0	0	0	0	0	0	0	0	0	0	0	1475	26840	0	0	0	0	0	0	0	0	57554	0	0	0	0	0	0	0	0	0	164	1	0	0	0	0	0	0	0
137	assemblage-61-65	0	0	0	0	0	0	0	0	0	0	0	0	0	0	0	0	0	0	0	0	0	0	0	0	0	0	4	0	0	0	33	17142	0	0	0	0	0	0	0	0	11046	0	0	0	0	0	0	0	0	0	0	0	0	0	0	0	0	0	0

138	assemblage-51-49	134	0	0	0	0	0	0	0	6116	0	0	0	0	0	0	1	0	0	0	0	0	0	0	0	0	90	0	0	0	0	0	9563	0	0	0	0	0	0	0	0	18996	0	0	0	0	1007	0	0	0	0	0	0	0	0	0	0	0	0	0
138	assemblage-28-48	0	0	0	0	0	0	0	0	0	0	0	0	0	0	0	0	0	0	0	0	0	0	0	0	0	0	0	0	0	0	1475	26840	0	0	0	0	0	0	0	0	57554	0	0	0	0	0	0	0	0	0	164	1	0	0	0	0	0	0	0
138	assemblage-27-51	0	0	0	0	0	0	0	0	0	0	0	0	0	0	0	0	0	0	0	0	0	0	0	0	0	0	0	0	0	0	4793	18252	0	0	0	0	0	0	0	0	34046	0	0	0	0	0	0	0	0	0	0	0	0	0	0	0	0	0	0

139	assemblage-51-49	134	0	0	0	0	0	0	0	6116	0	0	0	0	0	0	1	0	0	0	0	0	0	0	0	0	90	0	0	0	0	0	9563	0	0	0	0	0	0	0	0	18996	0	0	0	0	1007	0	0	0	0	0	0	0	0	0	0	0	0	0
139	assemblage-28-48	0	0	0	0	0	0	0	0	0	0	0	0	0	0	0	0	0	0	0	0	0	0	0	0	0	0	0	0	0	0	1475	26840	0	0	0	0	0	0	0	0	57554	0	0	0	0	0	0	0	0	0	164	1	0	0	0	0	0	0	0
139	assemblage-55-5	0	0	0	0	0	0	0	0	0	0	0	0	0	0	0	0	0	0	0	0	0	0	0	0	0	0	0	0	0	0	3744	2065	0	0	0	0	0	0	0	0	23056	0	0	0	0	0	0	0	0	0	0	0	0	0	0	0	0	0	0

140	assemblage-51-49	134	0	0	0	0	0	0	0	6116	0	0	0	0	0	0	1	0	0	0	0	0	0	0	0	0	90	0	0	0	0	0	9563	0	0	0	0	0	0	0	0	18996	0	0	0	0	1007	0	0	0	0	0	0	0	0	0	0	0	0	0
140	assemblage-28-48	0	0	0	0	0	0	0	0	0	0	0	0	0	0	0	0	0	0	0	0	0	0	0	0	0	0	0	0	0	0	1475	26840	0	0	0	0	0	0	0	0	57554	0	0	0	0	0	0	0	0	0	164	1	0	0	0	0	0	0	0
140	assemblage-15-49	0	0	0	0	0	0	0	0	0	0	0	0	0	0	0	0	0	0	0	0	0	0	0	0	0	0	0	0	0	0	0	22396	0	0	0	0	0	0	0	0	6548	0	0	0	0	0	0	0	0	0	0	0	0	0	0	0	0	0	0

141	assemblage-51-49	134	0	0	0	0	0	0	0	6116	0	0	0	0	0	0	1	0	0	0	0	0	0	0	0	0	90	0	0	0	0	0	9563	0	0	0	0	0	0	0	0	18996	0	0	0	0	1007	0	0	0	0	0	0	0	0	0	0	0	0	0
141	assemblage-28-48	0	0	0	0	0	0	0	0	0	0	0	0	0	0	0	0	0	0	0	0	0	0	0	0	0	0	0	0	0	0	1475	26840	0	0	0	0	0	0	0	0	57554	0	0	0	0	0	0	0	0	0	164	1	0	0	0	0	0	0	0
141	assemblage-47-50	0	0	0	2	1	0	0	0	0	1	1	0	0	0	0	0	0	0	0	0	0	0	0	0	0	0	0	0	0	0	1040	2950	0	0	0	0	0	0	0	0	24870	0	0	0	0	0	0	0	0	0	0	0	1	0	0	0	0	0	0

142	assemblage-51-49	134	0	0	0	0	0	0	0	6116	0	0	0	0	0	0	1	0	0	0	0	0	0	0	0	0	90	0	0	0	0	0	9563	0	0	0	0	0	0	0	0	18996	0	0	0	0	1007	0	0	0	0	0	0	0	0	0	0	0	0	0
142	assemblage-54-10	0	0	0	0	0	0	0	0	7644	0	0	0	0	0	0	0	0	0	0	1	0	0	0	0	0	0	0	0	0	0	0	12933	0	0	0	0	0	0	0	0	8286	0	0	0	0	1508	0	0	0	0	316	0	0	0	0	0	0	0	0
142	assemblage-17-26	0	0	0	0	0	0	0	0	0	0	0	0	0	0	0	0	0	0	0	0	0	0	0	0	0	0	0	0	0	0	0	27562	0	0	0	0	0	0	0	0	1366	0	0	0	0	0	16	0	0	0	0	0	0	0	0	0	0	0	0

143	assemblage-51-49	134	0	0	0	0	0	0	0	6116	0	0	0	0	0	0	1	0	0	0	0	0	0	0	0	0	90	0	0	0	0	0	9563	0	0	0	0	0	0	0	0	18996	0	0	0	0	1007	0	0	0	0	0	0	0	0	0	0	0	0	0
143	assemblage-54-10	0	0	0	0	0	0	0	0	7644	0	0	0	0	0	0	0	0	0	0	1	0	0	0	0	0	0	0	0	0	0	0	12933	0	0	0	0	0	0	0	0	8286	0	0	0	0	1508	0	0	0	0	316	0	0	0	0	0	0	0	0
143	assemblage-33-69	0	0	0	0	0	0	0	0	5141	0	0	0	0	0	0	0	0	0	0	0	0	0	0	1	0	0	0	0	0	0	0	72	0	0	5	0	0	0	0	0	0	0	0	0	0	0	0	0	0	0	0	0	0	0	0	0	0	0	0

144	assemblage-51-49	134	0	0	0	0	0	0	0	6116	0	0	0	0	0	0	1	0	0	0	0	0	0	0	0	0	90	0	0	0	0	0	9563	0	0	0	0	0	0	0	0	18996	0	0	0	0	1007	0	0	0	0	0	0	0	0	0	0	0	0	0
144	assemblage-54-10	0	0	0	0	0	0	0	0	7644	0	0	0	0	0	0	0	0	0	0	1	0	0	0	0	0	0	0	0	0	0	0	12933	0	0	0	0	0	0	0	0	8286	0	0	0	0	1508	0	0	0	0	316	0	0	0	0	0	0	0	0
144	assemblage-60-61	0	0	0	0	0	0	0	0	10	0	0	0	0	0	0	0	0	0	0	0	0	0	0	0	0	0	0	0	0	0	0	0	0	0	0	0	0	0	0	0	0	0	0	0	0	5209	0	0	0	0	0	0	0	0	0	0	0	0	0

145	assemblage-51-49	134	0	0	0	0	0	0	0	6116	0	0	0	0	0	0	1	0	0	0	0	0	0	0	0	0	90	0	0	0	0	0	9563	0	0	0	0	0	0	0	0	18996	0	0	0	0	1007	0	0	0	0	0	0	0	0	0	0	0	0	0
145	assemblage-54-10	0	0	0	0	0	0	0	0	7644	0	0	0	0	0	0	0	0	0	0	1	0	0	0	0	0	0	0	0	0	0	0	12933	0	0	0	0	0	0	0	0	8286	0	0	0	0	1508	0	0	0	0	316	0	0	0	0	0	0	0	0
145	assemblage-15-49	0	0	0	0	0	0	0	0	0	0	0	0	0	0	0	0	0	0	0	0	0	0	0	0	0	0	0	0	0	0	0	22396	0	0	0	0	0	0	0	0	6548	0	0	0	0	0	0	0	0	0	0	0	0	0	0	0	0	0	0

