Seriation_Number	Assemblage	881589-4513968-3	1-0-2	4315391-0-2206046	7615189-0-6811310	7615189-0-9563078	2-3-3	7615189-0-7275111	9057381-0-2	0-1-3338980	7615189-0-2092291	1-0-7158894	0-1-1	1240861-0-4	7615189-0-6819182	9314646-0-2206046	7937917-3-3	3-0-9895268	7615189-8070950-2	7615189-0-8193879	985399-0-2	3-0-1480425	2-4513968-6745780	5078583-4513968-7979611	2-4513968-3	7943172-4-0	8702025-4513968-3	2-9750565-0	3-8462156-2	5078583-4513968-3	2-4-0	2-0-2	3-0-4	3-0-2	6998671-0-2	3855138-0-2	3-315570-2206046	8574910-4-0	7615189-8459788-2092291	2-4513968-964361	5609878-0-2	1872509-0-2206046	7615189-0-2	1815904-0-2	7615189-0-4515941	5513537-0-9563078	3787830-0-2206046	3-0-2206046	5407640-3-3	7615189-0-7397176
1	assemblage-920-847	0	0	0	0	0	0	0	0	0	0	0	0	0	0	0	0	0	0	0	0	0	0	0	0	114	0	0	0	0	360	10	0	0	0	0	0	5	0	0	0	0	0	0	0	0	0	0	0	11
1	assemblage-604-776	0	0	0	0	20	0	0	0	0	0	0	0	0	0	0	0	0	0	0	0	0	0	0	202	0	0	0	0	0	0	0	0	0	0	0	0	0	0	0	0	0	267	0	0	0	0	4	0	7
1	assemblage-85-91	0	0	0	0	6	0	0	0	0	9	0	0	0	12	0	0	15	0	0	0	0	0	17	106	0	0	0	0	190	0	0	0	0	0	0	0	0	0	0	0	0	137	0	0	0	0	0	0	8

2	assemblage-920-847	0	0	0	0	0	0	0	0	0	0	0	0	0	0	0	0	0	0	0	0	0	0	0	0	114	0	0	0	0	360	10	0	0	0	0	0	5	0	0	0	0	0	0	0	0	0	0	0	11
2	assemblage-604-776	0	0	0	0	20	0	0	0	0	0	0	0	0	0	0	0	0	0	0	0	0	0	0	202	0	0	0	0	0	0	0	0	0	0	0	0	0	0	0	0	0	267	0	0	0	0	4	0	7
2	assemblage-480-533	0	0	0	0	0	0	0	0	0	0	0	0	0	0	0	0	0	0	0	0	0	0	0	55	0	0	0	0	0	0	0	0	0	0	0	0	0	0	0	0	0	426	0	0	0	0	15	0	4

3	assemblage-685-371	0	0	0	0	0	0	0	0	0	0	0	0	0	0	0	0	0	0	0	0	0	0	0	162	0	0	0	0	0	0	0	0	0	0	0	7	0	0	0	0	0	81	0	0	0	0	225	0	25
3	assemblage-604-776	0	0	0	0	20	0	0	0	0	0	0	0	0	0	0	0	0	0	0	0	0	0	0	202	0	0	0	0	0	0	0	0	0	0	0	0	0	0	0	0	0	267	0	0	0	0	4	0	7
3	assemblage-85-91	0	0	0	0	6	0	0	0	0	9	0	0	0	12	0	0	15	0	0	0	0	0	17	106	0	0	0	0	190	0	0	0	0	0	0	0	0	0	0	0	0	137	0	0	0	0	0	0	8

4	assemblage-685-371	0	0	0	0	0	0	0	0	0	0	0	0	0	0	0	0	0	0	0	0	0	0	0	162	0	0	0	0	0	0	0	0	0	0	0	7	0	0	0	0	0	81	0	0	0	0	225	0	25
4	assemblage-595-143	0	0	0	0	0	0	0	0	0	23	0	0	0	31	0	0	18	50	0	0	0	0	0	52	0	0	0	0	31	0	0	0	0	0	0	0	0	0	0	0	0	284	0	0	0	0	0	0	11
4	assemblage-920-847	0	0	0	0	0	0	0	0	0	0	0	0	0	0	0	0	0	0	0	0	0	0	0	0	114	0	0	0	0	360	10	0	0	0	0	0	5	0	0	0	0	0	0	0	0	0	0	0	11

5	assemblage-570-928	0	0	0	0	0	0	0	0	0	22	0	0	0	34	0	0	29	68	0	0	0	0	0	58	0	0	0	0	30	0	0	0	0	0	0	0	0	0	0	0	0	249	0	0	0	0	0	0	10
5	assemblage-604-776	0	0	0	0	20	0	0	0	0	0	0	0	0	0	0	0	0	0	0	0	0	0	0	202	0	0	0	0	0	0	0	0	0	0	0	0	0	0	0	0	0	267	0	0	0	0	4	0	7
5	assemblage-480-533	0	0	0	0	0	0	0	0	0	0	0	0	0	0	0	0	0	0	0	0	0	0	0	55	0	0	0	0	0	0	0	0	0	0	0	0	0	0	0	0	0	426	0	0	0	0	15	0	4

6	assemblage-570-928	0	0	0	0	0	0	0	0	0	22	0	0	0	34	0	0	29	68	0	0	0	0	0	58	0	0	0	0	30	0	0	0	0	0	0	0	0	0	0	0	0	249	0	0	0	0	0	0	10
6	assemblage-595-143	0	0	0	0	0	0	0	0	0	23	0	0	0	31	0	0	18	50	0	0	0	0	0	52	0	0	0	0	31	0	0	0	0	0	0	0	0	0	0	0	0	284	0	0	0	0	0	0	11
6	assemblage-920-847	0	0	0	0	0	0	0	0	0	0	0	0	0	0	0	0	0	0	0	0	0	0	0	0	114	0	0	0	0	360	10	0	0	0	0	0	5	0	0	0	0	0	0	0	0	0	0	0	11

7	assemblage-570-928	0	0	0	0	0	0	0	0	0	22	0	0	0	34	0	0	29	68	0	0	0	0	0	58	0	0	0	0	30	0	0	0	0	0	0	0	0	0	0	0	0	249	0	0	0	0	0	0	10
7	assemblage-685-371	0	0	0	0	0	0	0	0	0	0	0	0	0	0	0	0	0	0	0	0	0	0	0	162	0	0	0	0	0	0	0	0	0	0	0	7	0	0	0	0	0	81	0	0	0	0	225	0	25
7	assemblage-920-847	0	0	0	0	0	0	0	0	0	0	0	0	0	0	0	0	0	0	0	0	0	0	0	0	114	0	0	0	0	360	10	0	0	0	0	0	5	0	0	0	0	0	0	0	0	0	0	0	11

8	assemblage-491-351	0	0	0	0	0	137	0	0	0	0	0	0	0	0	0	0	0	0	0	0	0	0	0	0	0	6	0	0	0	24	0	0	0	0	0	0	0	0	0	0	0	218	0	0	0	0	99	0	16
8	assemblage-604-776	0	0	0	0	20	0	0	0	0	0	0	0	0	0	0	0	0	0	0	0	0	0	0	202	0	0	0	0	0	0	0	0	0	0	0	0	0	0	0	0	0	267	0	0	0	0	4	0	7
8	assemblage-85-91	0	0	0	0	6	0	0	0	0	9	0	0	0	12	0	0	15	0	0	0	0	0	17	106	0	0	0	0	190	0	0	0	0	0	0	0	0	0	0	0	0	137	0	0	0	0	0	0	8

9	assemblage-491-351	0	0	0	0	0	137	0	0	0	0	0	0	0	0	0	0	0	0	0	0	0	0	0	0	0	6	0	0	0	24	0	0	0	0	0	0	0	0	0	0	0	218	0	0	0	0	99	0	16
9	assemblage-595-143	0	0	0	0	0	0	0	0	0	23	0	0	0	31	0	0	18	50	0	0	0	0	0	52	0	0	0	0	31	0	0	0	0	0	0	0	0	0	0	0	0	284	0	0	0	0	0	0	11
9	assemblage-85-91	0	0	0	0	6	0	0	0	0	9	0	0	0	12	0	0	15	0	0	0	0	0	17	106	0	0	0	0	190	0	0	0	0	0	0	0	0	0	0	0	0	137	0	0	0	0	0	0	8

10	assemblage-491-351	0	0	0	0	0	137	0	0	0	0	0	0	0	0	0	0	0	0	0	0	0	0	0	0	0	6	0	0	0	24	0	0	0	0	0	0	0	0	0	0	0	218	0	0	0	0	99	0	16
10	assemblage-570-928	0	0	0	0	0	0	0	0	0	22	0	0	0	34	0	0	29	68	0	0	0	0	0	58	0	0	0	0	30	0	0	0	0	0	0	0	0	0	0	0	0	249	0	0	0	0	0	0	10
10	assemblage-85-91	0	0	0	0	6	0	0	0	0	9	0	0	0	12	0	0	15	0	0	0	0	0	17	106	0	0	0	0	190	0	0	0	0	0	0	0	0	0	0	0	0	137	0	0	0	0	0	0	8

11	assemblage-491-351	0	0	0	0	0	137	0	0	0	0	0	0	0	0	0	0	0	0	0	0	0	0	0	0	0	6	0	0	0	24	0	0	0	0	0	0	0	0	0	0	0	218	0	0	0	0	99	0	16
11	assemblage-570-928	0	0	0	0	0	0	0	0	0	22	0	0	0	34	0	0	29	68	0	0	0	0	0	58	0	0	0	0	30	0	0	0	0	0	0	0	0	0	0	0	0	249	0	0	0	0	0	0	10
11	assemblage-595-143	0	0	0	0	0	0	0	0	0	23	0	0	0	31	0	0	18	50	0	0	0	0	0	52	0	0	0	0	31	0	0	0	0	0	0	0	0	0	0	0	0	284	0	0	0	0	0	0	11

12	assemblage-853-282	0	0	0	0	0	0	0	0	0	5	0	0	0	0	0	0	0	0	0	26	0	0	0	0	0	0	0	0	6	0	0	0	0	0	0	0	0	0	0	0	0	448	0	0	0	0	0	0	15
12	assemblage-595-143	0	0	0	0	0	0	0	0	0	23	0	0	0	31	0	0	18	50	0	0	0	0	0	52	0	0	0	0	31	0	0	0	0	0	0	0	0	0	0	0	0	284	0	0	0	0	0	0	11
12	assemblage-85-91	0	0	0	0	6	0	0	0	0	9	0	0	0	12	0	0	15	0	0	0	0	0	17	106	0	0	0	0	190	0	0	0	0	0	0	0	0	0	0	0	0	137	0	0	0	0	0	0	8

13	assemblage-853-282	0	0	0	0	0	0	0	0	0	5	0	0	0	0	0	0	0	0	0	26	0	0	0	0	0	0	0	0	6	0	0	0	0	0	0	0	0	0	0	0	0	448	0	0	0	0	0	0	15
13	assemblage-595-143	0	0	0	0	0	0	0	0	0	23	0	0	0	31	0	0	18	50	0	0	0	0	0	52	0	0	0	0	31	0	0	0	0	0	0	0	0	0	0	0	0	284	0	0	0	0	0	0	11
13	assemblage-604-776	0	0	0	0	20	0	0	0	0	0	0	0	0	0	0	0	0	0	0	0	0	0	0	202	0	0	0	0	0	0	0	0	0	0	0	0	0	0	0	0	0	267	0	0	0	0	4	0	7

14	assemblage-853-282	0	0	0	0	0	0	0	0	0	5	0	0	0	0	0	0	0	0	0	26	0	0	0	0	0	0	0	0	6	0	0	0	0	0	0	0	0	0	0	0	0	448	0	0	0	0	0	0	15
14	assemblage-595-143	0	0	0	0	0	0	0	0	0	23	0	0	0	31	0	0	18	50	0	0	0	0	0	52	0	0	0	0	31	0	0	0	0	0	0	0	0	0	0	0	0	284	0	0	0	0	0	0	11
14	assemblage-920-847	0	0	0	0	0	0	0	0	0	0	0	0	0	0	0	0	0	0	0	0	0	0	0	0	114	0	0	0	0	360	10	0	0	0	0	0	5	0	0	0	0	0	0	0	0	0	0	0	11

15	assemblage-853-282	0	0	0	0	0	0	0	0	0	5	0	0	0	0	0	0	0	0	0	26	0	0	0	0	0	0	0	0	6	0	0	0	0	0	0	0	0	0	0	0	0	448	0	0	0	0	0	0	15
15	assemblage-685-371	0	0	0	0	0	0	0	0	0	0	0	0	0	0	0	0	0	0	0	0	0	0	0	162	0	0	0	0	0	0	0	0	0	0	0	7	0	0	0	0	0	81	0	0	0	0	225	0	25
15	assemblage-920-847	0	0	0	0	0	0	0	0	0	0	0	0	0	0	0	0	0	0	0	0	0	0	0	0	114	0	0	0	0	360	10	0	0	0	0	0	5	0	0	0	0	0	0	0	0	0	0	0	11

16	assemblage-853-282	0	0	0	0	0	0	0	0	0	5	0	0	0	0	0	0	0	0	0	26	0	0	0	0	0	0	0	0	6	0	0	0	0	0	0	0	0	0	0	0	0	448	0	0	0	0	0	0	15
16	assemblage-570-928	0	0	0	0	0	0	0	0	0	22	0	0	0	34	0	0	29	68	0	0	0	0	0	58	0	0	0	0	30	0	0	0	0	0	0	0	0	0	0	0	0	249	0	0	0	0	0	0	10
16	assemblage-85-91	0	0	0	0	6	0	0	0	0	9	0	0	0	12	0	0	15	0	0	0	0	0	17	106	0	0	0	0	190	0	0	0	0	0	0	0	0	0	0	0	0	137	0	0	0	0	0	0	8

17	assemblage-853-282	0	0	0	0	0	0	0	0	0	5	0	0	0	0	0	0	0	0	0	26	0	0	0	0	0	0	0	0	6	0	0	0	0	0	0	0	0	0	0	0	0	448	0	0	0	0	0	0	15
17	assemblage-570-928	0	0	0	0	0	0	0	0	0	22	0	0	0	34	0	0	29	68	0	0	0	0	0	58	0	0	0	0	30	0	0	0	0	0	0	0	0	0	0	0	0	249	0	0	0	0	0	0	10
17	assemblage-920-847	0	0	0	0	0	0	0	0	0	0	0	0	0	0	0	0	0	0	0	0	0	0	0	0	114	0	0	0	0	360	10	0	0	0	0	0	5	0	0	0	0	0	0	0	0	0	0	0	11

18	assemblage-853-282	0	0	0	0	0	0	0	0	0	5	0	0	0	0	0	0	0	0	0	26	0	0	0	0	0	0	0	0	6	0	0	0	0	0	0	0	0	0	0	0	0	448	0	0	0	0	0	0	15
18	assemblage-491-351	0	0	0	0	0	137	0	0	0	0	0	0	0	0	0	0	0	0	0	0	0	0	0	0	0	6	0	0	0	24	0	0	0	0	0	0	0	0	0	0	0	218	0	0	0	0	99	0	16
18	assemblage-920-847	0	0	0	0	0	0	0	0	0	0	0	0	0	0	0	0	0	0	0	0	0	0	0	0	114	0	0	0	0	360	10	0	0	0	0	0	5	0	0	0	0	0	0	0	0	0	0	0	11

19	assemblage-853-282	0	0	0	0	0	0	0	0	0	5	0	0	0	0	0	0	0	0	0	26	0	0	0	0	0	0	0	0	6	0	0	0	0	0	0	0	0	0	0	0	0	448	0	0	0	0	0	0	15
19	assemblage-491-351	0	0	0	0	0	137	0	0	0	0	0	0	0	0	0	0	0	0	0	0	0	0	0	0	0	6	0	0	0	24	0	0	0	0	0	0	0	0	0	0	0	218	0	0	0	0	99	0	16
19	assemblage-685-371	0	0	0	0	0	0	0	0	0	0	0	0	0	0	0	0	0	0	0	0	0	0	0	162	0	0	0	0	0	0	0	0	0	0	0	7	0	0	0	0	0	81	0	0	0	0	225	0	25

20	assemblage-481-503	0	0	0	0	0	144	0	13	0	0	0	0	0	0	0	0	0	0	0	0	0	0	0	0	0	0	0	0	0	11	0	0	0	0	0	0	0	0	0	0	0	258	0	0	0	0	61	0	13
20	assemblage-604-776	0	0	0	0	20	0	0	0	0	0	0	0	0	0	0	0	0	0	0	0	0	0	0	202	0	0	0	0	0	0	0	0	0	0	0	0	0	0	0	0	0	267	0	0	0	0	4	0	7
20	assemblage-85-91	0	0	0	0	6	0	0	0	0	9	0	0	0	12	0	0	15	0	0	0	0	0	17	106	0	0	0	0	190	0	0	0	0	0	0	0	0	0	0	0	0	137	0	0	0	0	0	0	8

21	assemblage-481-503	0	0	0	0	0	144	0	13	0	0	0	0	0	0	0	0	0	0	0	0	0	0	0	0	0	0	0	0	0	11	0	0	0	0	0	0	0	0	0	0	0	258	0	0	0	0	61	0	13
21	assemblage-595-143	0	0	0	0	0	0	0	0	0	23	0	0	0	31	0	0	18	50	0	0	0	0	0	52	0	0	0	0	31	0	0	0	0	0	0	0	0	0	0	0	0	284	0	0	0	0	0	0	11
21	assemblage-85-91	0	0	0	0	6	0	0	0	0	9	0	0	0	12	0	0	15	0	0	0	0	0	17	106	0	0	0	0	190	0	0	0	0	0	0	0	0	0	0	0	0	137	0	0	0	0	0	0	8

22	assemblage-481-503	0	0	0	0	0	144	0	13	0	0	0	0	0	0	0	0	0	0	0	0	0	0	0	0	0	0	0	0	0	11	0	0	0	0	0	0	0	0	0	0	0	258	0	0	0	0	61	0	13
22	assemblage-570-928	0	0	0	0	0	0	0	0	0	22	0	0	0	34	0	0	29	68	0	0	0	0	0	58	0	0	0	0	30	0	0	0	0	0	0	0	0	0	0	0	0	249	0	0	0	0	0	0	10
22	assemblage-85-91	0	0	0	0	6	0	0	0	0	9	0	0	0	12	0	0	15	0	0	0	0	0	17	106	0	0	0	0	190	0	0	0	0	0	0	0	0	0	0	0	0	137	0	0	0	0	0	0	8

23	assemblage-481-503	0	0	0	0	0	144	0	13	0	0	0	0	0	0	0	0	0	0	0	0	0	0	0	0	0	0	0	0	0	11	0	0	0	0	0	0	0	0	0	0	0	258	0	0	0	0	61	0	13
23	assemblage-491-351	0	0	0	0	0	137	0	0	0	0	0	0	0	0	0	0	0	0	0	0	0	0	0	0	0	6	0	0	0	24	0	0	0	0	0	0	0	0	0	0	0	218	0	0	0	0	99	0	16
23	assemblage-85-91	0	0	0	0	6	0	0	0	0	9	0	0	0	12	0	0	15	0	0	0	0	0	17	106	0	0	0	0	190	0	0	0	0	0	0	0	0	0	0	0	0	137	0	0	0	0	0	0	8

24	assemblage-481-503	0	0	0	0	0	144	0	13	0	0	0	0	0	0	0	0	0	0	0	0	0	0	0	0	0	0	0	0	0	11	0	0	0	0	0	0	0	0	0	0	0	258	0	0	0	0	61	0	13
24	assemblage-491-351	0	0	0	0	0	137	0	0	0	0	0	0	0	0	0	0	0	0	0	0	0	0	0	0	0	6	0	0	0	24	0	0	0	0	0	0	0	0	0	0	0	218	0	0	0	0	99	0	16
24	assemblage-920-847	0	0	0	0	0	0	0	0	0	0	0	0	0	0	0	0	0	0	0	0	0	0	0	0	114	0	0	0	0	360	10	0	0	0	0	0	5	0	0	0	0	0	0	0	0	0	0	0	11

25	assemblage-481-503	0	0	0	0	0	144	0	13	0	0	0	0	0	0	0	0	0	0	0	0	0	0	0	0	0	0	0	0	0	11	0	0	0	0	0	0	0	0	0	0	0	258	0	0	0	0	61	0	13
25	assemblage-853-282	0	0	0	0	0	0	0	0	0	5	0	0	0	0	0	0	0	0	0	26	0	0	0	0	0	0	0	0	6	0	0	0	0	0	0	0	0	0	0	0	0	448	0	0	0	0	0	0	15
25	assemblage-85-91	0	0	0	0	6	0	0	0	0	9	0	0	0	12	0	0	15	0	0	0	0	0	17	106	0	0	0	0	190	0	0	0	0	0	0	0	0	0	0	0	0	137	0	0	0	0	0	0	8

26	assemblage-481-503	0	0	0	0	0	144	0	13	0	0	0	0	0	0	0	0	0	0	0	0	0	0	0	0	0	0	0	0	0	11	0	0	0	0	0	0	0	0	0	0	0	258	0	0	0	0	61	0	13
26	assemblage-853-282	0	0	0	0	0	0	0	0	0	5	0	0	0	0	0	0	0	0	0	26	0	0	0	0	0	0	0	0	6	0	0	0	0	0	0	0	0	0	0	0	0	448	0	0	0	0	0	0	15
26	assemblage-595-143	0	0	0	0	0	0	0	0	0	23	0	0	0	31	0	0	18	50	0	0	0	0	0	52	0	0	0	0	31	0	0	0	0	0	0	0	0	0	0	0	0	284	0	0	0	0	0	0	11

27	assemblage-481-503	0	0	0	0	0	144	0	13	0	0	0	0	0	0	0	0	0	0	0	0	0	0	0	0	0	0	0	0	0	11	0	0	0	0	0	0	0	0	0	0	0	258	0	0	0	0	61	0	13
27	assemblage-853-282	0	0	0	0	0	0	0	0	0	5	0	0	0	0	0	0	0	0	0	26	0	0	0	0	0	0	0	0	6	0	0	0	0	0	0	0	0	0	0	0	0	448	0	0	0	0	0	0	15
27	assemblage-570-928	0	0	0	0	0	0	0	0	0	22	0	0	0	34	0	0	29	68	0	0	0	0	0	58	0	0	0	0	30	0	0	0	0	0	0	0	0	0	0	0	0	249	0	0	0	0	0	0	10

28	assemblage-164-788	0	0	0	0	0	0	0	0	0	0	0	0	55	0	0	0	0	0	0	0	0	0	0	0	15	0	0	0	0	9	146	113	0	0	0	0	0	0	0	0	0	137	17	0	0	0	0	0	8
28	assemblage-604-776	0	0	0	0	20	0	0	0	0	0	0	0	0	0	0	0	0	0	0	0	0	0	0	202	0	0	0	0	0	0	0	0	0	0	0	0	0	0	0	0	0	267	0	0	0	0	4	0	7
28	assemblage-85-91	0	0	0	0	6	0	0	0	0	9	0	0	0	12	0	0	15	0	0	0	0	0	17	106	0	0	0	0	190	0	0	0	0	0	0	0	0	0	0	0	0	137	0	0	0	0	0	0	8

29	assemblage-164-788	0	0	0	0	0	0	0	0	0	0	0	0	55	0	0	0	0	0	0	0	0	0	0	0	15	0	0	0	0	9	146	113	0	0	0	0	0	0	0	0	0	137	17	0	0	0	0	0	8
29	assemblage-604-776	0	0	0	0	20	0	0	0	0	0	0	0	0	0	0	0	0	0	0	0	0	0	0	202	0	0	0	0	0	0	0	0	0	0	0	0	0	0	0	0	0	267	0	0	0	0	4	0	7
29	assemblage-480-533	0	0	0	0	0	0	0	0	0	0	0	0	0	0	0	0	0	0	0	0	0	0	0	55	0	0	0	0	0	0	0	0	0	0	0	0	0	0	0	0	0	426	0	0	0	0	15	0	4

30	assemblage-164-788	0	0	0	0	0	0	0	0	0	0	0	0	55	0	0	0	0	0	0	0	0	0	0	0	15	0	0	0	0	9	146	113	0	0	0	0	0	0	0	0	0	137	17	0	0	0	0	0	8
30	assemblage-595-143	0	0	0	0	0	0	0	0	0	23	0	0	0	31	0	0	18	50	0	0	0	0	0	52	0	0	0	0	31	0	0	0	0	0	0	0	0	0	0	0	0	284	0	0	0	0	0	0	11
30	assemblage-85-91	0	0	0	0	6	0	0	0	0	9	0	0	0	12	0	0	15	0	0	0	0	0	17	106	0	0	0	0	190	0	0	0	0	0	0	0	0	0	0	0	0	137	0	0	0	0	0	0	8

31	assemblage-164-788	0	0	0	0	0	0	0	0	0	0	0	0	55	0	0	0	0	0	0	0	0	0	0	0	15	0	0	0	0	9	146	113	0	0	0	0	0	0	0	0	0	137	17	0	0	0	0	0	8
31	assemblage-595-143	0	0	0	0	0	0	0	0	0	23	0	0	0	31	0	0	18	50	0	0	0	0	0	52	0	0	0	0	31	0	0	0	0	0	0	0	0	0	0	0	0	284	0	0	0	0	0	0	11
31	assemblage-480-533	0	0	0	0	0	0	0	0	0	0	0	0	0	0	0	0	0	0	0	0	0	0	0	55	0	0	0	0	0	0	0	0	0	0	0	0	0	0	0	0	0	426	0	0	0	0	15	0	4

32	assemblage-164-788	0	0	0	0	0	0	0	0	0	0	0	0	55	0	0	0	0	0	0	0	0	0	0	0	15	0	0	0	0	9	146	113	0	0	0	0	0	0	0	0	0	137	17	0	0	0	0	0	8
32	assemblage-595-143	0	0	0	0	0	0	0	0	0	23	0	0	0	31	0	0	18	50	0	0	0	0	0	52	0	0	0	0	31	0	0	0	0	0	0	0	0	0	0	0	0	284	0	0	0	0	0	0	11
32	assemblage-604-776	0	0	0	0	20	0	0	0	0	0	0	0	0	0	0	0	0	0	0	0	0	0	0	202	0	0	0	0	0	0	0	0	0	0	0	0	0	0	0	0	0	267	0	0	0	0	4	0	7

33	assemblage-164-788	0	0	0	0	0	0	0	0	0	0	0	0	55	0	0	0	0	0	0	0	0	0	0	0	15	0	0	0	0	9	146	113	0	0	0	0	0	0	0	0	0	137	17	0	0	0	0	0	8
33	assemblage-570-928	0	0	0	0	0	0	0	0	0	22	0	0	0	34	0	0	29	68	0	0	0	0	0	58	0	0	0	0	30	0	0	0	0	0	0	0	0	0	0	0	0	249	0	0	0	0	0	0	10
33	assemblage-85-91	0	0	0	0	6	0	0	0	0	9	0	0	0	12	0	0	15	0	0	0	0	0	17	106	0	0	0	0	190	0	0	0	0	0	0	0	0	0	0	0	0	137	0	0	0	0	0	0	8

34	assemblage-164-788	0	0	0	0	0	0	0	0	0	0	0	0	55	0	0	0	0	0	0	0	0	0	0	0	15	0	0	0	0	9	146	113	0	0	0	0	0	0	0	0	0	137	17	0	0	0	0	0	8
34	assemblage-570-928	0	0	0	0	0	0	0	0	0	22	0	0	0	34	0	0	29	68	0	0	0	0	0	58	0	0	0	0	30	0	0	0	0	0	0	0	0	0	0	0	0	249	0	0	0	0	0	0	10
34	assemblage-480-533	0	0	0	0	0	0	0	0	0	0	0	0	0	0	0	0	0	0	0	0	0	0	0	55	0	0	0	0	0	0	0	0	0	0	0	0	0	0	0	0	0	426	0	0	0	0	15	0	4

35	assemblage-164-788	0	0	0	0	0	0	0	0	0	0	0	0	55	0	0	0	0	0	0	0	0	0	0	0	15	0	0	0	0	9	146	113	0	0	0	0	0	0	0	0	0	137	17	0	0	0	0	0	8
35	assemblage-570-928	0	0	0	0	0	0	0	0	0	22	0	0	0	34	0	0	29	68	0	0	0	0	0	58	0	0	0	0	30	0	0	0	0	0	0	0	0	0	0	0	0	249	0	0	0	0	0	0	10
35	assemblage-604-776	0	0	0	0	20	0	0	0	0	0	0	0	0	0	0	0	0	0	0	0	0	0	0	202	0	0	0	0	0	0	0	0	0	0	0	0	0	0	0	0	0	267	0	0	0	0	4	0	7

36	assemblage-164-788	0	0	0	0	0	0	0	0	0	0	0	0	55	0	0	0	0	0	0	0	0	0	0	0	15	0	0	0	0	9	146	113	0	0	0	0	0	0	0	0	0	137	17	0	0	0	0	0	8
36	assemblage-570-928	0	0	0	0	0	0	0	0	0	22	0	0	0	34	0	0	29	68	0	0	0	0	0	58	0	0	0	0	30	0	0	0	0	0	0	0	0	0	0	0	0	249	0	0	0	0	0	0	10
36	assemblage-595-143	0	0	0	0	0	0	0	0	0	23	0	0	0	31	0	0	18	50	0	0	0	0	0	52	0	0	0	0	31	0	0	0	0	0	0	0	0	0	0	0	0	284	0	0	0	0	0	0	11

37	assemblage-164-788	0	0	0	0	0	0	0	0	0	0	0	0	55	0	0	0	0	0	0	0	0	0	0	0	15	0	0	0	0	9	146	113	0	0	0	0	0	0	0	0	0	137	17	0	0	0	0	0	8
37	assemblage-491-351	0	0	0	0	0	137	0	0	0	0	0	0	0	0	0	0	0	0	0	0	0	0	0	0	0	6	0	0	0	24	0	0	0	0	0	0	0	0	0	0	0	218	0	0	0	0	99	0	16
37	assemblage-85-91	0	0	0	0	6	0	0	0	0	9	0	0	0	12	0	0	15	0	0	0	0	0	17	106	0	0	0	0	190	0	0	0	0	0	0	0	0	0	0	0	0	137	0	0	0	0	0	0	8

38	assemblage-164-788	0	0	0	0	0	0	0	0	0	0	0	0	55	0	0	0	0	0	0	0	0	0	0	0	15	0	0	0	0	9	146	113	0	0	0	0	0	0	0	0	0	137	17	0	0	0	0	0	8
38	assemblage-491-351	0	0	0	0	0	137	0	0	0	0	0	0	0	0	0	0	0	0	0	0	0	0	0	0	0	6	0	0	0	24	0	0	0	0	0	0	0	0	0	0	0	218	0	0	0	0	99	0	16
38	assemblage-480-533	0	0	0	0	0	0	0	0	0	0	0	0	0	0	0	0	0	0	0	0	0	0	0	55	0	0	0	0	0	0	0	0	0	0	0	0	0	0	0	0	0	426	0	0	0	0	15	0	4

39	assemblage-164-788	0	0	0	0	0	0	0	0	0	0	0	0	55	0	0	0	0	0	0	0	0	0	0	0	15	0	0	0	0	9	146	113	0	0	0	0	0	0	0	0	0	137	17	0	0	0	0	0	8
39	assemblage-491-351	0	0	0	0	0	137	0	0	0	0	0	0	0	0	0	0	0	0	0	0	0	0	0	0	0	6	0	0	0	24	0	0	0	0	0	0	0	0	0	0	0	218	0	0	0	0	99	0	16
39	assemblage-604-776	0	0	0	0	20	0	0	0	0	0	0	0	0	0	0	0	0	0	0	0	0	0	0	202	0	0	0	0	0	0	0	0	0	0	0	0	0	0	0	0	0	267	0	0	0	0	4	0	7

40	assemblage-164-788	0	0	0	0	0	0	0	0	0	0	0	0	55	0	0	0	0	0	0	0	0	0	0	0	15	0	0	0	0	9	146	113	0	0	0	0	0	0	0	0	0	137	17	0	0	0	0	0	8
40	assemblage-491-351	0	0	0	0	0	137	0	0	0	0	0	0	0	0	0	0	0	0	0	0	0	0	0	0	0	6	0	0	0	24	0	0	0	0	0	0	0	0	0	0	0	218	0	0	0	0	99	0	16
40	assemblage-595-143	0	0	0	0	0	0	0	0	0	23	0	0	0	31	0	0	18	50	0	0	0	0	0	52	0	0	0	0	31	0	0	0	0	0	0	0	0	0	0	0	0	284	0	0	0	0	0	0	11

41	assemblage-164-788	0	0	0	0	0	0	0	0	0	0	0	0	55	0	0	0	0	0	0	0	0	0	0	0	15	0	0	0	0	9	146	113	0	0	0	0	0	0	0	0	0	137	17	0	0	0	0	0	8
41	assemblage-491-351	0	0	0	0	0	137	0	0	0	0	0	0	0	0	0	0	0	0	0	0	0	0	0	0	0	6	0	0	0	24	0	0	0	0	0	0	0	0	0	0	0	218	0	0	0	0	99	0	16
41	assemblage-570-928	0	0	0	0	0	0	0	0	0	22	0	0	0	34	0	0	29	68	0	0	0	0	0	58	0	0	0	0	30	0	0	0	0	0	0	0	0	0	0	0	0	249	0	0	0	0	0	0	10

42	assemblage-164-788	0	0	0	0	0	0	0	0	0	0	0	0	55	0	0	0	0	0	0	0	0	0	0	0	15	0	0	0	0	9	146	113	0	0	0	0	0	0	0	0	0	137	17	0	0	0	0	0	8
42	assemblage-853-282	0	0	0	0	0	0	0	0	0	5	0	0	0	0	0	0	0	0	0	26	0	0	0	0	0	0	0	0	6	0	0	0	0	0	0	0	0	0	0	0	0	448	0	0	0	0	0	0	15
42	assemblage-85-91	0	0	0	0	6	0	0	0	0	9	0	0	0	12	0	0	15	0	0	0	0	0	17	106	0	0	0	0	190	0	0	0	0	0	0	0	0	0	0	0	0	137	0	0	0	0	0	0	8

43	assemblage-164-788	0	0	0	0	0	0	0	0	0	0	0	0	55	0	0	0	0	0	0	0	0	0	0	0	15	0	0	0	0	9	146	113	0	0	0	0	0	0	0	0	0	137	17	0	0	0	0	0	8
43	assemblage-853-282	0	0	0	0	0	0	0	0	0	5	0	0	0	0	0	0	0	0	0	26	0	0	0	0	0	0	0	0	6	0	0	0	0	0	0	0	0	0	0	0	0	448	0	0	0	0	0	0	15
43	assemblage-480-533	0	0	0	0	0	0	0	0	0	0	0	0	0	0	0	0	0	0	0	0	0	0	0	55	0	0	0	0	0	0	0	0	0	0	0	0	0	0	0	0	0	426	0	0	0	0	15	0	4

44	assemblage-164-788	0	0	0	0	0	0	0	0	0	0	0	0	55	0	0	0	0	0	0	0	0	0	0	0	15	0	0	0	0	9	146	113	0	0	0	0	0	0	0	0	0	137	17	0	0	0	0	0	8
44	assemblage-853-282	0	0	0	0	0	0	0	0	0	5	0	0	0	0	0	0	0	0	0	26	0	0	0	0	0	0	0	0	6	0	0	0	0	0	0	0	0	0	0	0	0	448	0	0	0	0	0	0	15
44	assemblage-604-776	0	0	0	0	20	0	0	0	0	0	0	0	0	0	0	0	0	0	0	0	0	0	0	202	0	0	0	0	0	0	0	0	0	0	0	0	0	0	0	0	0	267	0	0	0	0	4	0	7

45	assemblage-164-788	0	0	0	0	0	0	0	0	0	0	0	0	55	0	0	0	0	0	0	0	0	0	0	0	15	0	0	0	0	9	146	113	0	0	0	0	0	0	0	0	0	137	17	0	0	0	0	0	8
45	assemblage-853-282	0	0	0	0	0	0	0	0	0	5	0	0	0	0	0	0	0	0	0	26	0	0	0	0	0	0	0	0	6	0	0	0	0	0	0	0	0	0	0	0	0	448	0	0	0	0	0	0	15
45	assemblage-595-143	0	0	0	0	0	0	0	0	0	23	0	0	0	31	0	0	18	50	0	0	0	0	0	52	0	0	0	0	31	0	0	0	0	0	0	0	0	0	0	0	0	284	0	0	0	0	0	0	11

46	assemblage-164-788	0	0	0	0	0	0	0	0	0	0	0	0	55	0	0	0	0	0	0	0	0	0	0	0	15	0	0	0	0	9	146	113	0	0	0	0	0	0	0	0	0	137	17	0	0	0	0	0	8
46	assemblage-853-282	0	0	0	0	0	0	0	0	0	5	0	0	0	0	0	0	0	0	0	26	0	0	0	0	0	0	0	0	6	0	0	0	0	0	0	0	0	0	0	0	0	448	0	0	0	0	0	0	15
46	assemblage-570-928	0	0	0	0	0	0	0	0	0	22	0	0	0	34	0	0	29	68	0	0	0	0	0	58	0	0	0	0	30	0	0	0	0	0	0	0	0	0	0	0	0	249	0	0	0	0	0	0	10

47	assemblage-164-788	0	0	0	0	0	0	0	0	0	0	0	0	55	0	0	0	0	0	0	0	0	0	0	0	15	0	0	0	0	9	146	113	0	0	0	0	0	0	0	0	0	137	17	0	0	0	0	0	8
47	assemblage-481-503	0	0	0	0	0	144	0	13	0	0	0	0	0	0	0	0	0	0	0	0	0	0	0	0	0	0	0	0	0	11	0	0	0	0	0	0	0	0	0	0	0	258	0	0	0	0	61	0	13
47	assemblage-85-91	0	0	0	0	6	0	0	0	0	9	0	0	0	12	0	0	15	0	0	0	0	0	17	106	0	0	0	0	190	0	0	0	0	0	0	0	0	0	0	0	0	137	0	0	0	0	0	0	8

48	assemblage-164-788	0	0	0	0	0	0	0	0	0	0	0	0	55	0	0	0	0	0	0	0	0	0	0	0	15	0	0	0	0	9	146	113	0	0	0	0	0	0	0	0	0	137	17	0	0	0	0	0	8
48	assemblage-481-503	0	0	0	0	0	144	0	13	0	0	0	0	0	0	0	0	0	0	0	0	0	0	0	0	0	0	0	0	0	11	0	0	0	0	0	0	0	0	0	0	0	258	0	0	0	0	61	0	13
48	assemblage-480-533	0	0	0	0	0	0	0	0	0	0	0	0	0	0	0	0	0	0	0	0	0	0	0	55	0	0	0	0	0	0	0	0	0	0	0	0	0	0	0	0	0	426	0	0	0	0	15	0	4

49	assemblage-164-788	0	0	0	0	0	0	0	0	0	0	0	0	55	0	0	0	0	0	0	0	0	0	0	0	15	0	0	0	0	9	146	113	0	0	0	0	0	0	0	0	0	137	17	0	0	0	0	0	8
49	assemblage-481-503	0	0	0	0	0	144	0	13	0	0	0	0	0	0	0	0	0	0	0	0	0	0	0	0	0	0	0	0	0	11	0	0	0	0	0	0	0	0	0	0	0	258	0	0	0	0	61	0	13
49	assemblage-604-776	0	0	0	0	20	0	0	0	0	0	0	0	0	0	0	0	0	0	0	0	0	0	0	202	0	0	0	0	0	0	0	0	0	0	0	0	0	0	0	0	0	267	0	0	0	0	4	0	7

50	assemblage-164-788	0	0	0	0	0	0	0	0	0	0	0	0	55	0	0	0	0	0	0	0	0	0	0	0	15	0	0	0	0	9	146	113	0	0	0	0	0	0	0	0	0	137	17	0	0	0	0	0	8
50	assemblage-481-503	0	0	0	0	0	144	0	13	0	0	0	0	0	0	0	0	0	0	0	0	0	0	0	0	0	0	0	0	0	11	0	0	0	0	0	0	0	0	0	0	0	258	0	0	0	0	61	0	13
50	assemblage-595-143	0	0	0	0	0	0	0	0	0	23	0	0	0	31	0	0	18	50	0	0	0	0	0	52	0	0	0	0	31	0	0	0	0	0	0	0	0	0	0	0	0	284	0	0	0	0	0	0	11

51	assemblage-164-788	0	0	0	0	0	0	0	0	0	0	0	0	55	0	0	0	0	0	0	0	0	0	0	0	15	0	0	0	0	9	146	113	0	0	0	0	0	0	0	0	0	137	17	0	0	0	0	0	8
51	assemblage-481-503	0	0	0	0	0	144	0	13	0	0	0	0	0	0	0	0	0	0	0	0	0	0	0	0	0	0	0	0	0	11	0	0	0	0	0	0	0	0	0	0	0	258	0	0	0	0	61	0	13
51	assemblage-570-928	0	0	0	0	0	0	0	0	0	22	0	0	0	34	0	0	29	68	0	0	0	0	0	58	0	0	0	0	30	0	0	0	0	0	0	0	0	0	0	0	0	249	0	0	0	0	0	0	10

52	assemblage-953-953	0	0	0	0	0	132	0	0	0	0	0	0	0	0	0	0	0	0	0	0	0	0	0	3	0	5	0	0	0	30	0	0	0	0	0	0	0	0	0	0	9	209	0	0	0	0	104	0	8
52	assemblage-604-776	0	0	0	0	20	0	0	0	0	0	0	0	0	0	0	0	0	0	0	0	0	0	0	202	0	0	0	0	0	0	0	0	0	0	0	0	0	0	0	0	0	267	0	0	0	0	4	0	7
52	assemblage-85-91	0	0	0	0	6	0	0	0	0	9	0	0	0	12	0	0	15	0	0	0	0	0	17	106	0	0	0	0	190	0	0	0	0	0	0	0	0	0	0	0	0	137	0	0	0	0	0	0	8

53	assemblage-953-953	0	0	0	0	0	132	0	0	0	0	0	0	0	0	0	0	0	0	0	0	0	0	0	3	0	5	0	0	0	30	0	0	0	0	0	0	0	0	0	0	9	209	0	0	0	0	104	0	8
53	assemblage-595-143	0	0	0	0	0	0	0	0	0	23	0	0	0	31	0	0	18	50	0	0	0	0	0	52	0	0	0	0	31	0	0	0	0	0	0	0	0	0	0	0	0	284	0	0	0	0	0	0	11
53	assemblage-85-91	0	0	0	0	6	0	0	0	0	9	0	0	0	12	0	0	15	0	0	0	0	0	17	106	0	0	0	0	190	0	0	0	0	0	0	0	0	0	0	0	0	137	0	0	0	0	0	0	8

54	assemblage-953-953	0	0	0	0	0	132	0	0	0	0	0	0	0	0	0	0	0	0	0	0	0	0	0	3	0	5	0	0	0	30	0	0	0	0	0	0	0	0	0	0	9	209	0	0	0	0	104	0	8
54	assemblage-570-928	0	0	0	0	0	0	0	0	0	22	0	0	0	34	0	0	29	68	0	0	0	0	0	58	0	0	0	0	30	0	0	0	0	0	0	0	0	0	0	0	0	249	0	0	0	0	0	0	10
54	assemblage-85-91	0	0	0	0	6	0	0	0	0	9	0	0	0	12	0	0	15	0	0	0	0	0	17	106	0	0	0	0	190	0	0	0	0	0	0	0	0	0	0	0	0	137	0	0	0	0	0	0	8

55	assemblage-953-953	0	0	0	0	0	132	0	0	0	0	0	0	0	0	0	0	0	0	0	0	0	0	0	3	0	5	0	0	0	30	0	0	0	0	0	0	0	0	0	0	9	209	0	0	0	0	104	0	8
55	assemblage-570-928	0	0	0	0	0	0	0	0	0	22	0	0	0	34	0	0	29	68	0	0	0	0	0	58	0	0	0	0	30	0	0	0	0	0	0	0	0	0	0	0	0	249	0	0	0	0	0	0	10
55	assemblage-595-143	0	0	0	0	0	0	0	0	0	23	0	0	0	31	0	0	18	50	0	0	0	0	0	52	0	0	0	0	31	0	0	0	0	0	0	0	0	0	0	0	0	284	0	0	0	0	0	0	11

56	assemblage-973-856	0	0	0	0	0	90	0	0	0	0	0	0	0	0	0	0	0	0	0	0	0	0	0	225	0	2	0	0	0	123	0	0	0	0	0	0	0	0	10	0	0	17	0	0	0	0	24	0	9
56	assemblage-604-776	0	0	0	0	20	0	0	0	0	0	0	0	0	0	0	0	0	0	0	0	0	0	0	202	0	0	0	0	0	0	0	0	0	0	0	0	0	0	0	0	0	267	0	0	0	0	4	0	7
56	assemblage-85-91	0	0	0	0	6	0	0	0	0	9	0	0	0	12	0	0	15	0	0	0	0	0	17	106	0	0	0	0	190	0	0	0	0	0	0	0	0	0	0	0	0	137	0	0	0	0	0	0	8

57	assemblage-973-856	0	0	0	0	0	90	0	0	0	0	0	0	0	0	0	0	0	0	0	0	0	0	0	225	0	2	0	0	0	123	0	0	0	0	0	0	0	0	10	0	0	17	0	0	0	0	24	0	9
57	assemblage-685-371	0	0	0	0	0	0	0	0	0	0	0	0	0	0	0	0	0	0	0	0	0	0	0	162	0	0	0	0	0	0	0	0	0	0	0	7	0	0	0	0	0	81	0	0	0	0	225	0	25
57	assemblage-85-91	0	0	0	0	6	0	0	0	0	9	0	0	0	12	0	0	15	0	0	0	0	0	17	106	0	0	0	0	190	0	0	0	0	0	0	0	0	0	0	0	0	137	0	0	0	0	0	0	8

58	assemblage-973-856	0	0	0	0	0	90	0	0	0	0	0	0	0	0	0	0	0	0	0	0	0	0	0	225	0	2	0	0	0	123	0	0	0	0	0	0	0	0	10	0	0	17	0	0	0	0	24	0	9
58	assemblage-685-371	0	0	0	0	0	0	0	0	0	0	0	0	0	0	0	0	0	0	0	0	0	0	0	162	0	0	0	0	0	0	0	0	0	0	0	7	0	0	0	0	0	81	0	0	0	0	225	0	25
58	assemblage-480-533	0	0	0	0	0	0	0	0	0	0	0	0	0	0	0	0	0	0	0	0	0	0	0	55	0	0	0	0	0	0	0	0	0	0	0	0	0	0	0	0	0	426	0	0	0	0	15	0	4

59	assemblage-973-856	0	0	0	0	0	90	0	0	0	0	0	0	0	0	0	0	0	0	0	0	0	0	0	225	0	2	0	0	0	123	0	0	0	0	0	0	0	0	10	0	0	17	0	0	0	0	24	0	9
59	assemblage-685-371	0	0	0	0	0	0	0	0	0	0	0	0	0	0	0	0	0	0	0	0	0	0	0	162	0	0	0	0	0	0	0	0	0	0	0	7	0	0	0	0	0	81	0	0	0	0	225	0	25
59	assemblage-595-143	0	0	0	0	0	0	0	0	0	23	0	0	0	31	0	0	18	50	0	0	0	0	0	52	0	0	0	0	31	0	0	0	0	0	0	0	0	0	0	0	0	284	0	0	0	0	0	0	11

60	assemblage-973-856	0	0	0	0	0	90	0	0	0	0	0	0	0	0	0	0	0	0	0	0	0	0	0	225	0	2	0	0	0	123	0	0	0	0	0	0	0	0	10	0	0	17	0	0	0	0	24	0	9
60	assemblage-570-928	0	0	0	0	0	0	0	0	0	22	0	0	0	34	0	0	29	68	0	0	0	0	0	58	0	0	0	0	30	0	0	0	0	0	0	0	0	0	0	0	0	249	0	0	0	0	0	0	10
60	assemblage-595-143	0	0	0	0	0	0	0	0	0	23	0	0	0	31	0	0	18	50	0	0	0	0	0	52	0	0	0	0	31	0	0	0	0	0	0	0	0	0	0	0	0	284	0	0	0	0	0	0	11

61	assemblage-973-856	0	0	0	0	0	90	0	0	0	0	0	0	0	0	0	0	0	0	0	0	0	0	0	225	0	2	0	0	0	123	0	0	0	0	0	0	0	0	10	0	0	17	0	0	0	0	24	0	9
61	assemblage-164-788	0	0	0	0	0	0	0	0	0	0	0	0	55	0	0	0	0	0	0	0	0	0	0	0	15	0	0	0	0	9	146	113	0	0	0	0	0	0	0	0	0	137	17	0	0	0	0	0	8
61	assemblage-853-282	0	0	0	0	0	0	0	0	0	5	0	0	0	0	0	0	0	0	0	26	0	0	0	0	0	0	0	0	6	0	0	0	0	0	0	0	0	0	0	0	0	448	0	0	0	0	0	0	15

62	assemblage-973-856	0	0	0	0	0	90	0	0	0	0	0	0	0	0	0	0	0	0	0	0	0	0	0	225	0	2	0	0	0	123	0	0	0	0	0	0	0	0	10	0	0	17	0	0	0	0	24	0	9
62	assemblage-953-953	0	0	0	0	0	132	0	0	0	0	0	0	0	0	0	0	0	0	0	0	0	0	0	3	0	5	0	0	0	30	0	0	0	0	0	0	0	0	0	0	9	209	0	0	0	0	104	0	8
62	assemblage-164-788	0	0	0	0	0	0	0	0	0	0	0	0	55	0	0	0	0	0	0	0	0	0	0	0	15	0	0	0	0	9	146	113	0	0	0	0	0	0	0	0	0	137	17	0	0	0	0	0	8

63	assemblage-1011-672	0	0	0	0	0	0	0	0	0	0	0	0	0	0	0	0	0	0	0	0	0	0	0	39	0	0	0	0	0	0	0	0	0	0	5	0	0	0	0	0	0	439	0	0	0	0	17	0	0
63	assemblage-604-776	0	0	0	0	20	0	0	0	0	0	0	0	0	0	0	0	0	0	0	0	0	0	0	202	0	0	0	0	0	0	0	0	0	0	0	0	0	0	0	0	0	267	0	0	0	0	4	0	7
63	assemblage-85-91	0	0	0	0	6	0	0	0	0	9	0	0	0	12	0	0	15	0	0	0	0	0	17	106	0	0	0	0	190	0	0	0	0	0	0	0	0	0	0	0	0	137	0	0	0	0	0	0	8

64	assemblage-1011-672	0	0	0	0	0	0	0	0	0	0	0	0	0	0	0	0	0	0	0	0	0	0	0	39	0	0	0	0	0	0	0	0	0	0	5	0	0	0	0	0	0	439	0	0	0	0	17	0	0
64	assemblage-595-143	0	0	0	0	0	0	0	0	0	23	0	0	0	31	0	0	18	50	0	0	0	0	0	52	0	0	0	0	31	0	0	0	0	0	0	0	0	0	0	0	0	284	0	0	0	0	0	0	11
64	assemblage-85-91	0	0	0	0	6	0	0	0	0	9	0	0	0	12	0	0	15	0	0	0	0	0	17	106	0	0	0	0	190	0	0	0	0	0	0	0	0	0	0	0	0	137	0	0	0	0	0	0	8

65	assemblage-1011-672	0	0	0	0	0	0	0	0	0	0	0	0	0	0	0	0	0	0	0	0	0	0	0	39	0	0	0	0	0	0	0	0	0	0	5	0	0	0	0	0	0	439	0	0	0	0	17	0	0
65	assemblage-595-143	0	0	0	0	0	0	0	0	0	23	0	0	0	31	0	0	18	50	0	0	0	0	0	52	0	0	0	0	31	0	0	0	0	0	0	0	0	0	0	0	0	284	0	0	0	0	0	0	11
65	assemblage-920-847	0	0	0	0	0	0	0	0	0	0	0	0	0	0	0	0	0	0	0	0	0	0	0	0	114	0	0	0	0	360	10	0	0	0	0	0	5	0	0	0	0	0	0	0	0	0	0	0	11

66	assemblage-1011-672	0	0	0	0	0	0	0	0	0	0	0	0	0	0	0	0	0	0	0	0	0	0	0	39	0	0	0	0	0	0	0	0	0	0	5	0	0	0	0	0	0	439	0	0	0	0	17	0	0
66	assemblage-685-371	0	0	0	0	0	0	0	0	0	0	0	0	0	0	0	0	0	0	0	0	0	0	0	162	0	0	0	0	0	0	0	0	0	0	0	7	0	0	0	0	0	81	0	0	0	0	225	0	25
66	assemblage-920-847	0	0	0	0	0	0	0	0	0	0	0	0	0	0	0	0	0	0	0	0	0	0	0	0	114	0	0	0	0	360	10	0	0	0	0	0	5	0	0	0	0	0	0	0	0	0	0	0	11

67	assemblage-1011-672	0	0	0	0	0	0	0	0	0	0	0	0	0	0	0	0	0	0	0	0	0	0	0	39	0	0	0	0	0	0	0	0	0	0	5	0	0	0	0	0	0	439	0	0	0	0	17	0	0
67	assemblage-570-928	0	0	0	0	0	0	0	0	0	22	0	0	0	34	0	0	29	68	0	0	0	0	0	58	0	0	0	0	30	0	0	0	0	0	0	0	0	0	0	0	0	249	0	0	0	0	0	0	10
67	assemblage-85-91	0	0	0	0	6	0	0	0	0	9	0	0	0	12	0	0	15	0	0	0	0	0	17	106	0	0	0	0	190	0	0	0	0	0	0	0	0	0	0	0	0	137	0	0	0	0	0	0	8

68	assemblage-1011-672	0	0	0	0	0	0	0	0	0	0	0	0	0	0	0	0	0	0	0	0	0	0	0	39	0	0	0	0	0	0	0	0	0	0	5	0	0	0	0	0	0	439	0	0	0	0	17	0	0
68	assemblage-570-928	0	0	0	0	0	0	0	0	0	22	0	0	0	34	0	0	29	68	0	0	0	0	0	58	0	0	0	0	30	0	0	0	0	0	0	0	0	0	0	0	0	249	0	0	0	0	0	0	10
68	assemblage-920-847	0	0	0	0	0	0	0	0	0	0	0	0	0	0	0	0	0	0	0	0	0	0	0	0	114	0	0	0	0	360	10	0	0	0	0	0	5	0	0	0	0	0	0	0	0	0	0	0	11

69	assemblage-1011-672	0	0	0	0	0	0	0	0	0	0	0	0	0	0	0	0	0	0	0	0	0	0	0	39	0	0	0	0	0	0	0	0	0	0	5	0	0	0	0	0	0	439	0	0	0	0	17	0	0
69	assemblage-491-351	0	0	0	0	0	137	0	0	0	0	0	0	0	0	0	0	0	0	0	0	0	0	0	0	0	6	0	0	0	24	0	0	0	0	0	0	0	0	0	0	0	218	0	0	0	0	99	0	16
69	assemblage-920-847	0	0	0	0	0	0	0	0	0	0	0	0	0	0	0	0	0	0	0	0	0	0	0	0	114	0	0	0	0	360	10	0	0	0	0	0	5	0	0	0	0	0	0	0	0	0	0	0	11

70	assemblage-1011-672	0	0	0	0	0	0	0	0	0	0	0	0	0	0	0	0	0	0	0	0	0	0	0	39	0	0	0	0	0	0	0	0	0	0	5	0	0	0	0	0	0	439	0	0	0	0	17	0	0
70	assemblage-853-282	0	0	0	0	0	0	0	0	0	5	0	0	0	0	0	0	0	0	0	26	0	0	0	0	0	0	0	0	6	0	0	0	0	0	0	0	0	0	0	0	0	448	0	0	0	0	0	0	15
70	assemblage-920-847	0	0	0	0	0	0	0	0	0	0	0	0	0	0	0	0	0	0	0	0	0	0	0	0	114	0	0	0	0	360	10	0	0	0	0	0	5	0	0	0	0	0	0	0	0	0	0	0	11

71	assemblage-1011-672	0	0	0	0	0	0	0	0	0	0	0	0	0	0	0	0	0	0	0	0	0	0	0	39	0	0	0	0	0	0	0	0	0	0	5	0	0	0	0	0	0	439	0	0	0	0	17	0	0
71	assemblage-481-503	0	0	0	0	0	144	0	13	0	0	0	0	0	0	0	0	0	0	0	0	0	0	0	0	0	0	0	0	0	11	0	0	0	0	0	0	0	0	0	0	0	258	0	0	0	0	61	0	13
71	assemblage-920-847	0	0	0	0	0	0	0	0	0	0	0	0	0	0	0	0	0	0	0	0	0	0	0	0	114	0	0	0	0	360	10	0	0	0	0	0	5	0	0	0	0	0	0	0	0	0	0	0	11

72	assemblage-1011-672	0	0	0	0	0	0	0	0	0	0	0	0	0	0	0	0	0	0	0	0	0	0	0	39	0	0	0	0	0	0	0	0	0	0	5	0	0	0	0	0	0	439	0	0	0	0	17	0	0
72	assemblage-953-953	0	0	0	0	0	132	0	0	0	0	0	0	0	0	0	0	0	0	0	0	0	0	0	3	0	5	0	0	0	30	0	0	0	0	0	0	0	0	0	0	9	209	0	0	0	0	104	0	8
72	assemblage-164-788	0	0	0	0	0	0	0	0	0	0	0	0	55	0	0	0	0	0	0	0	0	0	0	0	15	0	0	0	0	9	146	113	0	0	0	0	0	0	0	0	0	137	17	0	0	0	0	0	8

73	assemblage-497-501	0	0	0	0	0	16	0	0	24	0	34	161	0	0	0	0	0	0	0	0	11	0	0	0	0	0	0	10	0	0	0	0	31	0	0	0	0	0	0	0	0	0	0	0	0	0	201	0	12
73	assemblage-604-776	0	0	0	0	20	0	0	0	0	0	0	0	0	0	0	0	0	0	0	0	0	0	0	202	0	0	0	0	0	0	0	0	0	0	0	0	0	0	0	0	0	267	0	0	0	0	4	0	7
73	assemblage-85-91	0	0	0	0	6	0	0	0	0	9	0	0	0	12	0	0	15	0	0	0	0	0	17	106	0	0	0	0	190	0	0	0	0	0	0	0	0	0	0	0	0	137	0	0	0	0	0	0	8

74	assemblage-497-501	0	0	0	0	0	16	0	0	24	0	34	161	0	0	0	0	0	0	0	0	11	0	0	0	0	0	0	10	0	0	0	0	31	0	0	0	0	0	0	0	0	0	0	0	0	0	201	0	12
74	assemblage-920-847	0	0	0	0	0	0	0	0	0	0	0	0	0	0	0	0	0	0	0	0	0	0	0	0	114	0	0	0	0	360	10	0	0	0	0	0	5	0	0	0	0	0	0	0	0	0	0	0	11
74	assemblage-85-91	0	0	0	0	6	0	0	0	0	9	0	0	0	12	0	0	15	0	0	0	0	0	17	106	0	0	0	0	190	0	0	0	0	0	0	0	0	0	0	0	0	137	0	0	0	0	0	0	8

75	assemblage-497-501	0	0	0	0	0	16	0	0	24	0	34	161	0	0	0	0	0	0	0	0	11	0	0	0	0	0	0	10	0	0	0	0	31	0	0	0	0	0	0	0	0	0	0	0	0	0	201	0	12
75	assemblage-595-143	0	0	0	0	0	0	0	0	0	23	0	0	0	31	0	0	18	50	0	0	0	0	0	52	0	0	0	0	31	0	0	0	0	0	0	0	0	0	0	0	0	284	0	0	0	0	0	0	11
75	assemblage-85-91	0	0	0	0	6	0	0	0	0	9	0	0	0	12	0	0	15	0	0	0	0	0	17	106	0	0	0	0	190	0	0	0	0	0	0	0	0	0	0	0	0	137	0	0	0	0	0	0	8

76	assemblage-497-501	0	0	0	0	0	16	0	0	24	0	34	161	0	0	0	0	0	0	0	0	11	0	0	0	0	0	0	10	0	0	0	0	31	0	0	0	0	0	0	0	0	0	0	0	0	0	201	0	12
76	assemblage-595-143	0	0	0	0	0	0	0	0	0	23	0	0	0	31	0	0	18	50	0	0	0	0	0	52	0	0	0	0	31	0	0	0	0	0	0	0	0	0	0	0	0	284	0	0	0	0	0	0	11
76	assemblage-920-847	0	0	0	0	0	0	0	0	0	0	0	0	0	0	0	0	0	0	0	0	0	0	0	0	114	0	0	0	0	360	10	0	0	0	0	0	5	0	0	0	0	0	0	0	0	0	0	0	11

77	assemblage-497-501	0	0	0	0	0	16	0	0	24	0	34	161	0	0	0	0	0	0	0	0	11	0	0	0	0	0	0	10	0	0	0	0	31	0	0	0	0	0	0	0	0	0	0	0	0	0	201	0	12
77	assemblage-685-371	0	0	0	0	0	0	0	0	0	0	0	0	0	0	0	0	0	0	0	0	0	0	0	162	0	0	0	0	0	0	0	0	0	0	0	7	0	0	0	0	0	81	0	0	0	0	225	0	25
77	assemblage-85-91	0	0	0	0	6	0	0	0	0	9	0	0	0	12	0	0	15	0	0	0	0	0	17	106	0	0	0	0	190	0	0	0	0	0	0	0	0	0	0	0	0	137	0	0	0	0	0	0	8

78	assemblage-497-501	0	0	0	0	0	16	0	0	24	0	34	161	0	0	0	0	0	0	0	0	11	0	0	0	0	0	0	10	0	0	0	0	31	0	0	0	0	0	0	0	0	0	0	0	0	0	201	0	12
78	assemblage-685-371	0	0	0	0	0	0	0	0	0	0	0	0	0	0	0	0	0	0	0	0	0	0	0	162	0	0	0	0	0	0	0	0	0	0	0	7	0	0	0	0	0	81	0	0	0	0	225	0	25
78	assemblage-480-533	0	0	0	0	0	0	0	0	0	0	0	0	0	0	0	0	0	0	0	0	0	0	0	55	0	0	0	0	0	0	0	0	0	0	0	0	0	0	0	0	0	426	0	0	0	0	15	0	4

79	assemblage-497-501	0	0	0	0	0	16	0	0	24	0	34	161	0	0	0	0	0	0	0	0	11	0	0	0	0	0	0	10	0	0	0	0	31	0	0	0	0	0	0	0	0	0	0	0	0	0	201	0	12
79	assemblage-685-371	0	0	0	0	0	0	0	0	0	0	0	0	0	0	0	0	0	0	0	0	0	0	0	162	0	0	0	0	0	0	0	0	0	0	0	7	0	0	0	0	0	81	0	0	0	0	225	0	25
79	assemblage-604-776	0	0	0	0	20	0	0	0	0	0	0	0	0	0	0	0	0	0	0	0	0	0	0	202	0	0	0	0	0	0	0	0	0	0	0	0	0	0	0	0	0	267	0	0	0	0	4	0	7

80	assemblage-497-501	0	0	0	0	0	16	0	0	24	0	34	161	0	0	0	0	0	0	0	0	11	0	0	0	0	0	0	10	0	0	0	0	31	0	0	0	0	0	0	0	0	0	0	0	0	0	201	0	12
80	assemblage-685-371	0	0	0	0	0	0	0	0	0	0	0	0	0	0	0	0	0	0	0	0	0	0	0	162	0	0	0	0	0	0	0	0	0	0	0	7	0	0	0	0	0	81	0	0	0	0	225	0	25
80	assemblage-920-847	0	0	0	0	0	0	0	0	0	0	0	0	0	0	0	0	0	0	0	0	0	0	0	0	114	0	0	0	0	360	10	0	0	0	0	0	5	0	0	0	0	0	0	0	0	0	0	0	11

81	assemblage-497-501	0	0	0	0	0	16	0	0	24	0	34	161	0	0	0	0	0	0	0	0	11	0	0	0	0	0	0	10	0	0	0	0	31	0	0	0	0	0	0	0	0	0	0	0	0	0	201	0	12
81	assemblage-685-371	0	0	0	0	0	0	0	0	0	0	0	0	0	0	0	0	0	0	0	0	0	0	0	162	0	0	0	0	0	0	0	0	0	0	0	7	0	0	0	0	0	81	0	0	0	0	225	0	25
81	assemblage-595-143	0	0	0	0	0	0	0	0	0	23	0	0	0	31	0	0	18	50	0	0	0	0	0	52	0	0	0	0	31	0	0	0	0	0	0	0	0	0	0	0	0	284	0	0	0	0	0	0	11

82	assemblage-497-501	0	0	0	0	0	16	0	0	24	0	34	161	0	0	0	0	0	0	0	0	11	0	0	0	0	0	0	10	0	0	0	0	31	0	0	0	0	0	0	0	0	0	0	0	0	0	201	0	12
82	assemblage-570-928	0	0	0	0	0	0	0	0	0	22	0	0	0	34	0	0	29	68	0	0	0	0	0	58	0	0	0	0	30	0	0	0	0	0	0	0	0	0	0	0	0	249	0	0	0	0	0	0	10
82	assemblage-85-91	0	0	0	0	6	0	0	0	0	9	0	0	0	12	0	0	15	0	0	0	0	0	17	106	0	0	0	0	190	0	0	0	0	0	0	0	0	0	0	0	0	137	0	0	0	0	0	0	8

83	assemblage-497-501	0	0	0	0	0	16	0	0	24	0	34	161	0	0	0	0	0	0	0	0	11	0	0	0	0	0	0	10	0	0	0	0	31	0	0	0	0	0	0	0	0	0	0	0	0	0	201	0	12
83	assemblage-570-928	0	0	0	0	0	0	0	0	0	22	0	0	0	34	0	0	29	68	0	0	0	0	0	58	0	0	0	0	30	0	0	0	0	0	0	0	0	0	0	0	0	249	0	0	0	0	0	0	10
83	assemblage-920-847	0	0	0	0	0	0	0	0	0	0	0	0	0	0	0	0	0	0	0	0	0	0	0	0	114	0	0	0	0	360	10	0	0	0	0	0	5	0	0	0	0	0	0	0	0	0	0	0	11

84	assemblage-497-501	0	0	0	0	0	16	0	0	24	0	34	161	0	0	0	0	0	0	0	0	11	0	0	0	0	0	0	10	0	0	0	0	31	0	0	0	0	0	0	0	0	0	0	0	0	0	201	0	12
84	assemblage-570-928	0	0	0	0	0	0	0	0	0	22	0	0	0	34	0	0	29	68	0	0	0	0	0	58	0	0	0	0	30	0	0	0	0	0	0	0	0	0	0	0	0	249	0	0	0	0	0	0	10
84	assemblage-595-143	0	0	0	0	0	0	0	0	0	23	0	0	0	31	0	0	18	50	0	0	0	0	0	52	0	0	0	0	31	0	0	0	0	0	0	0	0	0	0	0	0	284	0	0	0	0	0	0	11

85	assemblage-497-501	0	0	0	0	0	16	0	0	24	0	34	161	0	0	0	0	0	0	0	0	11	0	0	0	0	0	0	10	0	0	0	0	31	0	0	0	0	0	0	0	0	0	0	0	0	0	201	0	12
85	assemblage-491-351	0	0	0	0	0	137	0	0	0	0	0	0	0	0	0	0	0	0	0	0	0	0	0	0	0	6	0	0	0	24	0	0	0	0	0	0	0	0	0	0	0	218	0	0	0	0	99	0	16
85	assemblage-85-91	0	0	0	0	6	0	0	0	0	9	0	0	0	12	0	0	15	0	0	0	0	0	17	106	0	0	0	0	190	0	0	0	0	0	0	0	0	0	0	0	0	137	0	0	0	0	0	0	8

86	assemblage-497-501	0	0	0	0	0	16	0	0	24	0	34	161	0	0	0	0	0	0	0	0	11	0	0	0	0	0	0	10	0	0	0	0	31	0	0	0	0	0	0	0	0	0	0	0	0	0	201	0	12
86	assemblage-491-351	0	0	0	0	0	137	0	0	0	0	0	0	0	0	0	0	0	0	0	0	0	0	0	0	0	6	0	0	0	24	0	0	0	0	0	0	0	0	0	0	0	218	0	0	0	0	99	0	16
86	assemblage-480-533	0	0	0	0	0	0	0	0	0	0	0	0	0	0	0	0	0	0	0	0	0	0	0	55	0	0	0	0	0	0	0	0	0	0	0	0	0	0	0	0	0	426	0	0	0	0	15	0	4

87	assemblage-497-501	0	0	0	0	0	16	0	0	24	0	34	161	0	0	0	0	0	0	0	0	11	0	0	0	0	0	0	10	0	0	0	0	31	0	0	0	0	0	0	0	0	0	0	0	0	0	201	0	12
87	assemblage-491-351	0	0	0	0	0	137	0	0	0	0	0	0	0	0	0	0	0	0	0	0	0	0	0	0	0	6	0	0	0	24	0	0	0	0	0	0	0	0	0	0	0	218	0	0	0	0	99	0	16
87	assemblage-604-776	0	0	0	0	20	0	0	0	0	0	0	0	0	0	0	0	0	0	0	0	0	0	0	202	0	0	0	0	0	0	0	0	0	0	0	0	0	0	0	0	0	267	0	0	0	0	4	0	7

88	assemblage-497-501	0	0	0	0	0	16	0	0	24	0	34	161	0	0	0	0	0	0	0	0	11	0	0	0	0	0	0	10	0	0	0	0	31	0	0	0	0	0	0	0	0	0	0	0	0	0	201	0	12
88	assemblage-491-351	0	0	0	0	0	137	0	0	0	0	0	0	0	0	0	0	0	0	0	0	0	0	0	0	0	6	0	0	0	24	0	0	0	0	0	0	0	0	0	0	0	218	0	0	0	0	99	0	16
88	assemblage-920-847	0	0	0	0	0	0	0	0	0	0	0	0	0	0	0	0	0	0	0	0	0	0	0	0	114	0	0	0	0	360	10	0	0	0	0	0	5	0	0	0	0	0	0	0	0	0	0	0	11

89	assemblage-497-501	0	0	0	0	0	16	0	0	24	0	34	161	0	0	0	0	0	0	0	0	11	0	0	0	0	0	0	10	0	0	0	0	31	0	0	0	0	0	0	0	0	0	0	0	0	0	201	0	12
89	assemblage-491-351	0	0	0	0	0	137	0	0	0	0	0	0	0	0	0	0	0	0	0	0	0	0	0	0	0	6	0	0	0	24	0	0	0	0	0	0	0	0	0	0	0	218	0	0	0	0	99	0	16
89	assemblage-595-143	0	0	0	0	0	0	0	0	0	23	0	0	0	31	0	0	18	50	0	0	0	0	0	52	0	0	0	0	31	0	0	0	0	0	0	0	0	0	0	0	0	284	0	0	0	0	0	0	11

90	assemblage-497-501	0	0	0	0	0	16	0	0	24	0	34	161	0	0	0	0	0	0	0	0	11	0	0	0	0	0	0	10	0	0	0	0	31	0	0	0	0	0	0	0	0	0	0	0	0	0	201	0	12
90	assemblage-491-351	0	0	0	0	0	137	0	0	0	0	0	0	0	0	0	0	0	0	0	0	0	0	0	0	0	6	0	0	0	24	0	0	0	0	0	0	0	0	0	0	0	218	0	0	0	0	99	0	16
90	assemblage-570-928	0	0	0	0	0	0	0	0	0	22	0	0	0	34	0	0	29	68	0	0	0	0	0	58	0	0	0	0	30	0	0	0	0	0	0	0	0	0	0	0	0	249	0	0	0	0	0	0	10

91	assemblage-497-501	0	0	0	0	0	16	0	0	24	0	34	161	0	0	0	0	0	0	0	0	11	0	0	0	0	0	0	10	0	0	0	0	31	0	0	0	0	0	0	0	0	0	0	0	0	0	201	0	12
91	assemblage-853-282	0	0	0	0	0	0	0	0	0	5	0	0	0	0	0	0	0	0	0	26	0	0	0	0	0	0	0	0	6	0	0	0	0	0	0	0	0	0	0	0	0	448	0	0	0	0	0	0	15
91	assemblage-85-91	0	0	0	0	6	0	0	0	0	9	0	0	0	12	0	0	15	0	0	0	0	0	17	106	0	0	0	0	190	0	0	0	0	0	0	0	0	0	0	0	0	137	0	0	0	0	0	0	8

92	assemblage-497-501	0	0	0	0	0	16	0	0	24	0	34	161	0	0	0	0	0	0	0	0	11	0	0	0	0	0	0	10	0	0	0	0	31	0	0	0	0	0	0	0	0	0	0	0	0	0	201	0	12
92	assemblage-853-282	0	0	0	0	0	0	0	0	0	5	0	0	0	0	0	0	0	0	0	26	0	0	0	0	0	0	0	0	6	0	0	0	0	0	0	0	0	0	0	0	0	448	0	0	0	0	0	0	15
92	assemblage-920-847	0	0	0	0	0	0	0	0	0	0	0	0	0	0	0	0	0	0	0	0	0	0	0	0	114	0	0	0	0	360	10	0	0	0	0	0	5	0	0	0	0	0	0	0	0	0	0	0	11

93	assemblage-497-501	0	0	0	0	0	16	0	0	24	0	34	161	0	0	0	0	0	0	0	0	11	0	0	0	0	0	0	10	0	0	0	0	31	0	0	0	0	0	0	0	0	0	0	0	0	0	201	0	12
93	assemblage-853-282	0	0	0	0	0	0	0	0	0	5	0	0	0	0	0	0	0	0	0	26	0	0	0	0	0	0	0	0	6	0	0	0	0	0	0	0	0	0	0	0	0	448	0	0	0	0	0	0	15
93	assemblage-595-143	0	0	0	0	0	0	0	0	0	23	0	0	0	31	0	0	18	50	0	0	0	0	0	52	0	0	0	0	31	0	0	0	0	0	0	0	0	0	0	0	0	284	0	0	0	0	0	0	11

94	assemblage-497-501	0	0	0	0	0	16	0	0	24	0	34	161	0	0	0	0	0	0	0	0	11	0	0	0	0	0	0	10	0	0	0	0	31	0	0	0	0	0	0	0	0	0	0	0	0	0	201	0	12
94	assemblage-853-282	0	0	0	0	0	0	0	0	0	5	0	0	0	0	0	0	0	0	0	26	0	0	0	0	0	0	0	0	6	0	0	0	0	0	0	0	0	0	0	0	0	448	0	0	0	0	0	0	15
94	assemblage-570-928	0	0	0	0	0	0	0	0	0	22	0	0	0	34	0	0	29	68	0	0	0	0	0	58	0	0	0	0	30	0	0	0	0	0	0	0	0	0	0	0	0	249	0	0	0	0	0	0	10

95	assemblage-497-501	0	0	0	0	0	16	0	0	24	0	34	161	0	0	0	0	0	0	0	0	11	0	0	0	0	0	0	10	0	0	0	0	31	0	0	0	0	0	0	0	0	0	0	0	0	0	201	0	12
95	assemblage-481-503	0	0	0	0	0	144	0	13	0	0	0	0	0	0	0	0	0	0	0	0	0	0	0	0	0	0	0	0	0	11	0	0	0	0	0	0	0	0	0	0	0	258	0	0	0	0	61	0	13
95	assemblage-85-91	0	0	0	0	6	0	0	0	0	9	0	0	0	12	0	0	15	0	0	0	0	0	17	106	0	0	0	0	190	0	0	0	0	0	0	0	0	0	0	0	0	137	0	0	0	0	0	0	8

96	assemblage-497-501	0	0	0	0	0	16	0	0	24	0	34	161	0	0	0	0	0	0	0	0	11	0	0	0	0	0	0	10	0	0	0	0	31	0	0	0	0	0	0	0	0	0	0	0	0	0	201	0	12
96	assemblage-481-503	0	0	0	0	0	144	0	13	0	0	0	0	0	0	0	0	0	0	0	0	0	0	0	0	0	0	0	0	0	11	0	0	0	0	0	0	0	0	0	0	0	258	0	0	0	0	61	0	13
96	assemblage-480-533	0	0	0	0	0	0	0	0	0	0	0	0	0	0	0	0	0	0	0	0	0	0	0	55	0	0	0	0	0	0	0	0	0	0	0	0	0	0	0	0	0	426	0	0	0	0	15	0	4

97	assemblage-497-501	0	0	0	0	0	16	0	0	24	0	34	161	0	0	0	0	0	0	0	0	11	0	0	0	0	0	0	10	0	0	0	0	31	0	0	0	0	0	0	0	0	0	0	0	0	0	201	0	12
97	assemblage-481-503	0	0	0	0	0	144	0	13	0	0	0	0	0	0	0	0	0	0	0	0	0	0	0	0	0	0	0	0	0	11	0	0	0	0	0	0	0	0	0	0	0	258	0	0	0	0	61	0	13
97	assemblage-604-776	0	0	0	0	20	0	0	0	0	0	0	0	0	0	0	0	0	0	0	0	0	0	0	202	0	0	0	0	0	0	0	0	0	0	0	0	0	0	0	0	0	267	0	0	0	0	4	0	7

98	assemblage-497-501	0	0	0	0	0	16	0	0	24	0	34	161	0	0	0	0	0	0	0	0	11	0	0	0	0	0	0	10	0	0	0	0	31	0	0	0	0	0	0	0	0	0	0	0	0	0	201	0	12
98	assemblage-481-503	0	0	0	0	0	144	0	13	0	0	0	0	0	0	0	0	0	0	0	0	0	0	0	0	0	0	0	0	0	11	0	0	0	0	0	0	0	0	0	0	0	258	0	0	0	0	61	0	13
98	assemblage-920-847	0	0	0	0	0	0	0	0	0	0	0	0	0	0	0	0	0	0	0	0	0	0	0	0	114	0	0	0	0	360	10	0	0	0	0	0	5	0	0	0	0	0	0	0	0	0	0	0	11

99	assemblage-497-501	0	0	0	0	0	16	0	0	24	0	34	161	0	0	0	0	0	0	0	0	11	0	0	0	0	0	0	10	0	0	0	0	31	0	0	0	0	0	0	0	0	0	0	0	0	0	201	0	12
99	assemblage-481-503	0	0	0	0	0	144	0	13	0	0	0	0	0	0	0	0	0	0	0	0	0	0	0	0	0	0	0	0	0	11	0	0	0	0	0	0	0	0	0	0	0	258	0	0	0	0	61	0	13
99	assemblage-595-143	0	0	0	0	0	0	0	0	0	23	0	0	0	31	0	0	18	50	0	0	0	0	0	52	0	0	0	0	31	0	0	0	0	0	0	0	0	0	0	0	0	284	0	0	0	0	0	0	11

100	assemblage-497-501	0	0	0	0	0	16	0	0	24	0	34	161	0	0	0	0	0	0	0	0	11	0	0	0	0	0	0	10	0	0	0	0	31	0	0	0	0	0	0	0	0	0	0	0	0	0	201	0	12
100	assemblage-481-503	0	0	0	0	0	144	0	13	0	0	0	0	0	0	0	0	0	0	0	0	0	0	0	0	0	0	0	0	0	11	0	0	0	0	0	0	0	0	0	0	0	258	0	0	0	0	61	0	13
100	assemblage-570-928	0	0	0	0	0	0	0	0	0	22	0	0	0	34	0	0	29	68	0	0	0	0	0	58	0	0	0	0	30	0	0	0	0	0	0	0	0	0	0	0	0	249	0	0	0	0	0	0	10

101	assemblage-497-501	0	0	0	0	0	16	0	0	24	0	34	161	0	0	0	0	0	0	0	0	11	0	0	0	0	0	0	10	0	0	0	0	31	0	0	0	0	0	0	0	0	0	0	0	0	0	201	0	12
101	assemblage-481-503	0	0	0	0	0	144	0	13	0	0	0	0	0	0	0	0	0	0	0	0	0	0	0	0	0	0	0	0	0	11	0	0	0	0	0	0	0	0	0	0	0	258	0	0	0	0	61	0	13
101	assemblage-853-282	0	0	0	0	0	0	0	0	0	5	0	0	0	0	0	0	0	0	0	26	0	0	0	0	0	0	0	0	6	0	0	0	0	0	0	0	0	0	0	0	0	448	0	0	0	0	0	0	15

102	assemblage-497-501	0	0	0	0	0	16	0	0	24	0	34	161	0	0	0	0	0	0	0	0	11	0	0	0	0	0	0	10	0	0	0	0	31	0	0	0	0	0	0	0	0	0	0	0	0	0	201	0	12
102	assemblage-164-788	0	0	0	0	0	0	0	0	0	0	0	0	55	0	0	0	0	0	0	0	0	0	0	0	15	0	0	0	0	9	146	113	0	0	0	0	0	0	0	0	0	137	17	0	0	0	0	0	8
102	assemblage-85-91	0	0	0	0	6	0	0	0	0	9	0	0	0	12	0	0	15	0	0	0	0	0	17	106	0	0	0	0	190	0	0	0	0	0	0	0	0	0	0	0	0	137	0	0	0	0	0	0	8

103	assemblage-497-501	0	0	0	0	0	16	0	0	24	0	34	161	0	0	0	0	0	0	0	0	11	0	0	0	0	0	0	10	0	0	0	0	31	0	0	0	0	0	0	0	0	0	0	0	0	0	201	0	12
103	assemblage-953-953	0	0	0	0	0	132	0	0	0	0	0	0	0	0	0	0	0	0	0	0	0	0	0	3	0	5	0	0	0	30	0	0	0	0	0	0	0	0	0	0	9	209	0	0	0	0	104	0	8
103	assemblage-85-91	0	0	0	0	6	0	0	0	0	9	0	0	0	12	0	0	15	0	0	0	0	0	17	106	0	0	0	0	190	0	0	0	0	0	0	0	0	0	0	0	0	137	0	0	0	0	0	0	8

104	assemblage-497-501	0	0	0	0	0	16	0	0	24	0	34	161	0	0	0	0	0	0	0	0	11	0	0	0	0	0	0	10	0	0	0	0	31	0	0	0	0	0	0	0	0	0	0	0	0	0	201	0	12
104	assemblage-953-953	0	0	0	0	0	132	0	0	0	0	0	0	0	0	0	0	0	0	0	0	0	0	0	3	0	5	0	0	0	30	0	0	0	0	0	0	0	0	0	0	9	209	0	0	0	0	104	0	8
104	assemblage-480-533	0	0	0	0	0	0	0	0	0	0	0	0	0	0	0	0	0	0	0	0	0	0	0	55	0	0	0	0	0	0	0	0	0	0	0	0	0	0	0	0	0	426	0	0	0	0	15	0	4

105	assemblage-497-501	0	0	0	0	0	16	0	0	24	0	34	161	0	0	0	0	0	0	0	0	11	0	0	0	0	0	0	10	0	0	0	0	31	0	0	0	0	0	0	0	0	0	0	0	0	0	201	0	12
105	assemblage-953-953	0	0	0	0	0	132	0	0	0	0	0	0	0	0	0	0	0	0	0	0	0	0	0	3	0	5	0	0	0	30	0	0	0	0	0	0	0	0	0	0	9	209	0	0	0	0	104	0	8
105	assemblage-604-776	0	0	0	0	20	0	0	0	0	0	0	0	0	0	0	0	0	0	0	0	0	0	0	202	0	0	0	0	0	0	0	0	0	0	0	0	0	0	0	0	0	267	0	0	0	0	4	0	7

106	assemblage-497-501	0	0	0	0	0	16	0	0	24	0	34	161	0	0	0	0	0	0	0	0	11	0	0	0	0	0	0	10	0	0	0	0	31	0	0	0	0	0	0	0	0	0	0	0	0	0	201	0	12
106	assemblage-953-953	0	0	0	0	0	132	0	0	0	0	0	0	0	0	0	0	0	0	0	0	0	0	0	3	0	5	0	0	0	30	0	0	0	0	0	0	0	0	0	0	9	209	0	0	0	0	104	0	8
106	assemblage-164-788	0	0	0	0	0	0	0	0	0	0	0	0	55	0	0	0	0	0	0	0	0	0	0	0	15	0	0	0	0	9	146	113	0	0	0	0	0	0	0	0	0	137	17	0	0	0	0	0	8

107	assemblage-497-501	0	0	0	0	0	16	0	0	24	0	34	161	0	0	0	0	0	0	0	0	11	0	0	0	0	0	0	10	0	0	0	0	31	0	0	0	0	0	0	0	0	0	0	0	0	0	201	0	12
107	assemblage-973-856	0	0	0	0	0	90	0	0	0	0	0	0	0	0	0	0	0	0	0	0	0	0	0	225	0	2	0	0	0	123	0	0	0	0	0	0	0	0	10	0	0	17	0	0	0	0	24	0	9
107	assemblage-85-91	0	0	0	0	6	0	0	0	0	9	0	0	0	12	0	0	15	0	0	0	0	0	17	106	0	0	0	0	190	0	0	0	0	0	0	0	0	0	0	0	0	137	0	0	0	0	0	0	8

108	assemblage-497-501	0	0	0	0	0	16	0	0	24	0	34	161	0	0	0	0	0	0	0	0	11	0	0	0	0	0	0	10	0	0	0	0	31	0	0	0	0	0	0	0	0	0	0	0	0	0	201	0	12
108	assemblage-973-856	0	0	0	0	0	90	0	0	0	0	0	0	0	0	0	0	0	0	0	0	0	0	0	225	0	2	0	0	0	123	0	0	0	0	0	0	0	0	10	0	0	17	0	0	0	0	24	0	9
108	assemblage-480-533	0	0	0	0	0	0	0	0	0	0	0	0	0	0	0	0	0	0	0	0	0	0	0	55	0	0	0	0	0	0	0	0	0	0	0	0	0	0	0	0	0	426	0	0	0	0	15	0	4

109	assemblage-497-501	0	0	0	0	0	16	0	0	24	0	34	161	0	0	0	0	0	0	0	0	11	0	0	0	0	0	0	10	0	0	0	0	31	0	0	0	0	0	0	0	0	0	0	0	0	0	201	0	12
109	assemblage-973-856	0	0	0	0	0	90	0	0	0	0	0	0	0	0	0	0	0	0	0	0	0	0	0	225	0	2	0	0	0	123	0	0	0	0	0	0	0	0	10	0	0	17	0	0	0	0	24	0	9
109	assemblage-604-776	0	0	0	0	20	0	0	0	0	0	0	0	0	0	0	0	0	0	0	0	0	0	0	202	0	0	0	0	0	0	0	0	0	0	0	0	0	0	0	0	0	267	0	0	0	0	4	0	7

110	assemblage-497-501	0	0	0	0	0	16	0	0	24	0	34	161	0	0	0	0	0	0	0	0	11	0	0	0	0	0	0	10	0	0	0	0	31	0	0	0	0	0	0	0	0	0	0	0	0	0	201	0	12
110	assemblage-973-856	0	0	0	0	0	90	0	0	0	0	0	0	0	0	0	0	0	0	0	0	0	0	0	225	0	2	0	0	0	123	0	0	0	0	0	0	0	0	10	0	0	17	0	0	0	0	24	0	9
110	assemblage-570-928	0	0	0	0	0	0	0	0	0	22	0	0	0	34	0	0	29	68	0	0	0	0	0	58	0	0	0	0	30	0	0	0	0	0	0	0	0	0	0	0	0	249	0	0	0	0	0	0	10

111	assemblage-497-501	0	0	0	0	0	16	0	0	24	0	34	161	0	0	0	0	0	0	0	0	11	0	0	0	0	0	0	10	0	0	0	0	31	0	0	0	0	0	0	0	0	0	0	0	0	0	201	0	12
111	assemblage-973-856	0	0	0	0	0	90	0	0	0	0	0	0	0	0	0	0	0	0	0	0	0	0	0	225	0	2	0	0	0	123	0	0	0	0	0	0	0	0	10	0	0	17	0	0	0	0	24	0	9
111	assemblage-164-788	0	0	0	0	0	0	0	0	0	0	0	0	55	0	0	0	0	0	0	0	0	0	0	0	15	0	0	0	0	9	146	113	0	0	0	0	0	0	0	0	0	137	17	0	0	0	0	0	8

112	assemblage-123-800	0	0	0	0	0	0	0	0	0	0	0	0	44	0	0	0	0	0	0	0	0	0	0	0	15	0	0	0	0	13	164	108	0	0	0	0	0	0	0	0	0	138	10	0	0	0	0	0	8
112	assemblage-604-776	0	0	0	0	20	0	0	0	0	0	0	0	0	0	0	0	0	0	0	0	0	0	0	202	0	0	0	0	0	0	0	0	0	0	0	0	0	0	0	0	0	267	0	0	0	0	4	0	7
112	assemblage-85-91	0	0	0	0	6	0	0	0	0	9	0	0	0	12	0	0	15	0	0	0	0	0	17	106	0	0	0	0	190	0	0	0	0	0	0	0	0	0	0	0	0	137	0	0	0	0	0	0	8

113	assemblage-123-800	0	0	0	0	0	0	0	0	0	0	0	0	44	0	0	0	0	0	0	0	0	0	0	0	15	0	0	0	0	13	164	108	0	0	0	0	0	0	0	0	0	138	10	0	0	0	0	0	8
113	assemblage-604-776	0	0	0	0	20	0	0	0	0	0	0	0	0	0	0	0	0	0	0	0	0	0	0	202	0	0	0	0	0	0	0	0	0	0	0	0	0	0	0	0	0	267	0	0	0	0	4	0	7
113	assemblage-480-533	0	0	0	0	0	0	0	0	0	0	0	0	0	0	0	0	0	0	0	0	0	0	0	55	0	0	0	0	0	0	0	0	0	0	0	0	0	0	0	0	0	426	0	0	0	0	15	0	4

114	assemblage-123-800	0	0	0	0	0	0	0	0	0	0	0	0	44	0	0	0	0	0	0	0	0	0	0	0	15	0	0	0	0	13	164	108	0	0	0	0	0	0	0	0	0	138	10	0	0	0	0	0	8
114	assemblage-595-143	0	0	0	0	0	0	0	0	0	23	0	0	0	31	0	0	18	50	0	0	0	0	0	52	0	0	0	0	31	0	0	0	0	0	0	0	0	0	0	0	0	284	0	0	0	0	0	0	11
114	assemblage-85-91	0	0	0	0	6	0	0	0	0	9	0	0	0	12	0	0	15	0	0	0	0	0	17	106	0	0	0	0	190	0	0	0	0	0	0	0	0	0	0	0	0	137	0	0	0	0	0	0	8

115	assemblage-123-800	0	0	0	0	0	0	0	0	0	0	0	0	44	0	0	0	0	0	0	0	0	0	0	0	15	0	0	0	0	13	164	108	0	0	0	0	0	0	0	0	0	138	10	0	0	0	0	0	8
115	assemblage-595-143	0	0	0	0	0	0	0	0	0	23	0	0	0	31	0	0	18	50	0	0	0	0	0	52	0	0	0	0	31	0	0	0	0	0	0	0	0	0	0	0	0	284	0	0	0	0	0	0	11
115	assemblage-480-533	0	0	0	0	0	0	0	0	0	0	0	0	0	0	0	0	0	0	0	0	0	0	0	55	0	0	0	0	0	0	0	0	0	0	0	0	0	0	0	0	0	426	0	0	0	0	15	0	4

116	assemblage-123-800	0	0	0	0	0	0	0	0	0	0	0	0	44	0	0	0	0	0	0	0	0	0	0	0	15	0	0	0	0	13	164	108	0	0	0	0	0	0	0	0	0	138	10	0	0	0	0	0	8
116	assemblage-595-143	0	0	0	0	0	0	0	0	0	23	0	0	0	31	0	0	18	50	0	0	0	0	0	52	0	0	0	0	31	0	0	0	0	0	0	0	0	0	0	0	0	284	0	0	0	0	0	0	11
116	assemblage-604-776	0	0	0	0	20	0	0	0	0	0	0	0	0	0	0	0	0	0	0	0	0	0	0	202	0	0	0	0	0	0	0	0	0	0	0	0	0	0	0	0	0	267	0	0	0	0	4	0	7

117	assemblage-123-800	0	0	0	0	0	0	0	0	0	0	0	0	44	0	0	0	0	0	0	0	0	0	0	0	15	0	0	0	0	13	164	108	0	0	0	0	0	0	0	0	0	138	10	0	0	0	0	0	8
117	assemblage-570-928	0	0	0	0	0	0	0	0	0	22	0	0	0	34	0	0	29	68	0	0	0	0	0	58	0	0	0	0	30	0	0	0	0	0	0	0	0	0	0	0	0	249	0	0	0	0	0	0	10
117	assemblage-85-91	0	0	0	0	6	0	0	0	0	9	0	0	0	12	0	0	15	0	0	0	0	0	17	106	0	0	0	0	190	0	0	0	0	0	0	0	0	0	0	0	0	137	0	0	0	0	0	0	8

118	assemblage-123-800	0	0	0	0	0	0	0	0	0	0	0	0	44	0	0	0	0	0	0	0	0	0	0	0	15	0	0	0	0	13	164	108	0	0	0	0	0	0	0	0	0	138	10	0	0	0	0	0	8
118	assemblage-570-928	0	0	0	0	0	0	0	0	0	22	0	0	0	34	0	0	29	68	0	0	0	0	0	58	0	0	0	0	30	0	0	0	0	0	0	0	0	0	0	0	0	249	0	0	0	0	0	0	10
118	assemblage-480-533	0	0	0	0	0	0	0	0	0	0	0	0	0	0	0	0	0	0	0	0	0	0	0	55	0	0	0	0	0	0	0	0	0	0	0	0	0	0	0	0	0	426	0	0	0	0	15	0	4

119	assemblage-123-800	0	0	0	0	0	0	0	0	0	0	0	0	44	0	0	0	0	0	0	0	0	0	0	0	15	0	0	0	0	13	164	108	0	0	0	0	0	0	0	0	0	138	10	0	0	0	0	0	8
119	assemblage-570-928	0	0	0	0	0	0	0	0	0	22	0	0	0	34	0	0	29	68	0	0	0	0	0	58	0	0	0	0	30	0	0	0	0	0	0	0	0	0	0	0	0	249	0	0	0	0	0	0	10
119	assemblage-604-776	0	0	0	0	20	0	0	0	0	0	0	0	0	0	0	0	0	0	0	0	0	0	0	202	0	0	0	0	0	0	0	0	0	0	0	0	0	0	0	0	0	267	0	0	0	0	4	0	7

120	assemblage-123-800	0	0	0	0	0	0	0	0	0	0	0	0	44	0	0	0	0	0	0	0	0	0	0	0	15	0	0	0	0	13	164	108	0	0	0	0	0	0	0	0	0	138	10	0	0	0	0	0	8
120	assemblage-570-928	0	0	0	0	0	0	0	0	0	22	0	0	0	34	0	0	29	68	0	0	0	0	0	58	0	0	0	0	30	0	0	0	0	0	0	0	0	0	0	0	0	249	0	0	0	0	0	0	10
120	assemblage-595-143	0	0	0	0	0	0	0	0	0	23	0	0	0	31	0	0	18	50	0	0	0	0	0	52	0	0	0	0	31	0	0	0	0	0	0	0	0	0	0	0	0	284	0	0	0	0	0	0	11

121	assemblage-123-800	0	0	0	0	0	0	0	0	0	0	0	0	44	0	0	0	0	0	0	0	0	0	0	0	15	0	0	0	0	13	164	108	0	0	0	0	0	0	0	0	0	138	10	0	0	0	0	0	8
121	assemblage-491-351	0	0	0	0	0	137	0	0	0	0	0	0	0	0	0	0	0	0	0	0	0	0	0	0	0	6	0	0	0	24	0	0	0	0	0	0	0	0	0	0	0	218	0	0	0	0	99	0	16
121	assemblage-85-91	0	0	0	0	6	0	0	0	0	9	0	0	0	12	0	0	15	0	0	0	0	0	17	106	0	0	0	0	190	0	0	0	0	0	0	0	0	0	0	0	0	137	0	0	0	0	0	0	8

122	assemblage-123-800	0	0	0	0	0	0	0	0	0	0	0	0	44	0	0	0	0	0	0	0	0	0	0	0	15	0	0	0	0	13	164	108	0	0	0	0	0	0	0	0	0	138	10	0	0	0	0	0	8
122	assemblage-491-351	0	0	0	0	0	137	0	0	0	0	0	0	0	0	0	0	0	0	0	0	0	0	0	0	0	6	0	0	0	24	0	0	0	0	0	0	0	0	0	0	0	218	0	0	0	0	99	0	16
122	assemblage-480-533	0	0	0	0	0	0	0	0	0	0	0	0	0	0	0	0	0	0	0	0	0	0	0	55	0	0	0	0	0	0	0	0	0	0	0	0	0	0	0	0	0	426	0	0	0	0	15	0	4

123	assemblage-123-800	0	0	0	0	0	0	0	0	0	0	0	0	44	0	0	0	0	0	0	0	0	0	0	0	15	0	0	0	0	13	164	108	0	0	0	0	0	0	0	0	0	138	10	0	0	0	0	0	8
123	assemblage-491-351	0	0	0	0	0	137	0	0	0	0	0	0	0	0	0	0	0	0	0	0	0	0	0	0	0	6	0	0	0	24	0	0	0	0	0	0	0	0	0	0	0	218	0	0	0	0	99	0	16
123	assemblage-604-776	0	0	0	0	20	0	0	0	0	0	0	0	0	0	0	0	0	0	0	0	0	0	0	202	0	0	0	0	0	0	0	0	0	0	0	0	0	0	0	0	0	267	0	0	0	0	4	0	7

124	assemblage-123-800	0	0	0	0	0	0	0	0	0	0	0	0	44	0	0	0	0	0	0	0	0	0	0	0	15	0	0	0	0	13	164	108	0	0	0	0	0	0	0	0	0	138	10	0	0	0	0	0	8
124	assemblage-491-351	0	0	0	0	0	137	0	0	0	0	0	0	0	0	0	0	0	0	0	0	0	0	0	0	0	6	0	0	0	24	0	0	0	0	0	0	0	0	0	0	0	218	0	0	0	0	99	0	16
124	assemblage-595-143	0	0	0	0	0	0	0	0	0	23	0	0	0	31	0	0	18	50	0	0	0	0	0	52	0	0	0	0	31	0	0	0	0	0	0	0	0	0	0	0	0	284	0	0	0	0	0	0	11

125	assemblage-123-800	0	0	0	0	0	0	0	0	0	0	0	0	44	0	0	0	0	0	0	0	0	0	0	0	15	0	0	0	0	13	164	108	0	0	0	0	0	0	0	0	0	138	10	0	0	0	0	0	8
125	assemblage-491-351	0	0	0	0	0	137	0	0	0	0	0	0	0	0	0	0	0	0	0	0	0	0	0	0	0	6	0	0	0	24	0	0	0	0	0	0	0	0	0	0	0	218	0	0	0	0	99	0	16
125	assemblage-570-928	0	0	0	0	0	0	0	0	0	22	0	0	0	34	0	0	29	68	0	0	0	0	0	58	0	0	0	0	30	0	0	0	0	0	0	0	0	0	0	0	0	249	0	0	0	0	0	0	10

126	assemblage-123-800	0	0	0	0	0	0	0	0	0	0	0	0	44	0	0	0	0	0	0	0	0	0	0	0	15	0	0	0	0	13	164	108	0	0	0	0	0	0	0	0	0	138	10	0	0	0	0	0	8
126	assemblage-853-282	0	0	0	0	0	0	0	0	0	5	0	0	0	0	0	0	0	0	0	26	0	0	0	0	0	0	0	0	6	0	0	0	0	0	0	0	0	0	0	0	0	448	0	0	0	0	0	0	15
126	assemblage-85-91	0	0	0	0	6	0	0	0	0	9	0	0	0	12	0	0	15	0	0	0	0	0	17	106	0	0	0	0	190	0	0	0	0	0	0	0	0	0	0	0	0	137	0	0	0	0	0	0	8

127	assemblage-123-800	0	0	0	0	0	0	0	0	0	0	0	0	44	0	0	0	0	0	0	0	0	0	0	0	15	0	0	0	0	13	164	108	0	0	0	0	0	0	0	0	0	138	10	0	0	0	0	0	8
127	assemblage-853-282	0	0	0	0	0	0	0	0	0	5	0	0	0	0	0	0	0	0	0	26	0	0	0	0	0	0	0	0	6	0	0	0	0	0	0	0	0	0	0	0	0	448	0	0	0	0	0	0	15
127	assemblage-480-533	0	0	0	0	0	0	0	0	0	0	0	0	0	0	0	0	0	0	0	0	0	0	0	55	0	0	0	0	0	0	0	0	0	0	0	0	0	0	0	0	0	426	0	0	0	0	15	0	4

128	assemblage-123-800	0	0	0	0	0	0	0	0	0	0	0	0	44	0	0	0	0	0	0	0	0	0	0	0	15	0	0	0	0	13	164	108	0	0	0	0	0	0	0	0	0	138	10	0	0	0	0	0	8
128	assemblage-853-282	0	0	0	0	0	0	0	0	0	5	0	0	0	0	0	0	0	0	0	26	0	0	0	0	0	0	0	0	6	0	0	0	0	0	0	0	0	0	0	0	0	448	0	0	0	0	0	0	15
128	assemblage-604-776	0	0	0	0	20	0	0	0	0	0	0	0	0	0	0	0	0	0	0	0	0	0	0	202	0	0	0	0	0	0	0	0	0	0	0	0	0	0	0	0	0	267	0	0	0	0	4	0	7

129	assemblage-123-800	0	0	0	0	0	0	0	0	0	0	0	0	44	0	0	0	0	0	0	0	0	0	0	0	15	0	0	0	0	13	164	108	0	0	0	0	0	0	0	0	0	138	10	0	0	0	0	0	8
129	assemblage-853-282	0	0	0	0	0	0	0	0	0	5	0	0	0	0	0	0	0	0	0	26	0	0	0	0	0	0	0	0	6	0	0	0	0	0	0	0	0	0	0	0	0	448	0	0	0	0	0	0	15
129	assemblage-595-143	0	0	0	0	0	0	0	0	0	23	0	0	0	31	0	0	18	50	0	0	0	0	0	52	0	0	0	0	31	0	0	0	0	0	0	0	0	0	0	0	0	284	0	0	0	0	0	0	11

130	assemblage-123-800	0	0	0	0	0	0	0	0	0	0	0	0	44	0	0	0	0	0	0	0	0	0	0	0	15	0	0	0	0	13	164	108	0	0	0	0	0	0	0	0	0	138	10	0	0	0	0	0	8
130	assemblage-853-282	0	0	0	0	0	0	0	0	0	5	0	0	0	0	0	0	0	0	0	26	0	0	0	0	0	0	0	0	6	0	0	0	0	0	0	0	0	0	0	0	0	448	0	0	0	0	0	0	15
130	assemblage-570-928	0	0	0	0	0	0	0	0	0	22	0	0	0	34	0	0	29	68	0	0	0	0	0	58	0	0	0	0	30	0	0	0	0	0	0	0	0	0	0	0	0	249	0	0	0	0	0	0	10

131	assemblage-123-800	0	0	0	0	0	0	0	0	0	0	0	0	44	0	0	0	0	0	0	0	0	0	0	0	15	0	0	0	0	13	164	108	0	0	0	0	0	0	0	0	0	138	10	0	0	0	0	0	8
131	assemblage-481-503	0	0	0	0	0	144	0	13	0	0	0	0	0	0	0	0	0	0	0	0	0	0	0	0	0	0	0	0	0	11	0	0	0	0	0	0	0	0	0	0	0	258	0	0	0	0	61	0	13
131	assemblage-85-91	0	0	0	0	6	0	0	0	0	9	0	0	0	12	0	0	15	0	0	0	0	0	17	106	0	0	0	0	190	0	0	0	0	0	0	0	0	0	0	0	0	137	0	0	0	0	0	0	8

132	assemblage-123-800	0	0	0	0	0	0	0	0	0	0	0	0	44	0	0	0	0	0	0	0	0	0	0	0	15	0	0	0	0	13	164	108	0	0	0	0	0	0	0	0	0	138	10	0	0	0	0	0	8
132	assemblage-481-503	0	0	0	0	0	144	0	13	0	0	0	0	0	0	0	0	0	0	0	0	0	0	0	0	0	0	0	0	0	11	0	0	0	0	0	0	0	0	0	0	0	258	0	0	0	0	61	0	13
132	assemblage-480-533	0	0	0	0	0	0	0	0	0	0	0	0	0	0	0	0	0	0	0	0	0	0	0	55	0	0	0	0	0	0	0	0	0	0	0	0	0	0	0	0	0	426	0	0	0	0	15	0	4

133	assemblage-123-800	0	0	0	0	0	0	0	0	0	0	0	0	44	0	0	0	0	0	0	0	0	0	0	0	15	0	0	0	0	13	164	108	0	0	0	0	0	0	0	0	0	138	10	0	0	0	0	0	8
133	assemblage-481-503	0	0	0	0	0	144	0	13	0	0	0	0	0	0	0	0	0	0	0	0	0	0	0	0	0	0	0	0	0	11	0	0	0	0	0	0	0	0	0	0	0	258	0	0	0	0	61	0	13
133	assemblage-604-776	0	0	0	0	20	0	0	0	0	0	0	0	0	0	0	0	0	0	0	0	0	0	0	202	0	0	0	0	0	0	0	0	0	0	0	0	0	0	0	0	0	267	0	0	0	0	4	0	7

134	assemblage-123-800	0	0	0	0	0	0	0	0	0	0	0	0	44	0	0	0	0	0	0	0	0	0	0	0	15	0	0	0	0	13	164	108	0	0	0	0	0	0	0	0	0	138	10	0	0	0	0	0	8
134	assemblage-481-503	0	0	0	0	0	144	0	13	0	0	0	0	0	0	0	0	0	0	0	0	0	0	0	0	0	0	0	0	0	11	0	0	0	0	0	0	0	0	0	0	0	258	0	0	0	0	61	0	13
134	assemblage-595-143	0	0	0	0	0	0	0	0	0	23	0	0	0	31	0	0	18	50	0	0	0	0	0	52	0	0	0	0	31	0	0	0	0	0	0	0	0	0	0	0	0	284	0	0	0	0	0	0	11

135	assemblage-123-800	0	0	0	0	0	0	0	0	0	0	0	0	44	0	0	0	0	0	0	0	0	0	0	0	15	0	0	0	0	13	164	108	0	0	0	0	0	0	0	0	0	138	10	0	0	0	0	0	8
135	assemblage-481-503	0	0	0	0	0	144	0	13	0	0	0	0	0	0	0	0	0	0	0	0	0	0	0	0	0	0	0	0	0	11	0	0	0	0	0	0	0	0	0	0	0	258	0	0	0	0	61	0	13
135	assemblage-570-928	0	0	0	0	0	0	0	0	0	22	0	0	0	34	0	0	29	68	0	0	0	0	0	58	0	0	0	0	30	0	0	0	0	0	0	0	0	0	0	0	0	249	0	0	0	0	0	0	10

136	assemblage-123-800	0	0	0	0	0	0	0	0	0	0	0	0	44	0	0	0	0	0	0	0	0	0	0	0	15	0	0	0	0	13	164	108	0	0	0	0	0	0	0	0	0	138	10	0	0	0	0	0	8
136	assemblage-164-788	0	0	0	0	0	0	0	0	0	0	0	0	55	0	0	0	0	0	0	0	0	0	0	0	15	0	0	0	0	9	146	113	0	0	0	0	0	0	0	0	0	137	17	0	0	0	0	0	8
136	assemblage-85-91	0	0	0	0	6	0	0	0	0	9	0	0	0	12	0	0	15	0	0	0	0	0	17	106	0	0	0	0	190	0	0	0	0	0	0	0	0	0	0	0	0	137	0	0	0	0	0	0	8

137	assemblage-123-800	0	0	0	0	0	0	0	0	0	0	0	0	44	0	0	0	0	0	0	0	0	0	0	0	15	0	0	0	0	13	164	108	0	0	0	0	0	0	0	0	0	138	10	0	0	0	0	0	8
137	assemblage-164-788	0	0	0	0	0	0	0	0	0	0	0	0	55	0	0	0	0	0	0	0	0	0	0	0	15	0	0	0	0	9	146	113	0	0	0	0	0	0	0	0	0	137	17	0	0	0	0	0	8
137	assemblage-480-533	0	0	0	0	0	0	0	0	0	0	0	0	0	0	0	0	0	0	0	0	0	0	0	55	0	0	0	0	0	0	0	0	0	0	0	0	0	0	0	0	0	426	0	0	0	0	15	0	4

138	assemblage-123-800	0	0	0	0	0	0	0	0	0	0	0	0	44	0	0	0	0	0	0	0	0	0	0	0	15	0	0	0	0	13	164	108	0	0	0	0	0	0	0	0	0	138	10	0	0	0	0	0	8
138	assemblage-164-788	0	0	0	0	0	0	0	0	0	0	0	0	55	0	0	0	0	0	0	0	0	0	0	0	15	0	0	0	0	9	146	113	0	0	0	0	0	0	0	0	0	137	17	0	0	0	0	0	8
138	assemblage-604-776	0	0	0	0	20	0	0	0	0	0	0	0	0	0	0	0	0	0	0	0	0	0	0	202	0	0	0	0	0	0	0	0	0	0	0	0	0	0	0	0	0	267	0	0	0	0	4	0	7

139	assemblage-123-800	0	0	0	0	0	0	0	0	0	0	0	0	44	0	0	0	0	0	0	0	0	0	0	0	15	0	0	0	0	13	164	108	0	0	0	0	0	0	0	0	0	138	10	0	0	0	0	0	8
139	assemblage-164-788	0	0	0	0	0	0	0	0	0	0	0	0	55	0	0	0	0	0	0	0	0	0	0	0	15	0	0	0	0	9	146	113	0	0	0	0	0	0	0	0	0	137	17	0	0	0	0	0	8
139	assemblage-595-143	0	0	0	0	0	0	0	0	0	23	0	0	0	31	0	0	18	50	0	0	0	0	0	52	0	0	0	0	31	0	0	0	0	0	0	0	0	0	0	0	0	284	0	0	0	0	0	0	11

140	assemblage-123-800	0	0	0	0	0	0	0	0	0	0	0	0	44	0	0	0	0	0	0	0	0	0	0	0	15	0	0	0	0	13	164	108	0	0	0	0	0	0	0	0	0	138	10	0	0	0	0	0	8
140	assemblage-164-788	0	0	0	0	0	0	0	0	0	0	0	0	55	0	0	0	0	0	0	0	0	0	0	0	15	0	0	0	0	9	146	113	0	0	0	0	0	0	0	0	0	137	17	0	0	0	0	0	8
140	assemblage-685-371	0	0	0	0	0	0	0	0	0	0	0	0	0	0	0	0	0	0	0	0	0	0	0	162	0	0	0	0	0	0	0	0	0	0	0	7	0	0	0	0	0	81	0	0	0	0	225	0	25

141	assemblage-123-800	0	0	0	0	0	0	0	0	0	0	0	0	44	0	0	0	0	0	0	0	0	0	0	0	15	0	0	0	0	13	164	108	0	0	0	0	0	0	0	0	0	138	10	0	0	0	0	0	8
141	assemblage-164-788	0	0	0	0	0	0	0	0	0	0	0	0	55	0	0	0	0	0	0	0	0	0	0	0	15	0	0	0	0	9	146	113	0	0	0	0	0	0	0	0	0	137	17	0	0	0	0	0	8
141	assemblage-570-928	0	0	0	0	0	0	0	0	0	22	0	0	0	34	0	0	29	68	0	0	0	0	0	58	0	0	0	0	30	0	0	0	0	0	0	0	0	0	0	0	0	249	0	0	0	0	0	0	10

142	assemblage-123-800	0	0	0	0	0	0	0	0	0	0	0	0	44	0	0	0	0	0	0	0	0	0	0	0	15	0	0	0	0	13	164	108	0	0	0	0	0	0	0	0	0	138	10	0	0	0	0	0	8
142	assemblage-164-788	0	0	0	0	0	0	0	0	0	0	0	0	55	0	0	0	0	0	0	0	0	0	0	0	15	0	0	0	0	9	146	113	0	0	0	0	0	0	0	0	0	137	17	0	0	0	0	0	8
142	assemblage-853-282	0	0	0	0	0	0	0	0	0	5	0	0	0	0	0	0	0	0	0	26	0	0	0	0	0	0	0	0	6	0	0	0	0	0	0	0	0	0	0	0	0	448	0	0	0	0	0	0	15

143	assemblage-123-800	0	0	0	0	0	0	0	0	0	0	0	0	44	0	0	0	0	0	0	0	0	0	0	0	15	0	0	0	0	13	164	108	0	0	0	0	0	0	0	0	0	138	10	0	0	0	0	0	8
143	assemblage-953-953	0	0	0	0	0	132	0	0	0	0	0	0	0	0	0	0	0	0	0	0	0	0	0	3	0	5	0	0	0	30	0	0	0	0	0	0	0	0	0	0	9	209	0	0	0	0	104	0	8
143	assemblage-85-91	0	0	0	0	6	0	0	0	0	9	0	0	0	12	0	0	15	0	0	0	0	0	17	106	0	0	0	0	190	0	0	0	0	0	0	0	0	0	0	0	0	137	0	0	0	0	0	0	8

144	assemblage-123-800	0	0	0	0	0	0	0	0	0	0	0	0	44	0	0	0	0	0	0	0	0	0	0	0	15	0	0	0	0	13	164	108	0	0	0	0	0	0	0	0	0	138	10	0	0	0	0	0	8
144	assemblage-953-953	0	0	0	0	0	132	0	0	0	0	0	0	0	0	0	0	0	0	0	0	0	0	0	3	0	5	0	0	0	30	0	0	0	0	0	0	0	0	0	0	9	209	0	0	0	0	104	0	8
144	assemblage-480-533	0	0	0	0	0	0	0	0	0	0	0	0	0	0	0	0	0	0	0	0	0	0	0	55	0	0	0	0	0	0	0	0	0	0	0	0	0	0	0	0	0	426	0	0	0	0	15	0	4

145	assemblage-123-800	0	0	0	0	0	0	0	0	0	0	0	0	44	0	0	0	0	0	0	0	0	0	0	0	15	0	0	0	0	13	164	108	0	0	0	0	0	0	0	0	0	138	10	0	0	0	0	0	8
145	assemblage-953-953	0	0	0	0	0	132	0	0	0	0	0	0	0	0	0	0	0	0	0	0	0	0	0	3	0	5	0	0	0	30	0	0	0	0	0	0	0	0	0	0	9	209	0	0	0	0	104	0	8
145	assemblage-604-776	0	0	0	0	20	0	0	0	0	0	0	0	0	0	0	0	0	0	0	0	0	0	0	202	0	0	0	0	0	0	0	0	0	0	0	0	0	0	0	0	0	267	0	0	0	0	4	0	7

146	assemblage-123-800	0	0	0	0	0	0	0	0	0	0	0	0	44	0	0	0	0	0	0	0	0	0	0	0	15	0	0	0	0	13	164	108	0	0	0	0	0	0	0	0	0	138	10	0	0	0	0	0	8
146	assemblage-953-953	0	0	0	0	0	132	0	0	0	0	0	0	0	0	0	0	0	0	0	0	0	0	0	3	0	5	0	0	0	30	0	0	0	0	0	0	0	0	0	0	9	209	0	0	0	0	104	0	8
146	assemblage-595-143	0	0	0	0	0	0	0	0	0	23	0	0	0	31	0	0	18	50	0	0	0	0	0	52	0	0	0	0	31	0	0	0	0	0	0	0	0	0	0	0	0	284	0	0	0	0	0	0	11

147	assemblage-123-800	0	0	0	0	0	0	0	0	0	0	0	0	44	0	0	0	0	0	0	0	0	0	0	0	15	0	0	0	0	13	164	108	0	0	0	0	0	0	0	0	0	138	10	0	0	0	0	0	8
147	assemblage-953-953	0	0	0	0	0	132	0	0	0	0	0	0	0	0	0	0	0	0	0	0	0	0	0	3	0	5	0	0	0	30	0	0	0	0	0	0	0	0	0	0	9	209	0	0	0	0	104	0	8
147	assemblage-685-371	0	0	0	0	0	0	0	0	0	0	0	0	0	0	0	0	0	0	0	0	0	0	0	162	0	0	0	0	0	0	0	0	0	0	0	7	0	0	0	0	0	81	0	0	0	0	225	0	25

148	assemblage-123-800	0	0	0	0	0	0	0	0	0	0	0	0	44	0	0	0	0	0	0	0	0	0	0	0	15	0	0	0	0	13	164	108	0	0	0	0	0	0	0	0	0	138	10	0	0	0	0	0	8
148	assemblage-953-953	0	0	0	0	0	132	0	0	0	0	0	0	0	0	0	0	0	0	0	0	0	0	0	3	0	5	0	0	0	30	0	0	0	0	0	0	0	0	0	0	9	209	0	0	0	0	104	0	8
148	assemblage-570-928	0	0	0	0	0	0	0	0	0	22	0	0	0	34	0	0	29	68	0	0	0	0	0	58	0	0	0	0	30	0	0	0	0	0	0	0	0	0	0	0	0	249	0	0	0	0	0	0	10

149	assemblage-123-800	0	0	0	0	0	0	0	0	0	0	0	0	44	0	0	0	0	0	0	0	0	0	0	0	15	0	0	0	0	13	164	108	0	0	0	0	0	0	0	0	0	138	10	0	0	0	0	0	8
149	assemblage-953-953	0	0	0	0	0	132	0	0	0	0	0	0	0	0	0	0	0	0	0	0	0	0	0	3	0	5	0	0	0	30	0	0	0	0	0	0	0	0	0	0	9	209	0	0	0	0	104	0	8
149	assemblage-491-351	0	0	0	0	0	137	0	0	0	0	0	0	0	0	0	0	0	0	0	0	0	0	0	0	0	6	0	0	0	24	0	0	0	0	0	0	0	0	0	0	0	218	0	0	0	0	99	0	16

150	assemblage-123-800	0	0	0	0	0	0	0	0	0	0	0	0	44	0	0	0	0	0	0	0	0	0	0	0	15	0	0	0	0	13	164	108	0	0	0	0	0	0	0	0	0	138	10	0	0	0	0	0	8
150	assemblage-953-953	0	0	0	0	0	132	0	0	0	0	0	0	0	0	0	0	0	0	0	0	0	0	0	3	0	5	0	0	0	30	0	0	0	0	0	0	0	0	0	0	9	209	0	0	0	0	104	0	8
150	assemblage-853-282	0	0	0	0	0	0	0	0	0	5	0	0	0	0	0	0	0	0	0	26	0	0	0	0	0	0	0	0	6	0	0	0	0	0	0	0	0	0	0	0	0	448	0	0	0	0	0	0	15

151	assemblage-123-800	0	0	0	0	0	0	0	0	0	0	0	0	44	0	0	0	0	0	0	0	0	0	0	0	15	0	0	0	0	13	164	108	0	0	0	0	0	0	0	0	0	138	10	0	0	0	0	0	8
151	assemblage-953-953	0	0	0	0	0	132	0	0	0	0	0	0	0	0	0	0	0	0	0	0	0	0	0	3	0	5	0	0	0	30	0	0	0	0	0	0	0	0	0	0	9	209	0	0	0	0	104	0	8
151	assemblage-481-503	0	0	0	0	0	144	0	13	0	0	0	0	0	0	0	0	0	0	0	0	0	0	0	0	0	0	0	0	0	11	0	0	0	0	0	0	0	0	0	0	0	258	0	0	0	0	61	0	13

