Assemblage_Name	4-6322689-1648284	3-1371646-2440868	4-1686387-3	4-4113590-9810541	455553-1823486-9111588	8742938-8110583-546278	9064139-3-2	4-9684261-9644985	3-1371646-1077073	8742938-8157002-2	4-8067198-118406	8742938-8110583-2422311	4-1-6605515	2-1-2734258	4-1-51463	3-4503909-3	4793274-1-118406	4846593-1823486-9644985	4-2867794-118406	4-1-4790127	2-1168993-1	2-1-1	4-1823486-905291	4301366-8110583-2	5718838-1823486-9644985	8742938-3301708-2	4-5571643-665440	4-1-8772345	4-1216903-6277804	8742938-8110583-1435664	4-1-316590	4-3734994-9644985	8742938-8110583-2320253	0-4-2	4-7789904-9644985	4-1823486-5468015	2633389-1823486-9644985	2567359-1-6605515	4-1-9644985	4-814437-2	8111415-8110583-2	4-1823486-1269711	1812710-8110583-2	4-1-5635388	4-7789904-3018108	4-1-1196825	4-1823486-9644985	2-1-6543191	1513429-1823486-9644985	4-1-118406	5885079-8110583-2	2366716-1-118406	8742938-8110583-2	2-3-2	5830465-1-6543191	4-2097715-118406	4-647113-7102275	343445-3-2	1-3-1539752	4-647113-3	4-6516764-118406	7920179-8110583-2	6013422-1823486-9644985	4-4473010-9644985	4-8000526-4790127	4-1-3163702	6437813-1-118406	0-2-1	1-3-2	4-1823486-4380486	8742938-8110583-341008	4-2359876-9644985	4-5038020-118406	4-1-6312871	6492197-1823486-9644985	1-7555520-2	4-6322689-118406	4-7504282-665440	751429-3-2	4318633-3-2	8742938-2158233-2	4-1-2	4-2359876-8838849	1-2240877-2	4-1823486-6424320	4-1783783-9810541	4-4691179-2	1-8589247-2	8742938-1-2	751429-4400113-2	4-8648284-9810541	8742938-8110583-8703149	4-3670259-9644985	4-6484201-9644985	4-3732817-9644985	4-1783783-9644985	8742938-8835726-2	4-2097715-976703
assemblage-315-835	0	0	0	0	0	0	0	0	13	0	0	0	0	16	0	0	0	0	0	0	0	367	0	0	0	0	0	0	0	0	0	0	0	0	0	0	0	0	0	0	0	0	0	0	0	0	0	0	0	0	0	0	0	0	0	0	0	0	0	0	0	0	0	0	0	0	0	0	31	0	0	0	0	0	0	14	0	0	0	0	0	41	0	0	0	0	0	0	0	0	0	0	0	0	0	0	0	18
assemblage-562-965	0	0	0	0	0	0	0	0	0	0	0	0	0	0	0	0	0	0	0	0	0	9	0	0	0	0	0	0	0	0	0	0	0	0	0	0	0	0	0	0	0	0	0	0	0	0	0	55	0	0	0	0	0	0	9	0	0	12	52	0	0	0	0	0	0	0	0	0	264	0	0	0	0	0	0	0	0	0	0	36	0	34	0	13	0	0	0	0	0	0	0	0	0	0	0	0	0	16
assemblage-309-834	0	0	0	0	0	0	0	0	8	0	0	0	0	6	0	0	0	0	0	0	0	384	0	0	0	0	0	0	0	0	0	0	0	0	0	0	0	0	0	0	0	0	0	0	0	0	0	0	0	0	0	0	0	0	0	0	0	0	0	0	0	0	0	0	0	0	0	0	25	0	0	0	0	0	0	10	0	0	0	0	0	59	0	0	0	0	0	0	0	0	0	0	0	0	0	0	0	8
assemblage-393-879	0	4	23	0	0	0	0	0	72	0	0	0	0	0	0	0	0	0	0	0	0	0	0	0	0	0	0	0	0	0	0	0	0	0	0	0	0	0	0	0	0	0	0	0	0	0	0	0	0	0	0	0	0	0	0	0	4	0	0	54	0	0	0	0	0	0	0	0	163	0	0	0	0	0	0	0	0	0	0	0	0	169	0	0	0	0	0	0	0	0	0	0	0	0	0	0	0	11
assemblage-562-973	0	0	0	0	0	0	0	0	0	0	0	0	0	0	0	0	0	0	0	63	0	52	0	0	0	0	0	0	0	0	0	0	0	0	0	0	0	0	0	0	0	0	0	0	0	0	0	0	0	0	0	0	93	0	0	0	0	0	0	0	0	0	0	0	0	0	0	0	33	0	0	0	0	0	0	11	0	0	0	0	0	188	0	0	0	0	0	0	38	0	0	0	0	0	0	0	0	22
assemblage-219-905	0	0	0	0	0	0	0	0	0	0	0	0	0	0	0	0	7	0	0	0	0	0	0	0	0	0	0	0	0	0	0	0	0	0	0	0	0	0	30	0	0	0	0	0	0	0	30	0	0	182	0	0	82	0	0	25	0	0	0	0	0	0	0	0	0	12	0	0	5	0	0	0	0	0	0	0	0	0	0	0	0	7	0	0	0	0	0	0	0	0	0	0	104	0	0	0	0	16
assemblage-608-398	0	0	0	0	0	0	0	0	0	29	0	0	0	0	0	0	0	0	0	0	0	0	0	0	0	0	0	0	0	0	0	0	0	0	0	0	0	0	3	0	0	0	26	0	0	0	0	0	0	4	0	0	387	0	0	0	0	0	0	0	0	0	0	0	0	7	0	0	0	0	0	0	0	0	0	0	0	0	0	0	0	17	0	0	0	0	0	0	0	0	0	0	0	0	0	0	0	27
assemblage-606-541	0	0	0	0	0	0	0	0	0	0	0	0	6	0	0	0	0	0	0	0	0	0	25	0	0	0	0	0	8	0	0	0	18	0	0	0	0	0	0	0	0	33	0	0	0	0	375	0	0	0	0	0	9	0	0	0	0	0	0	0	0	0	0	4	0	0	0	0	0	0	0	0	0	0	0	0	0	0	0	0	0	0	0	0	0	0	0	0	0	0	0	0	0	0	0	0	0	22
assemblage-745-569	0	0	0	0	0	0	0	0	0	0	0	0	106	0	0	0	0	0	0	0	0	0	0	13	0	0	0	0	0	0	0	0	0	0	73	0	0	0	0	0	0	0	0	0	0	0	132	0	0	0	0	0	128	0	0	0	0	0	0	0	0	0	0	0	0	0	0	0	0	0	0	0	0	0	0	0	0	0	0	0	0	0	0	0	0	0	0	0	0	0	0	0	0	36	0	0	0	12
assemblage-887-217	0	0	0	0	0	0	0	0	0	0	0	0	0	0	0	0	0	0	0	0	0	127	0	0	0	0	0	0	0	0	0	0	0	0	0	0	0	0	0	0	0	0	0	0	0	0	0	0	0	42	0	0	0	0	0	0	0	0	16	0	0	0	0	0	0	0	0	0	19	0	0	0	0	0	0	9	0	0	0	0	0	270	0	0	0	0	2	0	0	0	0	0	0	0	0	0	0	15
assemblage-843-255	0	0	0	13	11	0	0	0	0	0	0	0	6	0	0	0	0	0	0	0	0	0	0	0	0	0	0	0	0	0	0	0	0	0	0	9	0	0	0	0	0	0	0	0	0	0	251	0	0	0	0	0	118	0	0	0	0	0	0	0	0	0	0	0	0	0	0	0	0	0	0	4	0	0	0	0	0	0	0	0	0	0	0	0	0	51	0	0	0	0	21	0	0	0	0	0	0	16
assemblage-641-272	0	0	0	0	0	0	0	0	0	0	0	0	0	0	0	0	0	0	0	0	0	0	0	0	0	0	0	0	0	0	0	0	0	0	0	0	0	0	0	0	0	0	0	0	0	0	329	0	0	0	0	0	147	0	0	0	0	0	0	0	0	0	0	0	0	0	0	0	0	0	0	0	0	0	3	0	0	0	0	0	0	0	0	0	0	0	0	0	0	0	0	0	0	0	0	0	0	21
assemblage-328-523	0	0	0	0	0	0	0	0	0	0	0	0	0	0	0	0	0	0	0	69	0	52	0	0	0	0	0	0	0	0	0	0	0	0	0	0	0	0	0	0	0	0	0	0	0	0	0	0	0	0	0	0	79	0	0	0	0	0	0	0	0	0	0	0	0	0	0	0	30	0	0	0	0	0	0	10	0	0	0	0	0	185	0	0	0	0	0	0	64	0	0	0	0	0	0	0	0	11
assemblage-574-203	0	0	0	0	0	0	3	0	0	0	0	0	0	0	0	6	0	0	0	0	0	0	0	0	0	0	0	0	0	0	0	0	0	0	0	0	0	0	0	8	0	0	0	0	0	0	0	0	0	0	0	0	0	44	0	0	0	0	0	2	0	0	0	0	0	0	0	0	254	0	0	0	0	0	0	0	0	0	5	0	0	153	0	0	0	0	0	0	0	8	0	0	0	0	0	0	0	17
assemblage-316-477	0	0	0	0	0	0	0	0	0	0	0	0	16	0	0	0	0	0	0	0	0	0	0	0	0	0	0	0	0	0	0	0	0	0	0	0	0	0	0	0	0	0	0	0	0	0	13	0	0	0	0	0	51	0	0	0	0	0	0	0	0	0	0	22	0	0	0	0	0	0	0	355	0	0	0	0	0	0	0	0	0	0	24	0	0	5	0	0	0	0	0	0	0	0	0	0	0	14
assemblage-559-199	0	0	0	0	0	0	6	0	0	0	0	0	0	0	0	10	0	0	0	0	0	0	0	0	0	0	0	0	0	0	0	0	0	0	0	0	0	0	0	0	0	0	0	0	0	0	0	0	0	0	0	0	0	56	0	0	0	0	0	0	0	0	0	0	0	0	0	0	278	0	0	0	0	0	0	0	0	0	11	0	0	112	0	0	0	0	0	0	0	5	0	0	0	0	0	0	0	22
assemblage-410-550	6	0	0	0	0	0	0	0	0	0	0	0	4	0	0	0	0	0	0	0	0	0	0	0	0	0	0	0	0	0	0	0	0	0	0	0	0	0	0	0	0	0	0	0	0	0	0	0	0	298	0	0	23	0	0	0	0	0	0	0	0	0	0	0	0	0	0	0	17	0	0	0	15	0	0	0	79	0	0	0	0	0	0	0	0	0	0	0	0	0	0	0	0	0	0	0	0	58
assemblage-563-186	0	0	0	0	0	0	4	0	0	0	0	0	0	0	0	12	0	0	0	0	0	0	0	0	0	0	0	0	0	0	0	0	0	0	0	0	0	0	0	0	0	0	0	0	0	0	0	0	0	0	0	0	0	60	0	0	0	0	0	0	0	0	0	0	0	0	0	0	265	0	0	0	0	0	0	0	0	0	9	0	0	116	0	0	0	0	0	0	0	5	0	0	0	0	0	0	0	29
assemblage-914-640	0	0	0	0	0	0	0	0	0	0	0	0	98	0	0	0	0	0	0	0	0	0	0	10	0	0	0	0	0	0	0	0	0	0	68	0	0	0	0	0	0	0	0	0	0	0	116	0	0	0	0	0	141	0	0	0	0	0	0	0	0	0	0	0	0	0	0	0	0	0	0	0	0	0	0	0	0	0	0	0	0	0	0	0	0	0	0	0	0	0	0	0	0	41	0	0	0	26
assemblage-641-648	0	0	0	0	0	0	0	0	0	0	0	0	0	0	0	0	0	0	0	0	0	25	0	0	0	0	0	0	0	0	3	0	0	18	0	0	0	0	0	0	0	0	0	0	0	0	0	0	0	0	0	0	0	0	0	0	0	0	0	0	0	0	0	0	0	0	0	9	9	0	0	0	0	0	0	0	0	0	0	0	0	420	0	0	0	0	0	0	0	0	0	0	0	0	0	0	0	16
assemblage-647-642	0	0	0	0	0	0	0	0	0	0	0	0	0	0	0	0	0	0	0	0	0	21	0	0	0	0	0	0	0	0	0	0	0	9	0	0	0	0	0	0	0	0	0	0	0	0	0	0	0	0	0	0	0	0	0	0	0	0	0	0	0	0	0	0	0	0	0	9	7	0	0	0	0	0	0	0	0	0	0	0	0	437	0	0	0	0	0	0	0	0	0	0	0	0	0	0	0	17
assemblage-879-628	0	0	0	0	0	0	0	0	0	0	0	0	59	0	0	0	0	0	0	0	0	0	0	0	0	0	0	0	0	0	0	0	0	0	0	0	0	21	0	0	6	0	0	0	0	0	247	0	5	0	0	0	123	0	0	0	0	0	0	0	0	0	0	0	0	0	0	0	0	0	0	0	0	0	0	0	0	0	0	0	0	0	0	0	0	11	0	0	0	0	0	0	0	0	0	0	0	28
assemblage-886-639	0	0	0	0	0	0	0	0	0	0	0	0	3	0	0	0	0	0	0	0	0	0	0	0	0	0	11	0	0	0	0	0	0	0	0	0	0	0	0	0	0	0	0	0	0	0	137	0	0	0	0	0	334	0	0	0	0	0	0	0	0	0	0	0	0	0	0	0	0	0	0	0	0	0	0	0	0	0	0	0	0	0	0	0	0	0	0	0	0	0	0	0	0	0	0	0	0	15
assemblage-894-621	0	0	0	0	0	0	0	0	0	0	0	0	0	0	0	0	0	0	0	0	0	0	0	0	0	0	14	0	0	0	0	0	0	0	0	0	0	0	0	0	0	0	0	0	0	0	146	0	0	0	0	0	324	0	0	0	0	0	0	0	0	0	0	0	0	0	0	0	0	0	0	0	0	0	0	0	0	6	0	0	0	0	0	0	0	0	0	0	0	0	0	0	0	0	0	0	0	10
