Assemblage_Name	1-1-2861518	2101266-8944735-6075623	8937384-297934-2	4984274-1144561-1156160	104354-5711197-1162382	2426395-9788232-6176687	3588700-1144561-1156160	1-1-7894625	4486357-1-2	7712000-1-7778285	6469987-1-2	0-4373441-3	104354-1144561-1156160	0-7411571-5058919	0-787256-3	2777578-7411571-6075623	1-1-9027354	1-1-7778285	2844716-1144561-6305472	1-1-3	1-1-2	2101266-7411571-1313813	1605139-3-2	852614-7411571-7890801	1-9465436-5374552	3-3-2	1259170-7411571-6176687	3343185-3-4615522	6673867-1144561-1162382	0-4-3	2101266-9046499-6176687	0-4373441-6176687	104354-1144561-5017535	3343185-3-2	1-8624036-4	5867397-3-2	2101266-4899365-6075623	5918159-1144561-3199469	2101266-7411571-2582785	7588229-8753556-1162382	1-297934-2	2101266-9788232-6176687	0-4373441-4990911	8380391-297934-2	2623922-1144561-1162382	1-2-4	2300533-1-2	2-4-4050219	4-3-2	4-3-4	5672386-1454111-1942338	4957302-7411571-6176687	1-6205793-7778285	1-1-5563705	1-1-446659	1-1-5809174	2844716-1144561-6946618	1-1-7884051	2101266-7411571-6011362	8557973-1-2	7850816-1-2	1-9263135-2	1-1-1942338	9421411-1-6070718	1-1469220-5374552	2101266-7411571-6075623	0-7411571-6176687	3-6193527-3	3937000-7411571-6075623	3343185-1922489-2	2204830-7411571-6075623	0-1406351-6176687	1-9115743-2	1-1-6751633	5329793-1144561-1162382	1-2235391-7778285	3343185-3329689-2	1-1-5397614	1-1-6070718	6422853-7411571-6075623	104354-1144561-1162382	2101266-7411571-4332348	2101266-7411571-6176687	5062712-3-2	852614-7411571-6075623	9118972-1-7778285	1-2441990-2	7588229-1144561-1162382	1-7288990-5374552	2101266-7411571-8810123	2101266-1144561-1162382	2214326-2148801-7778285	0-7411571-8985123	2-4-2	3-0-3	2101266-4078263-6075623	1-9881010-393398	5973672-9788232-6176687	1-1-5374552	2844716-1144561-1162382	5112091-7411571-6075623	5329793-1144561-4242886	2101266-1144561-3821979	2101266-4730590-6176687
assemblage-564-970	0	0	0	0	0	0	0	0	0	0	0	0	0	0	0	0	0	116	0	0	77	0	0	0	0	0	0	0	0	0	0	0	0	10	0	5	0	0	0	0	0	0	181	0	0	18	0	0	0	0	0	0	0	0	0	0	0	0	0	0	0	0	0	0	0	0	14	0	0	0	0	0	7	0	0	0	0	0	0	0	0	0	19	17	0	0	0	0	0	0	0	0	0	26	0	0	0	0	0	0	0	0	0	10
assemblage-559-962	0	0	0	0	0	0	0	0	5	0	0	0	0	0	0	0	0	26	0	0	62	0	0	0	0	0	0	0	0	0	0	0	0	114	0	2	0	0	0	0	0	0	0	0	0	7	0	0	0	0	0	0	0	0	0	0	0	0	0	0	0	0	0	41	0	0	9	0	0	0	0	0	0	0	0	0	0	0	72	0	0	0	132	0	0	0	0	0	0	0	0	0	0	0	0	0	0	0	0	0	0	0	0	30
assemblage-318-846	0	0	0	0	0	0	0	0	0	0	0	0	0	0	25	0	0	0	0	0	8	0	0	0	0	0	0	0	0	32	0	0	0	303	0	9	0	0	0	0	0	0	0	0	0	0	0	0	60	0	0	0	0	0	0	0	0	0	0	0	0	0	0	0	0	0	0	0	0	5	0	0	0	0	0	0	0	0	0	0	0	0	0	0	0	0	0	0	0	0	0	0	0	20	6	0	0	0	0	0	0	0	0	32
assemblage-219-905	0	0	0	0	0	0	0	0	0	0	0	0	0	0	0	0	83	110	0	0	0	8	0	0	0	0	0	0	0	0	0	0	0	0	0	0	0	0	0	0	0	26	0	0	0	0	0	0	0	0	0	0	0	0	0	0	0	0	0	0	0	0	0	0	0	0	0	0	0	0	0	0	0	0	0	0	0	0	0	0	0	0	231	0	0	0	0	0	0	0	0	0	0	0	0	0	0	0	0	0	0	0	0	42
assemblage-315-835	0	0	0	0	0	0	0	0	0	0	0	0	0	0	43	0	0	0	0	0	0	0	10	0	0	0	0	0	0	38	0	0	0	314	0	13	0	0	0	0	0	0	0	0	0	0	0	0	38	0	0	0	0	0	0	0	0	0	0	0	0	0	0	0	0	0	0	0	0	6	0	0	0	0	0	0	0	0	0	0	0	0	0	0	0	0	0	0	0	0	0	0	0	10	16	0	0	0	0	0	0	0	0	12
assemblage-294-632	0	0	6	0	0	0	0	0	0	0	0	0	0	0	0	0	0	71	0	0	19	0	0	0	0	0	0	0	0	0	0	0	0	0	0	0	19	0	0	0	83	0	0	49	0	0	0	0	0	0	0	0	0	0	0	9	0	0	0	0	0	0	0	0	0	224	0	0	0	0	0	0	0	0	0	0	0	0	0	0	0	0	0	0	0	0	0	0	0	0	0	0	0	0	0	0	0	0	0	0	0	0	0	20
assemblage-648-277	0	0	0	0	0	0	12	0	0	0	0	0	358	0	0	0	0	0	0	0	0	0	0	0	0	0	0	0	0	0	0	0	0	0	0	0	0	0	0	0	0	0	0	0	4	0	0	0	0	0	0	0	0	0	0	0	0	0	0	0	0	0	0	0	0	0	0	0	0	0	0	0	0	0	46	0	0	0	0	0	28	0	0	0	0	0	0	0	0	0	0	0	0	0	0	0	0	0	27	13	0	0	0	12
assemblage-642-269	0	0	0	0	0	0	25	0	0	0	0	0	362	0	0	0	0	0	0	0	0	0	0	0	0	0	0	0	0	0	0	0	0	0	0	0	0	0	0	0	0	0	0	0	8	0	0	0	0	0	0	0	0	0	0	0	0	0	0	0	0	0	0	0	0	0	0	0	0	0	0	0	0	0	32	0	0	0	0	0	27	0	0	0	0	0	0	0	0	0	0	0	0	0	0	0	0	0	22	8	0	10	0	6
assemblage-618-540	0	0	0	0	0	0	0	0	0	0	0	0	0	0	0	0	0	0	0	0	0	0	0	0	0	0	0	0	0	0	0	0	0	0	0	0	0	0	0	0	0	0	0	0	49	0	0	0	0	0	0	0	0	0	0	0	0	0	0	0	0	0	0	0	0	0	0	0	0	0	0	0	0	0	0	0	0	0	0	0	12	0	0	0	0	0	0	0	0	0	0	0	0	0	0	0	0	0	9	423	0	0	0	7
assemblage-625-397	0	0	0	0	0	0	0	0	0	0	0	0	0	0	0	0	0	24	0	0	159	0	0	0	0	0	0	0	0	0	0	0	0	0	0	0	0	0	0	0	0	0	0	0	0	0	0	0	0	0	0	0	0	0	0	0	0	0	0	0	0	43	0	24	0	0	0	0	0	0	0	0	0	0	0	0	0	0	0	0	153	0	50	0	0	0	0	0	0	0	28	0	0	0	0	0	0	0	0	0	0	0	6	13
assemblage-750-574	0	7	0	0	0	0	0	0	0	0	0	0	0	0	0	0	0	0	0	0	6	0	0	0	0	0	0	0	0	0	0	0	0	0	0	0	0	0	0	0	0	0	0	0	0	0	0	0	0	0	42	0	0	0	0	0	0	0	0	0	0	0	149	0	0	44	0	0	0	0	0	0	0	0	0	0	0	0	0	0	5	0	0	0	0	0	0	0	0	0	0	0	0	0	0	0	10	0	216	0	0	0	0	21
assemblage-717-249	0	0	0	0	0	0	0	0	0	0	0	0	71	0	0	5	0	0	0	0	81	0	0	0	0	0	0	0	0	0	0	0	0	0	0	0	0	0	0	0	0	0	0	0	24	0	18	0	0	0	82	0	0	0	0	0	0	0	0	0	0	0	6	0	0	31	0	0	0	0	0	0	0	0	0	0	0	0	0	0	160	0	0	0	0	0	0	0	0	0	0	0	0	0	0	0	0	0	0	0	0	0	0	22
assemblage-316-472	0	0	0	0	0	0	0	0	0	0	0	0	0	0	0	0	0	0	0	0	0	0	0	0	0	0	0	0	0	0	0	0	0	0	0	0	0	0	0	0	0	0	0	0	44	0	0	0	0	0	0	0	0	0	0	0	0	0	0	0	0	0	0	0	0	0	0	0	0	0	0	0	0	0	0	0	0	0	0	0	15	0	0	0	0	0	0	0	0	0	0	0	0	0	0	0	0	0	4	423	0	0	0	14
assemblage-554-200	0	0	0	0	0	0	0	0	0	0	0	0	0	0	0	0	0	0	0	0	0	0	0	0	0	65	0	0	0	0	0	0	0	0	0	0	0	0	0	0	0	0	0	0	0	188	0	0	0	0	0	0	0	0	0	0	0	0	0	0	0	0	0	0	0	0	0	18	0	0	0	0	0	0	0	0	0	0	0	0	0	0	0	0	0	0	0	0	0	0	0	0	0	75	146	0	0	0	0	0	0	0	0	8
assemblage-443-504	0	0	0	0	0	0	0	0	0	0	0	0	0	0	0	0	0	0	0	0	12	0	0	0	0	0	11	0	0	0	0	0	0	54	11	0	0	0	5	0	0	0	0	0	0	16	0	0	0	0	0	0	0	0	0	0	0	0	0	0	0	0	0	0	0	0	0	0	0	0	0	0	0	0	0	0	0	0	0	0	0	7	344	0	0	0	0	0	0	19	0	0	0	2	0	0	0	0	0	0	0	0	0	19
assemblage-560-203	0	0	0	0	0	0	0	0	0	0	0	0	0	0	0	0	0	0	0	0	0	0	0	0	0	57	0	0	0	0	0	0	0	0	0	0	0	0	0	0	0	0	0	0	0	198	0	0	0	0	0	0	0	0	0	0	0	0	0	0	0	0	0	0	0	0	0	0	0	0	0	0	0	0	0	0	0	0	0	0	0	0	0	0	0	0	0	0	0	0	0	0	0	80	145	0	0	0	0	0	0	0	0	20
assemblage-303-472	0	0	0	0	0	0	0	0	0	0	0	0	0	0	0	0	0	0	0	0	0	0	0	0	0	0	0	0	0	0	0	0	0	0	0	0	0	0	0	0	0	0	0	0	58	0	0	0	0	0	0	0	0	0	0	0	0	0	0	0	0	0	0	0	0	0	0	0	0	0	0	0	0	0	0	0	0	0	0	0	13	0	0	0	0	0	0	0	0	0	0	0	0	0	0	0	0	0	6	409	0	0	0	14
assemblage-404-541	0	0	0	0	0	0	0	0	0	0	0	0	0	0	0	0	0	20	0	0	150	0	0	0	0	0	0	0	0	0	0	0	0	0	0	0	0	0	0	0	0	0	0	0	0	0	0	0	0	0	0	0	0	8	0	0	0	0	0	0	0	46	0	25	0	0	0	0	0	0	0	0	0	0	0	0	0	0	0	0	155	0	48	0	0	0	0	0	0	0	35	0	0	0	0	0	0	0	0	0	0	0	5	8
assemblage-886-639	0	0	0	0	0	0	0	0	0	0	0	0	86	0	0	14	0	0	0	0	62	0	0	0	0	0	0	0	0	0	0	0	0	0	0	0	0	0	0	0	0	0	0	0	23	0	40	0	0	0	100	0	0	0	0	0	0	0	0	0	0	0	0	0	0	31	0	0	0	0	0	0	0	0	0	0	0	0	0	0	133	0	0	0	0	0	0	0	0	0	0	0	0	0	0	0	0	0	0	0	0	0	0	11
assemblage-821-660	0	0	0	0	0	6	0	0	0	0	6	0	0	0	0	0	0	7	0	0	206	0	0	0	0	0	0	0	0	0	0	0	0	0	0	0	0	0	0	0	0	31	0	0	0	0	0	0	0	0	0	0	0	0	0	0	0	0	0	0	0	0	0	0	0	59	0	0	0	0	0	0	0	0	0	0	0	0	0	0	169	0	0	0	0	0	0	0	0	0	0	0	0	0	0	0	0	0	0	0	0	0	0	16
assemblage-910-643	0	0	0	0	0	0	0	0	0	0	0	0	0	0	0	0	0	0	11	0	0	0	0	0	0	0	0	0	0	0	0	0	0	0	0	0	0	0	0	0	0	0	0	0	0	0	40	0	0	0	0	0	0	0	0	0	0	0	0	0	0	0	58	0	0	29	0	0	0	0	0	0	0	0	0	0	0	0	0	0	4	0	0	0	0	0	0	0	0	0	0	0	0	0	0	0	0	0	0	342	0	0	0	16
assemblage-894-621	0	0	0	0	0	0	0	0	0	0	0	0	62	0	0	14	0	0	0	0	53	0	0	0	0	0	0	0	0	0	0	0	0	0	0	0	0	0	0	0	0	0	0	0	35	0	51	0	0	0	84	0	0	0	0	0	0	0	0	0	0	0	0	0	0	33	0	0	0	0	0	0	0	0	0	0	0	0	0	0	150	0	0	0	0	0	0	0	0	0	0	0	0	0	0	0	0	0	0	0	0	0	0	18
assemblage-812-667	0	0	0	0	0	0	0	0	0	0	0	0	0	0	0	0	0	110	0	0	0	0	0	8	0	0	0	0	0	0	0	0	0	0	0	0	0	0	0	0	0	6	0	0	0	0	0	0	0	0	60	0	0	0	0	0	0	0	0	0	0	0	181	0	0	18	0	0	0	0	0	0	0	0	0	8	0	0	0	0	94	0	0	0	0	0	0	0	0	0	0	0	0	0	0	0	0	0	0	0	0	0	0	15
assemblage-811-660	0	0	4	0	0	0	0	0	0	0	0	0	0	0	0	0	0	59	0	0	18	0	0	0	0	0	0	0	0	0	0	0	0	0	0	0	5	0	0	0	89	0	0	51	0	0	0	0	0	0	0	0	0	0	0	11	0	0	0	0	0	0	0	0	0	224	0	0	0	0	0	0	0	0	0	0	0	0	0	0	6	0	0	0	0	0	0	0	0	0	0	0	0	0	0	0	0	0	0	0	9	0	0	24
