Seriation_Number	Assemblage	7337-1-1	5437979-0-0	863218-6774618-7774684	3-2049714-0	5437979-0-4934925	1513369-2-0	5437979-0-7899154	3-2-6412691	3-5937436-0	0-1-4	3-2-4072471	8032173-6774618-3965231	863218-6774618-2648646	2137808-2-0	9261477-2-0	5437979-0-6243214	2137808-8975926-0	3-2-23637	3-1127647-0	3-2-7385202	3-2-6427732	5437979-2655857-0	707716-2-23637	863218-6774618-7294087	863218-5578212-0	3-0-0	5437979-0-966640	3-2-3283380	3-644191-0	8032173-6774618-0	3-2-3981338	3-9753436-23637	863218-9032929-0	6193744-6774618-0	863218-6774618-0	863218-1944996-0	3-2-1752149	3-6774618-0	5657780-6774618-0	3-2-0	863218-6774618-6138381	1973093-0-6243214	6193744-6774618-6360729	863218-8281552-0	0-4730046-4	9152926-2-0
1	assemblage-943-508	0	61	0	0	0	0	67	0	0	224	0	0	0	0	54	0	0	0	0	0	0	0	0	0	0	0	0	0	0	0	0	0	0	0	0	0	0	0	0	79	0	0	0	0	0	15
1	assemblage-384-269	34	6	0	0	0	0	0	0	0	29	0	0	0	8	0	0	0	0	0	0	0	0	0	0	0	0	0	0	0	0	0	0	0	0	0	0	0	0	0	403	0	0	0	0	0	20
1	assemblage-554-1004	0	0	0	0	0	0	0	0	0	0	0	0	7	0	0	180	0	20	0	0	0	0	0	0	0	0	0	0	0	0	0	0	0	0	231	0	0	41	0	0	0	0	0	0	0	21

2	assemblage-148-933	0	18	0	0	0	0	0	0	0	5	0	0	0	0	0	0	28	0	12	0	0	0	0	0	0	0	0	0	0	0	0	0	0	0	0	0	0	368	0	60	0	0	0	0	0	9
2	assemblage-943-508	0	61	0	0	0	0	67	0	0	224	0	0	0	0	54	0	0	0	0	0	0	0	0	0	0	0	0	0	0	0	0	0	0	0	0	0	0	0	0	79	0	0	0	0	0	15
2	assemblage-780-771	0	0	0	0	0	0	0	0	0	0	0	0	0	0	0	52	0	0	0	0	7	0	0	0	0	0	0	0	0	0	0	0	0	24	321	0	0	0	0	0	9	0	78	0	0	9

3	assemblage-792-172	0	0	10	0	0	0	0	0	0	0	0	0	0	0	0	75	0	146	0	0	0	0	0	0	0	0	0	35	0	0	0	0	0	0	226	0	0	0	0	0	0	0	0	0	0	8
3	assemblage-943-508	0	61	0	0	0	0	67	0	0	224	0	0	0	0	54	0	0	0	0	0	0	0	0	0	0	0	0	0	0	0	0	0	0	0	0	0	0	0	0	79	0	0	0	0	0	15
3	assemblage-444-470	0	13	0	0	0	0	0	0	0	6	0	0	0	0	0	0	26	0	10	0	0	0	0	0	0	0	0	0	0	0	0	0	0	0	0	0	0	377	0	56	0	0	0	0	0	12

4	assemblage-792-172	0	0	10	0	0	0	0	0	0	0	0	0	0	0	0	75	0	146	0	0	0	0	0	0	0	0	0	35	0	0	0	0	0	0	226	0	0	0	0	0	0	0	0	0	0	8
4	assemblage-148-933	0	18	0	0	0	0	0	0	0	5	0	0	0	0	0	0	28	0	12	0	0	0	0	0	0	0	0	0	0	0	0	0	0	0	0	0	0	368	0	60	0	0	0	0	0	9
4	assemblage-384-269	34	6	0	0	0	0	0	0	0	29	0	0	0	8	0	0	0	0	0	0	0	0	0	0	0	0	0	0	0	0	0	0	0	0	0	0	0	0	0	403	0	0	0	0	0	20

5	assemblage-792-172	0	0	10	0	0	0	0	0	0	0	0	0	0	0	0	75	0	146	0	0	0	0	0	0	0	0	0	35	0	0	0	0	0	0	226	0	0	0	0	0	0	0	0	0	0	8
5	assemblage-148-933	0	18	0	0	0	0	0	0	0	5	0	0	0	0	0	0	28	0	12	0	0	0	0	0	0	0	0	0	0	0	0	0	0	0	0	0	0	368	0	60	0	0	0	0	0	9
5	assemblage-444-470	0	13	0	0	0	0	0	0	0	6	0	0	0	0	0	0	26	0	10	0	0	0	0	0	0	0	0	0	0	0	0	0	0	0	0	0	0	377	0	56	0	0	0	0	0	12

6	assemblage-792-172	0	0	10	0	0	0	0	0	0	0	0	0	0	0	0	75	0	146	0	0	0	0	0	0	0	0	0	35	0	0	0	0	0	0	226	0	0	0	0	0	0	0	0	0	0	8
6	assemblage-148-933	0	18	0	0	0	0	0	0	0	5	0	0	0	0	0	0	28	0	12	0	0	0	0	0	0	0	0	0	0	0	0	0	0	0	0	0	0	368	0	60	0	0	0	0	0	9
6	assemblage-943-508	0	61	0	0	0	0	67	0	0	224	0	0	0	0	54	0	0	0	0	0	0	0	0	0	0	0	0	0	0	0	0	0	0	0	0	0	0	0	0	79	0	0	0	0	0	15

7	assemblage-955-283	0	29	0	0	0	0	0	0	0	8	0	0	0	0	0	0	0	0	0	0	0	0	0	0	0	0	0	0	0	0	0	0	0	0	0	0	0	117	0	335	0	0	0	0	0	11
7	assemblage-444-470	0	13	0	0	0	0	0	0	0	6	0	0	0	0	0	0	26	0	10	0	0	0	0	0	0	0	0	0	0	0	0	0	0	0	0	0	0	377	0	56	0	0	0	0	0	12
7	assemblage-554-1004	0	0	0	0	0	0	0	0	0	0	0	0	7	0	0	180	0	20	0	0	0	0	0	0	0	0	0	0	0	0	0	0	0	0	231	0	0	41	0	0	0	0	0	0	0	21

8	assemblage-955-283	0	29	0	0	0	0	0	0	0	8	0	0	0	0	0	0	0	0	0	0	0	0	0	0	0	0	0	0	0	0	0	0	0	0	0	0	0	117	0	335	0	0	0	0	0	11
8	assemblage-943-508	0	61	0	0	0	0	67	0	0	224	0	0	0	0	54	0	0	0	0	0	0	0	0	0	0	0	0	0	0	0	0	0	0	0	0	0	0	0	0	79	0	0	0	0	0	15
8	assemblage-780-771	0	0	0	0	0	0	0	0	0	0	0	0	0	0	0	52	0	0	0	0	7	0	0	0	0	0	0	0	0	0	0	0	0	24	321	0	0	0	0	0	9	0	78	0	0	9

9	assemblage-955-283	0	29	0	0	0	0	0	0	0	8	0	0	0	0	0	0	0	0	0	0	0	0	0	0	0	0	0	0	0	0	0	0	0	0	0	0	0	117	0	335	0	0	0	0	0	11
9	assemblage-148-933	0	18	0	0	0	0	0	0	0	5	0	0	0	0	0	0	28	0	12	0	0	0	0	0	0	0	0	0	0	0	0	0	0	0	0	0	0	368	0	60	0	0	0	0	0	9
9	assemblage-780-771	0	0	0	0	0	0	0	0	0	0	0	0	0	0	0	52	0	0	0	0	7	0	0	0	0	0	0	0	0	0	0	0	0	24	321	0	0	0	0	0	9	0	78	0	0	9

10	assemblage-163-932	0	161	0	5	0	0	0	0	0	13	0	0	0	0	0	0	38	0	0	0	0	0	0	0	0	0	0	0	0	0	0	0	0	0	0	0	0	266	3	0	0	0	0	0	0	14
10	assemblage-943-508	0	61	0	0	0	0	67	0	0	224	0	0	0	0	54	0	0	0	0	0	0	0	0	0	0	0	0	0	0	0	0	0	0	0	0	0	0	0	0	79	0	0	0	0	0	15
10	assemblage-384-269	34	6	0	0	0	0	0	0	0	29	0	0	0	8	0	0	0	0	0	0	0	0	0	0	0	0	0	0	0	0	0	0	0	0	0	0	0	0	0	403	0	0	0	0	0	20

11	assemblage-163-932	0	161	0	5	0	0	0	0	0	13	0	0	0	0	0	0	38	0	0	0	0	0	0	0	0	0	0	0	0	0	0	0	0	0	0	0	0	266	3	0	0	0	0	0	0	14
11	assemblage-943-508	0	61	0	0	0	0	67	0	0	224	0	0	0	0	54	0	0	0	0	0	0	0	0	0	0	0	0	0	0	0	0	0	0	0	0	0	0	0	0	79	0	0	0	0	0	15
11	assemblage-780-771	0	0	0	0	0	0	0	0	0	0	0	0	0	0	0	52	0	0	0	0	7	0	0	0	0	0	0	0	0	0	0	0	0	24	321	0	0	0	0	0	9	0	78	0	0	9

12	assemblage-163-932	0	161	0	5	0	0	0	0	0	13	0	0	0	0	0	0	38	0	0	0	0	0	0	0	0	0	0	0	0	0	0	0	0	0	0	0	0	266	3	0	0	0	0	0	0	14
12	assemblage-148-933	0	18	0	0	0	0	0	0	0	5	0	0	0	0	0	0	28	0	12	0	0	0	0	0	0	0	0	0	0	0	0	0	0	0	0	0	0	368	0	60	0	0	0	0	0	9
12	assemblage-780-771	0	0	0	0	0	0	0	0	0	0	0	0	0	0	0	52	0	0	0	0	7	0	0	0	0	0	0	0	0	0	0	0	0	24	321	0	0	0	0	0	9	0	78	0	0	9

13	assemblage-163-932	0	161	0	5	0	0	0	0	0	13	0	0	0	0	0	0	38	0	0	0	0	0	0	0	0	0	0	0	0	0	0	0	0	0	0	0	0	266	3	0	0	0	0	0	0	14
13	assemblage-955-283	0	29	0	0	0	0	0	0	0	8	0	0	0	0	0	0	0	0	0	0	0	0	0	0	0	0	0	0	0	0	0	0	0	0	0	0	0	117	0	335	0	0	0	0	0	11
13	assemblage-780-771	0	0	0	0	0	0	0	0	0	0	0	0	0	0	0	52	0	0	0	0	7	0	0	0	0	0	0	0	0	0	0	0	0	24	321	0	0	0	0	0	9	0	78	0	0	9

14	assemblage-163-932	0	161	0	5	0	0	0	0	0	13	0	0	0	0	0	0	38	0	0	0	0	0	0	0	0	0	0	0	0	0	0	0	0	0	0	0	0	266	3	0	0	0	0	0	0	14
14	assemblage-955-283	0	29	0	0	0	0	0	0	0	8	0	0	0	0	0	0	0	0	0	0	0	0	0	0	0	0	0	0	0	0	0	0	0	0	0	0	0	117	0	335	0	0	0	0	0	11
14	assemblage-792-172	0	0	10	0	0	0	0	0	0	0	0	0	0	0	0	75	0	146	0	0	0	0	0	0	0	0	0	35	0	0	0	0	0	0	226	0	0	0	0	0	0	0	0	0	0	8

15	assemblage-586-653	0	0	9	0	0	0	0	0	0	0	0	0	0	0	0	81	0	132	0	0	0	0	0	0	0	0	0	41	0	0	0	0	0	0	233	0	0	0	0	0	0	0	0	0	0	4
15	assemblage-943-508	0	61	0	0	0	0	67	0	0	224	0	0	0	0	54	0	0	0	0	0	0	0	0	0	0	0	0	0	0	0	0	0	0	0	0	0	0	0	0	79	0	0	0	0	0	15
15	assemblage-444-470	0	13	0	0	0	0	0	0	0	6	0	0	0	0	0	0	26	0	10	0	0	0	0	0	0	0	0	0	0	0	0	0	0	0	0	0	0	377	0	56	0	0	0	0	0	12

16	assemblage-586-653	0	0	9	0	0	0	0	0	0	0	0	0	0	0	0	81	0	132	0	0	0	0	0	0	0	0	0	41	0	0	0	0	0	0	233	0	0	0	0	0	0	0	0	0	0	4
16	assemblage-792-172	0	0	10	0	0	0	0	0	0	0	0	0	0	0	0	75	0	146	0	0	0	0	0	0	0	0	0	35	0	0	0	0	0	0	226	0	0	0	0	0	0	0	0	0	0	8
16	assemblage-148-933	0	18	0	0	0	0	0	0	0	5	0	0	0	0	0	0	28	0	12	0	0	0	0	0	0	0	0	0	0	0	0	0	0	0	0	0	0	368	0	60	0	0	0	0	0	9

17	assemblage-586-653	0	0	9	0	0	0	0	0	0	0	0	0	0	0	0	81	0	132	0	0	0	0	0	0	0	0	0	41	0	0	0	0	0	0	233	0	0	0	0	0	0	0	0	0	0	4
17	assemblage-955-283	0	29	0	0	0	0	0	0	0	8	0	0	0	0	0	0	0	0	0	0	0	0	0	0	0	0	0	0	0	0	0	0	0	0	0	0	0	117	0	335	0	0	0	0	0	11
17	assemblage-444-470	0	13	0	0	0	0	0	0	0	6	0	0	0	0	0	0	26	0	10	0	0	0	0	0	0	0	0	0	0	0	0	0	0	0	0	0	0	377	0	56	0	0	0	0	0	12

18	assemblage-586-653	0	0	9	0	0	0	0	0	0	0	0	0	0	0	0	81	0	132	0	0	0	0	0	0	0	0	0	41	0	0	0	0	0	0	233	0	0	0	0	0	0	0	0	0	0	4
18	assemblage-955-283	0	29	0	0	0	0	0	0	0	8	0	0	0	0	0	0	0	0	0	0	0	0	0	0	0	0	0	0	0	0	0	0	0	0	0	0	0	117	0	335	0	0	0	0	0	11
18	assemblage-148-933	0	18	0	0	0	0	0	0	0	5	0	0	0	0	0	0	28	0	12	0	0	0	0	0	0	0	0	0	0	0	0	0	0	0	0	0	0	368	0	60	0	0	0	0	0	9

19	assemblage-586-653	0	0	9	0	0	0	0	0	0	0	0	0	0	0	0	81	0	132	0	0	0	0	0	0	0	0	0	41	0	0	0	0	0	0	233	0	0	0	0	0	0	0	0	0	0	4
19	assemblage-163-932	0	161	0	5	0	0	0	0	0	13	0	0	0	0	0	0	38	0	0	0	0	0	0	0	0	0	0	0	0	0	0	0	0	0	0	0	0	266	3	0	0	0	0	0	0	14
19	assemblage-444-470	0	13	0	0	0	0	0	0	0	6	0	0	0	0	0	0	26	0	10	0	0	0	0	0	0	0	0	0	0	0	0	0	0	0	0	0	0	377	0	56	0	0	0	0	0	12

20	assemblage-586-653	0	0	9	0	0	0	0	0	0	0	0	0	0	0	0	81	0	132	0	0	0	0	0	0	0	0	0	41	0	0	0	0	0	0	233	0	0	0	0	0	0	0	0	0	0	4
20	assemblage-163-932	0	161	0	5	0	0	0	0	0	13	0	0	0	0	0	0	38	0	0	0	0	0	0	0	0	0	0	0	0	0	0	0	0	0	0	0	0	266	3	0	0	0	0	0	0	14
20	assemblage-943-508	0	61	0	0	0	0	67	0	0	224	0	0	0	0	54	0	0	0	0	0	0	0	0	0	0	0	0	0	0	0	0	0	0	0	0	0	0	0	0	79	0	0	0	0	0	15

21	assemblage-586-653	0	0	9	0	0	0	0	0	0	0	0	0	0	0	0	81	0	132	0	0	0	0	0	0	0	0	0	41	0	0	0	0	0	0	233	0	0	0	0	0	0	0	0	0	0	4
21	assemblage-163-932	0	161	0	5	0	0	0	0	0	13	0	0	0	0	0	0	38	0	0	0	0	0	0	0	0	0	0	0	0	0	0	0	0	0	0	0	0	266	3	0	0	0	0	0	0	14
21	assemblage-148-933	0	18	0	0	0	0	0	0	0	5	0	0	0	0	0	0	28	0	12	0	0	0	0	0	0	0	0	0	0	0	0	0	0	0	0	0	0	368	0	60	0	0	0	0	0	9

22	assemblage-586-653	0	0	9	0	0	0	0	0	0	0	0	0	0	0	0	81	0	132	0	0	0	0	0	0	0	0	0	41	0	0	0	0	0	0	233	0	0	0	0	0	0	0	0	0	0	4
22	assemblage-163-932	0	161	0	5	0	0	0	0	0	13	0	0	0	0	0	0	38	0	0	0	0	0	0	0	0	0	0	0	0	0	0	0	0	0	0	0	0	266	3	0	0	0	0	0	0	14
22	assemblage-955-283	0	29	0	0	0	0	0	0	0	8	0	0	0	0	0	0	0	0	0	0	0	0	0	0	0	0	0	0	0	0	0	0	0	0	0	0	0	117	0	335	0	0	0	0	0	11

23	assemblage-708-443	0	50	0	0	0	0	0	0	0	8	0	0	0	0	20	0	0	0	0	0	0	0	0	0	0	0	0	0	0	0	0	0	0	0	0	0	0	0	0	405	0	0	0	0	0	17
23	assemblage-384-269	34	6	0	0	0	0	0	0	0	29	0	0	0	8	0	0	0	0	0	0	0	0	0	0	0	0	0	0	0	0	0	0	0	0	0	0	0	0	0	403	0	0	0	0	0	20
23	assemblage-554-1004	0	0	0	0	0	0	0	0	0	0	0	0	7	0	0	180	0	20	0	0	0	0	0	0	0	0	0	0	0	0	0	0	0	0	231	0	0	41	0	0	0	0	0	0	0	21

24	assemblage-708-443	0	50	0	0	0	0	0	0	0	8	0	0	0	0	20	0	0	0	0	0	0	0	0	0	0	0	0	0	0	0	0	0	0	0	0	0	0	0	0	405	0	0	0	0	0	17
24	assemblage-943-508	0	61	0	0	0	0	67	0	0	224	0	0	0	0	54	0	0	0	0	0	0	0	0	0	0	0	0	0	0	0	0	0	0	0	0	0	0	0	0	79	0	0	0	0	0	15
24	assemblage-444-470	0	13	0	0	0	0	0	0	0	6	0	0	0	0	0	0	26	0	10	0	0	0	0	0	0	0	0	0	0	0	0	0	0	0	0	0	0	377	0	56	0	0	0	0	0	12

25	assemblage-708-443	0	50	0	0	0	0	0	0	0	8	0	0	0	0	20	0	0	0	0	0	0	0	0	0	0	0	0	0	0	0	0	0	0	0	0	0	0	0	0	405	0	0	0	0	0	17
25	assemblage-943-508	0	61	0	0	0	0	67	0	0	224	0	0	0	0	54	0	0	0	0	0	0	0	0	0	0	0	0	0	0	0	0	0	0	0	0	0	0	0	0	79	0	0	0	0	0	15
25	assemblage-780-771	0	0	0	0	0	0	0	0	0	0	0	0	0	0	0	52	0	0	0	0	7	0	0	0	0	0	0	0	0	0	0	0	0	24	321	0	0	0	0	0	9	0	78	0	0	9

26	assemblage-708-443	0	50	0	0	0	0	0	0	0	8	0	0	0	0	20	0	0	0	0	0	0	0	0	0	0	0	0	0	0	0	0	0	0	0	0	0	0	0	0	405	0	0	0	0	0	17
26	assemblage-148-933	0	18	0	0	0	0	0	0	0	5	0	0	0	0	0	0	28	0	12	0	0	0	0	0	0	0	0	0	0	0	0	0	0	0	0	0	0	368	0	60	0	0	0	0	0	9
26	assemblage-780-771	0	0	0	0	0	0	0	0	0	0	0	0	0	0	0	52	0	0	0	0	7	0	0	0	0	0	0	0	0	0	0	0	0	24	321	0	0	0	0	0	9	0	78	0	0	9

27	assemblage-708-443	0	50	0	0	0	0	0	0	0	8	0	0	0	0	20	0	0	0	0	0	0	0	0	0	0	0	0	0	0	0	0	0	0	0	0	0	0	0	0	405	0	0	0	0	0	17
27	assemblage-955-283	0	29	0	0	0	0	0	0	0	8	0	0	0	0	0	0	0	0	0	0	0	0	0	0	0	0	0	0	0	0	0	0	0	0	0	0	0	117	0	335	0	0	0	0	0	11
27	assemblage-444-470	0	13	0	0	0	0	0	0	0	6	0	0	0	0	0	0	26	0	10	0	0	0	0	0	0	0	0	0	0	0	0	0	0	0	0	0	0	377	0	56	0	0	0	0	0	12

28	assemblage-708-443	0	50	0	0	0	0	0	0	0	8	0	0	0	0	20	0	0	0	0	0	0	0	0	0	0	0	0	0	0	0	0	0	0	0	0	0	0	0	0	405	0	0	0	0	0	17
28	assemblage-955-283	0	29	0	0	0	0	0	0	0	8	0	0	0	0	0	0	0	0	0	0	0	0	0	0	0	0	0	0	0	0	0	0	0	0	0	0	0	117	0	335	0	0	0	0	0	11
28	assemblage-780-771	0	0	0	0	0	0	0	0	0	0	0	0	0	0	0	52	0	0	0	0	7	0	0	0	0	0	0	0	0	0	0	0	0	24	321	0	0	0	0	0	9	0	78	0	0	9

29	assemblage-708-443	0	50	0	0	0	0	0	0	0	8	0	0	0	0	20	0	0	0	0	0	0	0	0	0	0	0	0	0	0	0	0	0	0	0	0	0	0	0	0	405	0	0	0	0	0	17
29	assemblage-955-283	0	29	0	0	0	0	0	0	0	8	0	0	0	0	0	0	0	0	0	0	0	0	0	0	0	0	0	0	0	0	0	0	0	0	0	0	0	117	0	335	0	0	0	0	0	11
29	assemblage-148-933	0	18	0	0	0	0	0	0	0	5	0	0	0	0	0	0	28	0	12	0	0	0	0	0	0	0	0	0	0	0	0	0	0	0	0	0	0	368	0	60	0	0	0	0	0	9

30	assemblage-708-443	0	50	0	0	0	0	0	0	0	8	0	0	0	0	20	0	0	0	0	0	0	0	0	0	0	0	0	0	0	0	0	0	0	0	0	0	0	0	0	405	0	0	0	0	0	17
30	assemblage-955-283	0	29	0	0	0	0	0	0	0	8	0	0	0	0	0	0	0	0	0	0	0	0	0	0	0	0	0	0	0	0	0	0	0	0	0	0	0	117	0	335	0	0	0	0	0	11
30	assemblage-792-172	0	0	10	0	0	0	0	0	0	0	0	0	0	0	0	75	0	146	0	0	0	0	0	0	0	0	0	35	0	0	0	0	0	0	226	0	0	0	0	0	0	0	0	0	0	8

31	assemblage-708-443	0	50	0	0	0	0	0	0	0	8	0	0	0	0	20	0	0	0	0	0	0	0	0	0	0	0	0	0	0	0	0	0	0	0	0	0	0	0	0	405	0	0	0	0	0	17
31	assemblage-163-932	0	161	0	5	0	0	0	0	0	13	0	0	0	0	0	0	38	0	0	0	0	0	0	0	0	0	0	0	0	0	0	0	0	0	0	0	0	266	3	0	0	0	0	0	0	14
31	assemblage-780-771	0	0	0	0	0	0	0	0	0	0	0	0	0	0	0	52	0	0	0	0	7	0	0	0	0	0	0	0	0	0	0	0	0	24	321	0	0	0	0	0	9	0	78	0	0	9

32	assemblage-708-443	0	50	0	0	0	0	0	0	0	8	0	0	0	0	20	0	0	0	0	0	0	0	0	0	0	0	0	0	0	0	0	0	0	0	0	0	0	0	0	405	0	0	0	0	0	17
32	assemblage-163-932	0	161	0	5	0	0	0	0	0	13	0	0	0	0	0	0	38	0	0	0	0	0	0	0	0	0	0	0	0	0	0	0	0	0	0	0	0	266	3	0	0	0	0	0	0	14
32	assemblage-792-172	0	0	10	0	0	0	0	0	0	0	0	0	0	0	0	75	0	146	0	0	0	0	0	0	0	0	0	35	0	0	0	0	0	0	226	0	0	0	0	0	0	0	0	0	0	8

33	assemblage-291-419	0	36	0	0	0	0	0	0	0	0	0	0	0	0	0	0	0	86	0	0	0	0	0	0	0	0	0	0	0	0	0	0	0	0	0	0	0	370	0	0	0	0	0	0	0	8
33	assemblage-943-508	0	61	0	0	0	0	67	0	0	224	0	0	0	0	54	0	0	0	0	0	0	0	0	0	0	0	0	0	0	0	0	0	0	0	0	0	0	0	0	79	0	0	0	0	0	15
33	assemblage-780-771	0	0	0	0	0	0	0	0	0	0	0	0	0	0	0	52	0	0	0	0	7	0	0	0	0	0	0	0	0	0	0	0	0	24	321	0	0	0	0	0	9	0	78	0	0	9

34	assemblage-291-419	0	36	0	0	0	0	0	0	0	0	0	0	0	0	0	0	0	86	0	0	0	0	0	0	0	0	0	0	0	0	0	0	0	0	0	0	0	370	0	0	0	0	0	0	0	8
34	assemblage-148-933	0	18	0	0	0	0	0	0	0	5	0	0	0	0	0	0	28	0	12	0	0	0	0	0	0	0	0	0	0	0	0	0	0	0	0	0	0	368	0	60	0	0	0	0	0	9
34	assemblage-384-269	34	6	0	0	0	0	0	0	0	29	0	0	0	8	0	0	0	0	0	0	0	0	0	0	0	0	0	0	0	0	0	0	0	0	0	0	0	0	0	403	0	0	0	0	0	20

35	assemblage-291-419	0	36	0	0	0	0	0	0	0	0	0	0	0	0	0	0	0	86	0	0	0	0	0	0	0	0	0	0	0	0	0	0	0	0	0	0	0	370	0	0	0	0	0	0	0	8
35	assemblage-148-933	0	18	0	0	0	0	0	0	0	5	0	0	0	0	0	0	28	0	12	0	0	0	0	0	0	0	0	0	0	0	0	0	0	0	0	0	0	368	0	60	0	0	0	0	0	9
35	assemblage-444-470	0	13	0	0	0	0	0	0	0	6	0	0	0	0	0	0	26	0	10	0	0	0	0	0	0	0	0	0	0	0	0	0	0	0	0	0	0	377	0	56	0	0	0	0	0	12

36	assemblage-291-419	0	36	0	0	0	0	0	0	0	0	0	0	0	0	0	0	0	86	0	0	0	0	0	0	0	0	0	0	0	0	0	0	0	0	0	0	0	370	0	0	0	0	0	0	0	8
36	assemblage-148-933	0	18	0	0	0	0	0	0	0	5	0	0	0	0	0	0	28	0	12	0	0	0	0	0	0	0	0	0	0	0	0	0	0	0	0	0	0	368	0	60	0	0	0	0	0	9
36	assemblage-780-771	0	0	0	0	0	0	0	0	0	0	0	0	0	0	0	52	0	0	0	0	7	0	0	0	0	0	0	0	0	0	0	0	0	24	321	0	0	0	0	0	9	0	78	0	0	9

37	assemblage-291-419	0	36	0	0	0	0	0	0	0	0	0	0	0	0	0	0	0	86	0	0	0	0	0	0	0	0	0	0	0	0	0	0	0	0	0	0	0	370	0	0	0	0	0	0	0	8
37	assemblage-792-172	0	0	10	0	0	0	0	0	0	0	0	0	0	0	0	75	0	146	0	0	0	0	0	0	0	0	0	35	0	0	0	0	0	0	226	0	0	0	0	0	0	0	0	0	0	8
37	assemblage-780-771	0	0	0	0	0	0	0	0	0	0	0	0	0	0	0	52	0	0	0	0	7	0	0	0	0	0	0	0	0	0	0	0	0	24	321	0	0	0	0	0	9	0	78	0	0	9

38	assemblage-291-419	0	36	0	0	0	0	0	0	0	0	0	0	0	0	0	0	0	86	0	0	0	0	0	0	0	0	0	0	0	0	0	0	0	0	0	0	0	370	0	0	0	0	0	0	0	8
38	assemblage-955-283	0	29	0	0	0	0	0	0	0	8	0	0	0	0	0	0	0	0	0	0	0	0	0	0	0	0	0	0	0	0	0	0	0	0	0	0	0	117	0	335	0	0	0	0	0	11
38	assemblage-780-771	0	0	0	0	0	0	0	0	0	0	0	0	0	0	0	52	0	0	0	0	7	0	0	0	0	0	0	0	0	0	0	0	0	24	321	0	0	0	0	0	9	0	78	0	0	9

39	assemblage-291-419	0	36	0	0	0	0	0	0	0	0	0	0	0	0	0	0	0	86	0	0	0	0	0	0	0	0	0	0	0	0	0	0	0	0	0	0	0	370	0	0	0	0	0	0	0	8
39	assemblage-163-932	0	161	0	5	0	0	0	0	0	13	0	0	0	0	0	0	38	0	0	0	0	0	0	0	0	0	0	0	0	0	0	0	0	0	0	0	0	266	3	0	0	0	0	0	0	14
39	assemblage-780-771	0	0	0	0	0	0	0	0	0	0	0	0	0	0	0	52	0	0	0	0	7	0	0	0	0	0	0	0	0	0	0	0	0	24	321	0	0	0	0	0	9	0	78	0	0	9

40	assemblage-291-419	0	36	0	0	0	0	0	0	0	0	0	0	0	0	0	0	0	86	0	0	0	0	0	0	0	0	0	0	0	0	0	0	0	0	0	0	0	370	0	0	0	0	0	0	0	8
40	assemblage-163-932	0	161	0	5	0	0	0	0	0	13	0	0	0	0	0	0	38	0	0	0	0	0	0	0	0	0	0	0	0	0	0	0	0	0	0	0	0	266	3	0	0	0	0	0	0	14
40	assemblage-943-508	0	61	0	0	0	0	67	0	0	224	0	0	0	0	54	0	0	0	0	0	0	0	0	0	0	0	0	0	0	0	0	0	0	0	0	0	0	0	0	79	0	0	0	0	0	15

41	assemblage-291-419	0	36	0	0	0	0	0	0	0	0	0	0	0	0	0	0	0	86	0	0	0	0	0	0	0	0	0	0	0	0	0	0	0	0	0	0	0	370	0	0	0	0	0	0	0	8
41	assemblage-163-932	0	161	0	5	0	0	0	0	0	13	0	0	0	0	0	0	38	0	0	0	0	0	0	0	0	0	0	0	0	0	0	0	0	0	0	0	0	266	3	0	0	0	0	0	0	14
41	assemblage-955-283	0	29	0	0	0	0	0	0	0	8	0	0	0	0	0	0	0	0	0	0	0	0	0	0	0	0	0	0	0	0	0	0	0	0	0	0	0	117	0	335	0	0	0	0	0	11

42	assemblage-291-419	0	36	0	0	0	0	0	0	0	0	0	0	0	0	0	0	0	86	0	0	0	0	0	0	0	0	0	0	0	0	0	0	0	0	0	0	0	370	0	0	0	0	0	0	0	8
42	assemblage-708-443	0	50	0	0	0	0	0	0	0	8	0	0	0	0	20	0	0	0	0	0	0	0	0	0	0	0	0	0	0	0	0	0	0	0	0	0	0	0	0	405	0	0	0	0	0	17
42	assemblage-780-771	0	0	0	0	0	0	0	0	0	0	0	0	0	0	0	52	0	0	0	0	7	0	0	0	0	0	0	0	0	0	0	0	0	24	321	0	0	0	0	0	9	0	78	0	0	9

43	assemblage-291-419	0	36	0	0	0	0	0	0	0	0	0	0	0	0	0	0	0	86	0	0	0	0	0	0	0	0	0	0	0	0	0	0	0	0	0	0	0	370	0	0	0	0	0	0	0	8
43	assemblage-708-443	0	50	0	0	0	0	0	0	0	8	0	0	0	0	20	0	0	0	0	0	0	0	0	0	0	0	0	0	0	0	0	0	0	0	0	0	0	0	0	405	0	0	0	0	0	17
43	assemblage-943-508	0	61	0	0	0	0	67	0	0	224	0	0	0	0	54	0	0	0	0	0	0	0	0	0	0	0	0	0	0	0	0	0	0	0	0	0	0	0	0	79	0	0	0	0	0	15

44	assemblage-901-172	0	0	13	0	0	0	0	0	0	0	0	0	0	0	0	77	0	156	0	0	0	0	0	0	0	0	0	26	0	0	0	0	0	0	222	0	0	0	0	0	0	0	0	0	0	6
44	assemblage-943-508	0	61	0	0	0	0	67	0	0	224	0	0	0	0	54	0	0	0	0	0	0	0	0	0	0	0	0	0	0	0	0	0	0	0	0	0	0	0	0	79	0	0	0	0	0	15
44	assemblage-444-470	0	13	0	0	0	0	0	0	0	6	0	0	0	0	0	0	26	0	10	0	0	0	0	0	0	0	0	0	0	0	0	0	0	0	0	0	0	377	0	56	0	0	0	0	0	12

45	assemblage-901-172	0	0	13	0	0	0	0	0	0	0	0	0	0	0	0	77	0	156	0	0	0	0	0	0	0	0	0	26	0	0	0	0	0	0	222	0	0	0	0	0	0	0	0	0	0	6
45	assemblage-792-172	0	0	10	0	0	0	0	0	0	0	0	0	0	0	0	75	0	146	0	0	0	0	0	0	0	0	0	35	0	0	0	0	0	0	226	0	0	0	0	0	0	0	0	0	0	8
45	assemblage-148-933	0	18	0	0	0	0	0	0	0	5	0	0	0	0	0	0	28	0	12	0	0	0	0	0	0	0	0	0	0	0	0	0	0	0	0	0	0	368	0	60	0	0	0	0	0	9

46	assemblage-901-172	0	0	13	0	0	0	0	0	0	0	0	0	0	0	0	77	0	156	0	0	0	0	0	0	0	0	0	26	0	0	0	0	0	0	222	0	0	0	0	0	0	0	0	0	0	6
46	assemblage-955-283	0	29	0	0	0	0	0	0	0	8	0	0	0	0	0	0	0	0	0	0	0	0	0	0	0	0	0	0	0	0	0	0	0	0	0	0	0	117	0	335	0	0	0	0	0	11
46	assemblage-444-470	0	13	0	0	0	0	0	0	0	6	0	0	0	0	0	0	26	0	10	0	0	0	0	0	0	0	0	0	0	0	0	0	0	0	0	0	0	377	0	56	0	0	0	0	0	12

47	assemblage-901-172	0	0	13	0	0	0	0	0	0	0	0	0	0	0	0	77	0	156	0	0	0	0	0	0	0	0	0	26	0	0	0	0	0	0	222	0	0	0	0	0	0	0	0	0	0	6
47	assemblage-955-283	0	29	0	0	0	0	0	0	0	8	0	0	0	0	0	0	0	0	0	0	0	0	0	0	0	0	0	0	0	0	0	0	0	0	0	0	0	117	0	335	0	0	0	0	0	11
47	assemblage-148-933	0	18	0	0	0	0	0	0	0	5	0	0	0	0	0	0	28	0	12	0	0	0	0	0	0	0	0	0	0	0	0	0	0	0	0	0	0	368	0	60	0	0	0	0	0	9

48	assemblage-901-172	0	0	13	0	0	0	0	0	0	0	0	0	0	0	0	77	0	156	0	0	0	0	0	0	0	0	0	26	0	0	0	0	0	0	222	0	0	0	0	0	0	0	0	0	0	6
48	assemblage-163-932	0	161	0	5	0	0	0	0	0	13	0	0	0	0	0	0	38	0	0	0	0	0	0	0	0	0	0	0	0	0	0	0	0	0	0	0	0	266	3	0	0	0	0	0	0	14
48	assemblage-444-470	0	13	0	0	0	0	0	0	0	6	0	0	0	0	0	0	26	0	10	0	0	0	0	0	0	0	0	0	0	0	0	0	0	0	0	0	0	377	0	56	0	0	0	0	0	12

49	assemblage-901-172	0	0	13	0	0	0	0	0	0	0	0	0	0	0	0	77	0	156	0	0	0	0	0	0	0	0	0	26	0	0	0	0	0	0	222	0	0	0	0	0	0	0	0	0	0	6
49	assemblage-163-932	0	161	0	5	0	0	0	0	0	13	0	0	0	0	0	0	38	0	0	0	0	0	0	0	0	0	0	0	0	0	0	0	0	0	0	0	0	266	3	0	0	0	0	0	0	14
49	assemblage-943-508	0	61	0	0	0	0	67	0	0	224	0	0	0	0	54	0	0	0	0	0	0	0	0	0	0	0	0	0	0	0	0	0	0	0	0	0	0	0	0	79	0	0	0	0	0	15

50	assemblage-901-172	0	0	13	0	0	0	0	0	0	0	0	0	0	0	0	77	0	156	0	0	0	0	0	0	0	0	0	26	0	0	0	0	0	0	222	0	0	0	0	0	0	0	0	0	0	6
50	assemblage-163-932	0	161	0	5	0	0	0	0	0	13	0	0	0	0	0	0	38	0	0	0	0	0	0	0	0	0	0	0	0	0	0	0	0	0	0	0	0	266	3	0	0	0	0	0	0	14
50	assemblage-148-933	0	18	0	0	0	0	0	0	0	5	0	0	0	0	0	0	28	0	12	0	0	0	0	0	0	0	0	0	0	0	0	0	0	0	0	0	0	368	0	60	0	0	0	0	0	9

51	assemblage-901-172	0	0	13	0	0	0	0	0	0	0	0	0	0	0	0	77	0	156	0	0	0	0	0	0	0	0	0	26	0	0	0	0	0	0	222	0	0	0	0	0	0	0	0	0	0	6
51	assemblage-163-932	0	161	0	5	0	0	0	0	0	13	0	0	0	0	0	0	38	0	0	0	0	0	0	0	0	0	0	0	0	0	0	0	0	0	0	0	0	266	3	0	0	0	0	0	0	14
51	assemblage-955-283	0	29	0	0	0	0	0	0	0	8	0	0	0	0	0	0	0	0	0	0	0	0	0	0	0	0	0	0	0	0	0	0	0	0	0	0	0	117	0	335	0	0	0	0	0	11

52	assemblage-901-172	0	0	13	0	0	0	0	0	0	0	0	0	0	0	0	77	0	156	0	0	0	0	0	0	0	0	0	26	0	0	0	0	0	0	222	0	0	0	0	0	0	0	0	0	0	6
52	assemblage-708-443	0	50	0	0	0	0	0	0	0	8	0	0	0	0	20	0	0	0	0	0	0	0	0	0	0	0	0	0	0	0	0	0	0	0	0	0	0	0	0	405	0	0	0	0	0	17
52	assemblage-444-470	0	13	0	0	0	0	0	0	0	6	0	0	0	0	0	0	26	0	10	0	0	0	0	0	0	0	0	0	0	0	0	0	0	0	0	0	0	377	0	56	0	0	0	0	0	12

53	assemblage-901-172	0	0	13	0	0	0	0	0	0	0	0	0	0	0	0	77	0	156	0	0	0	0	0	0	0	0	0	26	0	0	0	0	0	0	222	0	0	0	0	0	0	0	0	0	0	6
53	assemblage-708-443	0	50	0	0	0	0	0	0	0	8	0	0	0	0	20	0	0	0	0	0	0	0	0	0	0	0	0	0	0	0	0	0	0	0	0	0	0	0	0	405	0	0	0	0	0	17
53	assemblage-943-508	0	61	0	0	0	0	67	0	0	224	0	0	0	0	54	0	0	0	0	0	0	0	0	0	0	0	0	0	0	0	0	0	0	0	0	0	0	0	0	79	0	0	0	0	0	15

54	assemblage-901-172	0	0	13	0	0	0	0	0	0	0	0	0	0	0	0	77	0	156	0	0	0	0	0	0	0	0	0	26	0	0	0	0	0	0	222	0	0	0	0	0	0	0	0	0	0	6
54	assemblage-708-443	0	50	0	0	0	0	0	0	0	8	0	0	0	0	20	0	0	0	0	0	0	0	0	0	0	0	0	0	0	0	0	0	0	0	0	0	0	0	0	405	0	0	0	0	0	17
54	assemblage-148-933	0	18	0	0	0	0	0	0	0	5	0	0	0	0	0	0	28	0	12	0	0	0	0	0	0	0	0	0	0	0	0	0	0	0	0	0	0	368	0	60	0	0	0	0	0	9

55	assemblage-901-172	0	0	13	0	0	0	0	0	0	0	0	0	0	0	0	77	0	156	0	0	0	0	0	0	0	0	0	26	0	0	0	0	0	0	222	0	0	0	0	0	0	0	0	0	0	6
55	assemblage-708-443	0	50	0	0	0	0	0	0	0	8	0	0	0	0	20	0	0	0	0	0	0	0	0	0	0	0	0	0	0	0	0	0	0	0	0	0	0	0	0	405	0	0	0	0	0	17
55	assemblage-955-283	0	29	0	0	0	0	0	0	0	8	0	0	0	0	0	0	0	0	0	0	0	0	0	0	0	0	0	0	0	0	0	0	0	0	0	0	0	117	0	335	0	0	0	0	0	11

56	assemblage-901-172	0	0	13	0	0	0	0	0	0	0	0	0	0	0	0	77	0	156	0	0	0	0	0	0	0	0	0	26	0	0	0	0	0	0	222	0	0	0	0	0	0	0	0	0	0	6
56	assemblage-708-443	0	50	0	0	0	0	0	0	0	8	0	0	0	0	20	0	0	0	0	0	0	0	0	0	0	0	0	0	0	0	0	0	0	0	0	0	0	0	0	405	0	0	0	0	0	17
56	assemblage-163-932	0	161	0	5	0	0	0	0	0	13	0	0	0	0	0	0	38	0	0	0	0	0	0	0	0	0	0	0	0	0	0	0	0	0	0	0	0	266	3	0	0	0	0	0	0	14

57	assemblage-901-172	0	0	13	0	0	0	0	0	0	0	0	0	0	0	0	77	0	156	0	0	0	0	0	0	0	0	0	26	0	0	0	0	0	0	222	0	0	0	0	0	0	0	0	0	0	6
57	assemblage-291-419	0	36	0	0	0	0	0	0	0	0	0	0	0	0	0	0	0	86	0	0	0	0	0	0	0	0	0	0	0	0	0	0	0	0	0	0	0	370	0	0	0	0	0	0	0	8
57	assemblage-148-933	0	18	0	0	0	0	0	0	0	5	0	0	0	0	0	0	28	0	12	0	0	0	0	0	0	0	0	0	0	0	0	0	0	0	0	0	0	368	0	60	0	0	0	0	0	9

58	assemblage-380-266	30	12	0	0	0	0	0	0	0	19	0	0	0	5	0	0	0	0	0	0	0	0	0	0	0	0	0	0	0	0	0	0	0	0	0	0	0	0	0	416	0	0	0	0	0	18
58	assemblage-384-269	34	6	0	0	0	0	0	0	0	29	0	0	0	8	0	0	0	0	0	0	0	0	0	0	0	0	0	0	0	0	0	0	0	0	0	0	0	0	0	403	0	0	0	0	0	20
58	assemblage-554-1004	0	0	0	0	0	0	0	0	0	0	0	0	7	0	0	180	0	20	0	0	0	0	0	0	0	0	0	0	0	0	0	0	0	0	231	0	0	41	0	0	0	0	0	0	0	21

59	assemblage-380-266	30	12	0	0	0	0	0	0	0	19	0	0	0	5	0	0	0	0	0	0	0	0	0	0	0	0	0	0	0	0	0	0	0	0	0	0	0	0	0	416	0	0	0	0	0	18
59	assemblage-943-508	0	61	0	0	0	0	67	0	0	224	0	0	0	0	54	0	0	0	0	0	0	0	0	0	0	0	0	0	0	0	0	0	0	0	0	0	0	0	0	79	0	0	0	0	0	15
59	assemblage-444-470	0	13	0	0	0	0	0	0	0	6	0	0	0	0	0	0	26	0	10	0	0	0	0	0	0	0	0	0	0	0	0	0	0	0	0	0	0	377	0	56	0	0	0	0	0	12

60	assemblage-380-266	30	12	0	0	0	0	0	0	0	19	0	0	0	5	0	0	0	0	0	0	0	0	0	0	0	0	0	0	0	0	0	0	0	0	0	0	0	0	0	416	0	0	0	0	0	18
60	assemblage-943-508	0	61	0	0	0	0	67	0	0	224	0	0	0	0	54	0	0	0	0	0	0	0	0	0	0	0	0	0	0	0	0	0	0	0	0	0	0	0	0	79	0	0	0	0	0	15
60	assemblage-780-771	0	0	0	0	0	0	0	0	0	0	0	0	0	0	0	52	0	0	0	0	7	0	0	0	0	0	0	0	0	0	0	0	0	24	321	0	0	0	0	0	9	0	78	0	0	9

61	assemblage-380-266	30	12	0	0	0	0	0	0	0	19	0	0	0	5	0	0	0	0	0	0	0	0	0	0	0	0	0	0	0	0	0	0	0	0	0	0	0	0	0	416	0	0	0	0	0	18
61	assemblage-148-933	0	18	0	0	0	0	0	0	0	5	0	0	0	0	0	0	28	0	12	0	0	0	0	0	0	0	0	0	0	0	0	0	0	0	0	0	0	368	0	60	0	0	0	0	0	9
61	assemblage-780-771	0	0	0	0	0	0	0	0	0	0	0	0	0	0	0	52	0	0	0	0	7	0	0	0	0	0	0	0	0	0	0	0	0	24	321	0	0	0	0	0	9	0	78	0	0	9

62	assemblage-380-266	30	12	0	0	0	0	0	0	0	19	0	0	0	5	0	0	0	0	0	0	0	0	0	0	0	0	0	0	0	0	0	0	0	0	0	0	0	0	0	416	0	0	0	0	0	18
62	assemblage-955-283	0	29	0	0	0	0	0	0	0	8	0	0	0	0	0	0	0	0	0	0	0	0	0	0	0	0	0	0	0	0	0	0	0	0	0	0	0	117	0	335	0	0	0	0	0	11
62	assemblage-444-470	0	13	0	0	0	0	0	0	0	6	0	0	0	0	0	0	26	0	10	0	0	0	0	0	0	0	0	0	0	0	0	0	0	0	0	0	0	377	0	56	0	0	0	0	0	12

63	assemblage-380-266	30	12	0	0	0	0	0	0	0	19	0	0	0	5	0	0	0	0	0	0	0	0	0	0	0	0	0	0	0	0	0	0	0	0	0	0	0	0	0	416	0	0	0	0	0	18
63	assemblage-955-283	0	29	0	0	0	0	0	0	0	8	0	0	0	0	0	0	0	0	0	0	0	0	0	0	0	0	0	0	0	0	0	0	0	0	0	0	0	117	0	335	0	0	0	0	0	11
63	assemblage-780-771	0	0	0	0	0	0	0	0	0	0	0	0	0	0	0	52	0	0	0	0	7	0	0	0	0	0	0	0	0	0	0	0	0	24	321	0	0	0	0	0	9	0	78	0	0	9

64	assemblage-380-266	30	12	0	0	0	0	0	0	0	19	0	0	0	5	0	0	0	0	0	0	0	0	0	0	0	0	0	0	0	0	0	0	0	0	0	0	0	0	0	416	0	0	0	0	0	18
64	assemblage-955-283	0	29	0	0	0	0	0	0	0	8	0	0	0	0	0	0	0	0	0	0	0	0	0	0	0	0	0	0	0	0	0	0	0	0	0	0	0	117	0	335	0	0	0	0	0	11
64	assemblage-148-933	0	18	0	0	0	0	0	0	0	5	0	0	0	0	0	0	28	0	12	0	0	0	0	0	0	0	0	0	0	0	0	0	0	0	0	0	0	368	0	60	0	0	0	0	0	9

65	assemblage-380-266	30	12	0	0	0	0	0	0	0	19	0	0	0	5	0	0	0	0	0	0	0	0	0	0	0	0	0	0	0	0	0	0	0	0	0	0	0	0	0	416	0	0	0	0	0	18
65	assemblage-955-283	0	29	0	0	0	0	0	0	0	8	0	0	0	0	0	0	0	0	0	0	0	0	0	0	0	0	0	0	0	0	0	0	0	0	0	0	0	117	0	335	0	0	0	0	0	11
65	assemblage-792-172	0	0	10	0	0	0	0	0	0	0	0	0	0	0	0	75	0	146	0	0	0	0	0	0	0	0	0	35	0	0	0	0	0	0	226	0	0	0	0	0	0	0	0	0	0	8

66	assemblage-380-266	30	12	0	0	0	0	0	0	0	19	0	0	0	5	0	0	0	0	0	0	0	0	0	0	0	0	0	0	0	0	0	0	0	0	0	0	0	0	0	416	0	0	0	0	0	18
66	assemblage-163-932	0	161	0	5	0	0	0	0	0	13	0	0	0	0	0	0	38	0	0	0	0	0	0	0	0	0	0	0	0	0	0	0	0	0	0	0	0	266	3	0	0	0	0	0	0	14
66	assemblage-780-771	0	0	0	0	0	0	0	0	0	0	0	0	0	0	0	52	0	0	0	0	7	0	0	0	0	0	0	0	0	0	0	0	0	24	321	0	0	0	0	0	9	0	78	0	0	9

67	assemblage-380-266	30	12	0	0	0	0	0	0	0	19	0	0	0	5	0	0	0	0	0	0	0	0	0	0	0	0	0	0	0	0	0	0	0	0	0	0	0	0	0	416	0	0	0	0	0	18
67	assemblage-163-932	0	161	0	5	0	0	0	0	0	13	0	0	0	0	0	0	38	0	0	0	0	0	0	0	0	0	0	0	0	0	0	0	0	0	0	0	0	266	3	0	0	0	0	0	0	14
67	assemblage-792-172	0	0	10	0	0	0	0	0	0	0	0	0	0	0	0	75	0	146	0	0	0	0	0	0	0	0	0	35	0	0	0	0	0	0	226	0	0	0	0	0	0	0	0	0	0	8

68	assemblage-380-266	30	12	0	0	0	0	0	0	0	19	0	0	0	5	0	0	0	0	0	0	0	0	0	0	0	0	0	0	0	0	0	0	0	0	0	0	0	0	0	416	0	0	0	0	0	18
68	assemblage-708-443	0	50	0	0	0	0	0	0	0	8	0	0	0	0	20	0	0	0	0	0	0	0	0	0	0	0	0	0	0	0	0	0	0	0	0	0	0	0	0	405	0	0	0	0	0	17
68	assemblage-554-1004	0	0	0	0	0	0	0	0	0	0	0	0	7	0	0	180	0	20	0	0	0	0	0	0	0	0	0	0	0	0	0	0	0	0	231	0	0	41	0	0	0	0	0	0	0	21

69	assemblage-380-266	30	12	0	0	0	0	0	0	0	19	0	0	0	5	0	0	0	0	0	0	0	0	0	0	0	0	0	0	0	0	0	0	0	0	0	0	0	0	0	416	0	0	0	0	0	18
69	assemblage-708-443	0	50	0	0	0	0	0	0	0	8	0	0	0	0	20	0	0	0	0	0	0	0	0	0	0	0	0	0	0	0	0	0	0	0	0	0	0	0	0	405	0	0	0	0	0	17
69	assemblage-444-470	0	13	0	0	0	0	0	0	0	6	0	0	0	0	0	0	26	0	10	0	0	0	0	0	0	0	0	0	0	0	0	0	0	0	0	0	0	377	0	56	0	0	0	0	0	12

70	assemblage-380-266	30	12	0	0	0	0	0	0	0	19	0	0	0	5	0	0	0	0	0	0	0	0	0	0	0	0	0	0	0	0	0	0	0	0	0	0	0	0	0	416	0	0	0	0	0	18
70	assemblage-708-443	0	50	0	0	0	0	0	0	0	8	0	0	0	0	20	0	0	0	0	0	0	0	0	0	0	0	0	0	0	0	0	0	0	0	0	0	0	0	0	405	0	0	0	0	0	17
70	assemblage-780-771	0	0	0	0	0	0	0	0	0	0	0	0	0	0	0	52	0	0	0	0	7	0	0	0	0	0	0	0	0	0	0	0	0	24	321	0	0	0	0	0	9	0	78	0	0	9

71	assemblage-380-266	30	12	0	0	0	0	0	0	0	19	0	0	0	5	0	0	0	0	0	0	0	0	0	0	0	0	0	0	0	0	0	0	0	0	0	0	0	0	0	416	0	0	0	0	0	18
71	assemblage-708-443	0	50	0	0	0	0	0	0	0	8	0	0	0	0	20	0	0	0	0	0	0	0	0	0	0	0	0	0	0	0	0	0	0	0	0	0	0	0	0	405	0	0	0	0	0	17
71	assemblage-148-933	0	18	0	0	0	0	0	0	0	5	0	0	0	0	0	0	28	0	12	0	0	0	0	0	0	0	0	0	0	0	0	0	0	0	0	0	0	368	0	60	0	0	0	0	0	9

72	assemblage-380-266	30	12	0	0	0	0	0	0	0	19	0	0	0	5	0	0	0	0	0	0	0	0	0	0	0	0	0	0	0	0	0	0	0	0	0	0	0	0	0	416	0	0	0	0	0	18
72	assemblage-708-443	0	50	0	0	0	0	0	0	0	8	0	0	0	0	20	0	0	0	0	0	0	0	0	0	0	0	0	0	0	0	0	0	0	0	0	0	0	0	0	405	0	0	0	0	0	17
72	assemblage-792-172	0	0	10	0	0	0	0	0	0	0	0	0	0	0	0	75	0	146	0	0	0	0	0	0	0	0	0	35	0	0	0	0	0	0	226	0	0	0	0	0	0	0	0	0	0	8

73	assemblage-380-266	30	12	0	0	0	0	0	0	0	19	0	0	0	5	0	0	0	0	0	0	0	0	0	0	0	0	0	0	0	0	0	0	0	0	0	0	0	0	0	416	0	0	0	0	0	18
73	assemblage-708-443	0	50	0	0	0	0	0	0	0	8	0	0	0	0	20	0	0	0	0	0	0	0	0	0	0	0	0	0	0	0	0	0	0	0	0	0	0	0	0	405	0	0	0	0	0	17
73	assemblage-955-283	0	29	0	0	0	0	0	0	0	8	0	0	0	0	0	0	0	0	0	0	0	0	0	0	0	0	0	0	0	0	0	0	0	0	0	0	0	117	0	335	0	0	0	0	0	11

74	assemblage-380-266	30	12	0	0	0	0	0	0	0	19	0	0	0	5	0	0	0	0	0	0	0	0	0	0	0	0	0	0	0	0	0	0	0	0	0	0	0	0	0	416	0	0	0	0	0	18
74	assemblage-708-443	0	50	0	0	0	0	0	0	0	8	0	0	0	0	20	0	0	0	0	0	0	0	0	0	0	0	0	0	0	0	0	0	0	0	0	0	0	0	0	405	0	0	0	0	0	17
74	assemblage-586-653	0	0	9	0	0	0	0	0	0	0	0	0	0	0	0	81	0	132	0	0	0	0	0	0	0	0	0	41	0	0	0	0	0	0	233	0	0	0	0	0	0	0	0	0	0	4

75	assemblage-380-266	30	12	0	0	0	0	0	0	0	19	0	0	0	5	0	0	0	0	0	0	0	0	0	0	0	0	0	0	0	0	0	0	0	0	0	0	0	0	0	416	0	0	0	0	0	18
75	assemblage-291-419	0	36	0	0	0	0	0	0	0	0	0	0	0	0	0	0	0	86	0	0	0	0	0	0	0	0	0	0	0	0	0	0	0	0	0	0	0	370	0	0	0	0	0	0	0	8
75	assemblage-780-771	0	0	0	0	0	0	0	0	0	0	0	0	0	0	0	52	0	0	0	0	7	0	0	0	0	0	0	0	0	0	0	0	0	24	321	0	0	0	0	0	9	0	78	0	0	9

76	assemblage-380-266	30	12	0	0	0	0	0	0	0	19	0	0	0	5	0	0	0	0	0	0	0	0	0	0	0	0	0	0	0	0	0	0	0	0	0	0	0	0	0	416	0	0	0	0	0	18
76	assemblage-291-419	0	36	0	0	0	0	0	0	0	0	0	0	0	0	0	0	0	86	0	0	0	0	0	0	0	0	0	0	0	0	0	0	0	0	0	0	0	370	0	0	0	0	0	0	0	8
76	assemblage-792-172	0	0	10	0	0	0	0	0	0	0	0	0	0	0	0	75	0	146	0	0	0	0	0	0	0	0	0	35	0	0	0	0	0	0	226	0	0	0	0	0	0	0	0	0	0	8

77	assemblage-380-266	30	12	0	0	0	0	0	0	0	19	0	0	0	5	0	0	0	0	0	0	0	0	0	0	0	0	0	0	0	0	0	0	0	0	0	0	0	0	0	416	0	0	0	0	0	18
77	assemblage-291-419	0	36	0	0	0	0	0	0	0	0	0	0	0	0	0	0	0	86	0	0	0	0	0	0	0	0	0	0	0	0	0	0	0	0	0	0	0	370	0	0	0	0	0	0	0	8
77	assemblage-586-653	0	0	9	0	0	0	0	0	0	0	0	0	0	0	0	81	0	132	0	0	0	0	0	0	0	0	0	41	0	0	0	0	0	0	233	0	0	0	0	0	0	0	0	0	0	4

78	assemblage-380-266	30	12	0	0	0	0	0	0	0	19	0	0	0	5	0	0	0	0	0	0	0	0	0	0	0	0	0	0	0	0	0	0	0	0	0	0	0	0	0	416	0	0	0	0	0	18
78	assemblage-901-172	0	0	13	0	0	0	0	0	0	0	0	0	0	0	0	77	0	156	0	0	0	0	0	0	0	0	0	26	0	0	0	0	0	0	222	0	0	0	0	0	0	0	0	0	0	6
78	assemblage-586-653	0	0	9	0	0	0	0	0	0	0	0	0	0	0	0	81	0	132	0	0	0	0	0	0	0	0	0	41	0	0	0	0	0	0	233	0	0	0	0	0	0	0	0	0	0	4

79	assemblage-930-503	0	54	0	0	0	0	79	0	0	203	0	0	0	0	57	0	0	0	0	0	0	0	0	0	0	3	0	0	0	0	0	0	0	0	0	0	0	0	0	91	0	0	0	0	0	13
79	assemblage-384-269	34	6	0	0	0	0	0	0	0	29	0	0	0	8	0	0	0	0	0	0	0	0	0	0	0	0	0	0	0	0	0	0	0	0	0	0	0	0	0	403	0	0	0	0	0	20
79	assemblage-554-1004	0	0	0	0	0	0	0	0	0	0	0	0	7	0	0	180	0	20	0	0	0	0	0	0	0	0	0	0	0	0	0	0	0	0	231	0	0	41	0	0	0	0	0	0	0	21

80	assemblage-930-503	0	54	0	0	0	0	79	0	0	203	0	0	0	0	57	0	0	0	0	0	0	0	0	0	0	3	0	0	0	0	0	0	0	0	0	0	0	0	0	91	0	0	0	0	0	13
80	assemblage-943-508	0	61	0	0	0	0	67	0	0	224	0	0	0	0	54	0	0	0	0	0	0	0	0	0	0	0	0	0	0	0	0	0	0	0	0	0	0	0	0	79	0	0	0	0	0	15
80	assemblage-554-1004	0	0	0	0	0	0	0	0	0	0	0	0	7	0	0	180	0	20	0	0	0	0	0	0	0	0	0	0	0	0	0	0	0	0	231	0	0	41	0	0	0	0	0	0	0	21

81	assemblage-930-503	0	54	0	0	0	0	79	0	0	203	0	0	0	0	57	0	0	0	0	0	0	0	0	0	0	3	0	0	0	0	0	0	0	0	0	0	0	0	0	91	0	0	0	0	0	13
81	assemblage-943-508	0	61	0	0	0	0	67	0	0	224	0	0	0	0	54	0	0	0	0	0	0	0	0	0	0	0	0	0	0	0	0	0	0	0	0	0	0	0	0	79	0	0	0	0	0	15
81	assemblage-444-470	0	13	0	0	0	0	0	0	0	6	0	0	0	0	0	0	26	0	10	0	0	0	0	0	0	0	0	0	0	0	0	0	0	0	0	0	0	377	0	56	0	0	0	0	0	12

82	assemblage-930-503	0	54	0	0	0	0	79	0	0	203	0	0	0	0	57	0	0	0	0	0	0	0	0	0	0	3	0	0	0	0	0	0	0	0	0	0	0	0	0	91	0	0	0	0	0	13
82	assemblage-943-508	0	61	0	0	0	0	67	0	0	224	0	0	0	0	54	0	0	0	0	0	0	0	0	0	0	0	0	0	0	0	0	0	0	0	0	0	0	0	0	79	0	0	0	0	0	15
82	assemblage-780-771	0	0	0	0	0	0	0	0	0	0	0	0	0	0	0	52	0	0	0	0	7	0	0	0	0	0	0	0	0	0	0	0	0	24	321	0	0	0	0	0	9	0	78	0	0	9

83	assemblage-930-503	0	54	0	0	0	0	79	0	0	203	0	0	0	0	57	0	0	0	0	0	0	0	0	0	0	3	0	0	0	0	0	0	0	0	0	0	0	0	0	91	0	0	0	0	0	13
83	assemblage-148-933	0	18	0	0	0	0	0	0	0	5	0	0	0	0	0	0	28	0	12	0	0	0	0	0	0	0	0	0	0	0	0	0	0	0	0	0	0	368	0	60	0	0	0	0	0	9
83	assemblage-780-771	0	0	0	0	0	0	0	0	0	0	0	0	0	0	0	52	0	0	0	0	7	0	0	0	0	0	0	0	0	0	0	0	0	24	321	0	0	0	0	0	9	0	78	0	0	9

84	assemblage-930-503	0	54	0	0	0	0	79	0	0	203	0	0	0	0	57	0	0	0	0	0	0	0	0	0	0	3	0	0	0	0	0	0	0	0	0	0	0	0	0	91	0	0	0	0	0	13
84	assemblage-955-283	0	29	0	0	0	0	0	0	0	8	0	0	0	0	0	0	0	0	0	0	0	0	0	0	0	0	0	0	0	0	0	0	0	0	0	0	0	117	0	335	0	0	0	0	0	11
84	assemblage-444-470	0	13	0	0	0	0	0	0	0	6	0	0	0	0	0	0	26	0	10	0	0	0	0	0	0	0	0	0	0	0	0	0	0	0	0	0	0	377	0	56	0	0	0	0	0	12

85	assemblage-930-503	0	54	0	0	0	0	79	0	0	203	0	0	0	0	57	0	0	0	0	0	0	0	0	0	0	3	0	0	0	0	0	0	0	0	0	0	0	0	0	91	0	0	0	0	0	13
85	assemblage-955-283	0	29	0	0	0	0	0	0	0	8	0	0	0	0	0	0	0	0	0	0	0	0	0	0	0	0	0	0	0	0	0	0	0	0	0	0	0	117	0	335	0	0	0	0	0	11
85	assemblage-780-771	0	0	0	0	0	0	0	0	0	0	0	0	0	0	0	52	0	0	0	0	7	0	0	0	0	0	0	0	0	0	0	0	0	24	321	0	0	0	0	0	9	0	78	0	0	9

86	assemblage-930-503	0	54	0	0	0	0	79	0	0	203	0	0	0	0	57	0	0	0	0	0	0	0	0	0	0	3	0	0	0	0	0	0	0	0	0	0	0	0	0	91	0	0	0	0	0	13
86	assemblage-955-283	0	29	0	0	0	0	0	0	0	8	0	0	0	0	0	0	0	0	0	0	0	0	0	0	0	0	0	0	0	0	0	0	0	0	0	0	0	117	0	335	0	0	0	0	0	11
86	assemblage-148-933	0	18	0	0	0	0	0	0	0	5	0	0	0	0	0	0	28	0	12	0	0	0	0	0	0	0	0	0	0	0	0	0	0	0	0	0	0	368	0	60	0	0	0	0	0	9

87	assemblage-930-503	0	54	0	0	0	0	79	0	0	203	0	0	0	0	57	0	0	0	0	0	0	0	0	0	0	3	0	0	0	0	0	0	0	0	0	0	0	0	0	91	0	0	0	0	0	13
87	assemblage-955-283	0	29	0	0	0	0	0	0	0	8	0	0	0	0	0	0	0	0	0	0	0	0	0	0	0	0	0	0	0	0	0	0	0	0	0	0	0	117	0	335	0	0	0	0	0	11
87	assemblage-792-172	0	0	10	0	0	0	0	0	0	0	0	0	0	0	0	75	0	146	0	0	0	0	0	0	0	0	0	35	0	0	0	0	0	0	226	0	0	0	0	0	0	0	0	0	0	8

88	assemblage-930-503	0	54	0	0	0	0	79	0	0	203	0	0	0	0	57	0	0	0	0	0	0	0	0	0	0	3	0	0	0	0	0	0	0	0	0	0	0	0	0	91	0	0	0	0	0	13
88	assemblage-163-932	0	161	0	5	0	0	0	0	0	13	0	0	0	0	0	0	38	0	0	0	0	0	0	0	0	0	0	0	0	0	0	0	0	0	0	0	0	266	3	0	0	0	0	0	0	14
88	assemblage-554-1004	0	0	0	0	0	0	0	0	0	0	0	0	7	0	0	180	0	20	0	0	0	0	0	0	0	0	0	0	0	0	0	0	0	0	231	0	0	41	0	0	0	0	0	0	0	21

89	assemblage-930-503	0	54	0	0	0	0	79	0	0	203	0	0	0	0	57	0	0	0	0	0	0	0	0	0	0	3	0	0	0	0	0	0	0	0	0	0	0	0	0	91	0	0	0	0	0	13
89	assemblage-163-932	0	161	0	5	0	0	0	0	0	13	0	0	0	0	0	0	38	0	0	0	0	0	0	0	0	0	0	0	0	0	0	0	0	0	0	0	0	266	3	0	0	0	0	0	0	14
89	assemblage-780-771	0	0	0	0	0	0	0	0	0	0	0	0	0	0	0	52	0	0	0	0	7	0	0	0	0	0	0	0	0	0	0	0	0	24	321	0	0	0	0	0	9	0	78	0	0	9

90	assemblage-930-503	0	54	0	0	0	0	79	0	0	203	0	0	0	0	57	0	0	0	0	0	0	0	0	0	0	3	0	0	0	0	0	0	0	0	0	0	0	0	0	91	0	0	0	0	0	13
90	assemblage-163-932	0	161	0	5	0	0	0	0	0	13	0	0	0	0	0	0	38	0	0	0	0	0	0	0	0	0	0	0	0	0	0	0	0	0	0	0	0	266	3	0	0	0	0	0	0	14
90	assemblage-792-172	0	0	10	0	0	0	0	0	0	0	0	0	0	0	0	75	0	146	0	0	0	0	0	0	0	0	0	35	0	0	0	0	0	0	226	0	0	0	0	0	0	0	0	0	0	8

91	assemblage-930-503	0	54	0	0	0	0	79	0	0	203	0	0	0	0	57	0	0	0	0	0	0	0	0	0	0	3	0	0	0	0	0	0	0	0	0	0	0	0	0	91	0	0	0	0	0	13
91	assemblage-708-443	0	50	0	0	0	0	0	0	0	8	0	0	0	0	20	0	0	0	0	0	0	0	0	0	0	0	0	0	0	0	0	0	0	0	0	0	0	0	0	405	0	0	0	0	0	17
91	assemblage-444-470	0	13	0	0	0	0	0	0	0	6	0	0	0	0	0	0	26	0	10	0	0	0	0	0	0	0	0	0	0	0	0	0	0	0	0	0	0	377	0	56	0	0	0	0	0	12

92	assemblage-930-503	0	54	0	0	0	0	79	0	0	203	0	0	0	0	57	0	0	0	0	0	0	0	0	0	0	3	0	0	0	0	0	0	0	0	0	0	0	0	0	91	0	0	0	0	0	13
92	assemblage-708-443	0	50	0	0	0	0	0	0	0	8	0	0	0	0	20	0	0	0	0	0	0	0	0	0	0	0	0	0	0	0	0	0	0	0	0	0	0	0	0	405	0	0	0	0	0	17
92	assemblage-780-771	0	0	0	0	0	0	0	0	0	0	0	0	0	0	0	52	0	0	0	0	7	0	0	0	0	0	0	0	0	0	0	0	0	24	321	0	0	0	0	0	9	0	78	0	0	9

93	assemblage-930-503	0	54	0	0	0	0	79	0	0	203	0	0	0	0	57	0	0	0	0	0	0	0	0	0	0	3	0	0	0	0	0	0	0	0	0	0	0	0	0	91	0	0	0	0	0	13
93	assemblage-708-443	0	50	0	0	0	0	0	0	0	8	0	0	0	0	20	0	0	0	0	0	0	0	0	0	0	0	0	0	0	0	0	0	0	0	0	0	0	0	0	405	0	0	0	0	0	17
93	assemblage-148-933	0	18	0	0	0	0	0	0	0	5	0	0	0	0	0	0	28	0	12	0	0	0	0	0	0	0	0	0	0	0	0	0	0	0	0	0	0	368	0	60	0	0	0	0	0	9

94	assemblage-930-503	0	54	0	0	0	0	79	0	0	203	0	0	0	0	57	0	0	0	0	0	0	0	0	0	0	3	0	0	0	0	0	0	0	0	0	0	0	0	0	91	0	0	0	0	0	13
94	assemblage-708-443	0	50	0	0	0	0	0	0	0	8	0	0	0	0	20	0	0	0	0	0	0	0	0	0	0	0	0	0	0	0	0	0	0	0	0	0	0	0	0	405	0	0	0	0	0	17
94	assemblage-792-172	0	0	10	0	0	0	0	0	0	0	0	0	0	0	0	75	0	146	0	0	0	0	0	0	0	0	0	35	0	0	0	0	0	0	226	0	0	0	0	0	0	0	0	0	0	8

95	assemblage-930-503	0	54	0	0	0	0	79	0	0	203	0	0	0	0	57	0	0	0	0	0	0	0	0	0	0	3	0	0	0	0	0	0	0	0	0	0	0	0	0	91	0	0	0	0	0	13
95	assemblage-708-443	0	50	0	0	0	0	0	0	0	8	0	0	0	0	20	0	0	0	0	0	0	0	0	0	0	0	0	0	0	0	0	0	0	0	0	0	0	0	0	405	0	0	0	0	0	17
95	assemblage-955-283	0	29	0	0	0	0	0	0	0	8	0	0	0	0	0	0	0	0	0	0	0	0	0	0	0	0	0	0	0	0	0	0	0	0	0	0	0	117	0	335	0	0	0	0	0	11

96	assemblage-930-503	0	54	0	0	0	0	79	0	0	203	0	0	0	0	57	0	0	0	0	0	0	0	0	0	0	3	0	0	0	0	0	0	0	0	0	0	0	0	0	91	0	0	0	0	0	13
96	assemblage-708-443	0	50	0	0	0	0	0	0	0	8	0	0	0	0	20	0	0	0	0	0	0	0	0	0	0	0	0	0	0	0	0	0	0	0	0	0	0	0	0	405	0	0	0	0	0	17
96	assemblage-586-653	0	0	9	0	0	0	0	0	0	0	0	0	0	0	0	81	0	132	0	0	0	0	0	0	0	0	0	41	0	0	0	0	0	0	233	0	0	0	0	0	0	0	0	0	0	4

97	assemblage-930-503	0	54	0	0	0	0	79	0	0	203	0	0	0	0	57	0	0	0	0	0	0	0	0	0	0	3	0	0	0	0	0	0	0	0	0	0	0	0	0	91	0	0	0	0	0	13
97	assemblage-291-419	0	36	0	0	0	0	0	0	0	0	0	0	0	0	0	0	0	86	0	0	0	0	0	0	0	0	0	0	0	0	0	0	0	0	0	0	0	370	0	0	0	0	0	0	0	8
97	assemblage-780-771	0	0	0	0	0	0	0	0	0	0	0	0	0	0	0	52	0	0	0	0	7	0	0	0	0	0	0	0	0	0	0	0	0	24	321	0	0	0	0	0	9	0	78	0	0	9

98	assemblage-930-503	0	54	0	0	0	0	79	0	0	203	0	0	0	0	57	0	0	0	0	0	0	0	0	0	0	3	0	0	0	0	0	0	0	0	0	0	0	0	0	91	0	0	0	0	0	13
98	assemblage-291-419	0	36	0	0	0	0	0	0	0	0	0	0	0	0	0	0	0	86	0	0	0	0	0	0	0	0	0	0	0	0	0	0	0	0	0	0	0	370	0	0	0	0	0	0	0	8
98	assemblage-792-172	0	0	10	0	0	0	0	0	0	0	0	0	0	0	0	75	0	146	0	0	0	0	0	0	0	0	0	35	0	0	0	0	0	0	226	0	0	0	0	0	0	0	0	0	0	8

99	assemblage-930-503	0	54	0	0	0	0	79	0	0	203	0	0	0	0	57	0	0	0	0	0	0	0	0	0	0	3	0	0	0	0	0	0	0	0	0	0	0	0	0	91	0	0	0	0	0	13
99	assemblage-291-419	0	36	0	0	0	0	0	0	0	0	0	0	0	0	0	0	0	86	0	0	0	0	0	0	0	0	0	0	0	0	0	0	0	0	0	0	0	370	0	0	0	0	0	0	0	8
99	assemblage-586-653	0	0	9	0	0	0	0	0	0	0	0	0	0	0	0	81	0	132	0	0	0	0	0	0	0	0	0	41	0	0	0	0	0	0	233	0	0	0	0	0	0	0	0	0	0	4

100	assemblage-930-503	0	54	0	0	0	0	79	0	0	203	0	0	0	0	57	0	0	0	0	0	0	0	0	0	0	3	0	0	0	0	0	0	0	0	0	0	0	0	0	91	0	0	0	0	0	13
100	assemblage-901-172	0	0	13	0	0	0	0	0	0	0	0	0	0	0	0	77	0	156	0	0	0	0	0	0	0	0	0	26	0	0	0	0	0	0	222	0	0	0	0	0	0	0	0	0	0	6
100	assemblage-586-653	0	0	9	0	0	0	0	0	0	0	0	0	0	0	0	81	0	132	0	0	0	0	0	0	0	0	0	41	0	0	0	0	0	0	233	0	0	0	0	0	0	0	0	0	0	4

101	assemblage-930-503	0	54	0	0	0	0	79	0	0	203	0	0	0	0	57	0	0	0	0	0	0	0	0	0	0	3	0	0	0	0	0	0	0	0	0	0	0	0	0	91	0	0	0	0	0	13
101	assemblage-380-266	30	12	0	0	0	0	0	0	0	19	0	0	0	5	0	0	0	0	0	0	0	0	0	0	0	0	0	0	0	0	0	0	0	0	0	0	0	0	0	416	0	0	0	0	0	18
101	assemblage-444-470	0	13	0	0	0	0	0	0	0	6	0	0	0	0	0	0	26	0	10	0	0	0	0	0	0	0	0	0	0	0	0	0	0	0	0	0	0	377	0	56	0	0	0	0	0	12

102	assemblage-930-503	0	54	0	0	0	0	79	0	0	203	0	0	0	0	57	0	0	0	0	0	0	0	0	0	0	3	0	0	0	0	0	0	0	0	0	0	0	0	0	91	0	0	0	0	0	13
102	assemblage-380-266	30	12	0	0	0	0	0	0	0	19	0	0	0	5	0	0	0	0	0	0	0	0	0	0	0	0	0	0	0	0	0	0	0	0	0	0	0	0	0	416	0	0	0	0	0	18
102	assemblage-780-771	0	0	0	0	0	0	0	0	0	0	0	0	0	0	0	52	0	0	0	0	7	0	0	0	0	0	0	0	0	0	0	0	0	24	321	0	0	0	0	0	9	0	78	0	0	9

103	assemblage-930-503	0	54	0	0	0	0	79	0	0	203	0	0	0	0	57	0	0	0	0	0	0	0	0	0	0	3	0	0	0	0	0	0	0	0	0	0	0	0	0	91	0	0	0	0	0	13
103	assemblage-380-266	30	12	0	0	0	0	0	0	0	19	0	0	0	5	0	0	0	0	0	0	0	0	0	0	0	0	0	0	0	0	0	0	0	0	0	0	0	0	0	416	0	0	0	0	0	18
103	assemblage-792-172	0	0	10	0	0	0	0	0	0	0	0	0	0	0	0	75	0	146	0	0	0	0	0	0	0	0	0	35	0	0	0	0	0	0	226	0	0	0	0	0	0	0	0	0	0	8

104	assemblage-930-503	0	54	0	0	0	0	79	0	0	203	0	0	0	0	57	0	0	0	0	0	0	0	0	0	0	3	0	0	0	0	0	0	0	0	0	0	0	0	0	91	0	0	0	0	0	13
104	assemblage-380-266	30	12	0	0	0	0	0	0	0	19	0	0	0	5	0	0	0	0	0	0	0	0	0	0	0	0	0	0	0	0	0	0	0	0	0	0	0	0	0	416	0	0	0	0	0	18
104	assemblage-586-653	0	0	9	0	0	0	0	0	0	0	0	0	0	0	0	81	0	132	0	0	0	0	0	0	0	0	0	41	0	0	0	0	0	0	233	0	0	0	0	0	0	0	0	0	0	4

105	assemblage-930-503	0	54	0	0	0	0	79	0	0	203	0	0	0	0	57	0	0	0	0	0	0	0	0	0	0	3	0	0	0	0	0	0	0	0	0	0	0	0	0	91	0	0	0	0	0	13
105	assemblage-380-266	30	12	0	0	0	0	0	0	0	19	0	0	0	5	0	0	0	0	0	0	0	0	0	0	0	0	0	0	0	0	0	0	0	0	0	0	0	0	0	416	0	0	0	0	0	18
105	assemblage-901-172	0	0	13	0	0	0	0	0	0	0	0	0	0	0	0	77	0	156	0	0	0	0	0	0	0	0	0	26	0	0	0	0	0	0	222	0	0	0	0	0	0	0	0	0	0	6

106	assemblage-296-429	0	21	0	0	0	0	0	0	0	0	0	0	0	0	0	332	0	57	0	0	0	0	0	0	0	0	0	0	0	0	0	0	0	0	36	0	0	36	0	0	0	0	0	0	0	18
106	assemblage-955-283	0	29	0	0	0	0	0	0	0	8	0	0	0	0	0	0	0	0	0	0	0	0	0	0	0	0	0	0	0	0	0	0	0	0	0	0	0	117	0	335	0	0	0	0	0	11
106	assemblage-444-470	0	13	0	0	0	0	0	0	0	6	0	0	0	0	0	0	26	0	10	0	0	0	0	0	0	0	0	0	0	0	0	0	0	0	0	0	0	377	0	56	0	0	0	0	0	12

107	assemblage-296-429	0	21	0	0	0	0	0	0	0	0	0	0	0	0	0	332	0	57	0	0	0	0	0	0	0	0	0	0	0	0	0	0	0	0	36	0	0	36	0	0	0	0	0	0	0	18
107	assemblage-955-283	0	29	0	0	0	0	0	0	0	8	0	0	0	0	0	0	0	0	0	0	0	0	0	0	0	0	0	0	0	0	0	0	0	0	0	0	0	117	0	335	0	0	0	0	0	11
107	assemblage-148-933	0	18	0	0	0	0	0	0	0	5	0	0	0	0	0	0	28	0	12	0	0	0	0	0	0	0	0	0	0	0	0	0	0	0	0	0	0	368	0	60	0	0	0	0	0	9

108	assemblage-296-429	0	21	0	0	0	0	0	0	0	0	0	0	0	0	0	332	0	57	0	0	0	0	0	0	0	0	0	0	0	0	0	0	0	0	36	0	0	36	0	0	0	0	0	0	0	18
108	assemblage-163-932	0	161	0	5	0	0	0	0	0	13	0	0	0	0	0	0	38	0	0	0	0	0	0	0	0	0	0	0	0	0	0	0	0	0	0	0	0	266	3	0	0	0	0	0	0	14
108	assemblage-444-470	0	13	0	0	0	0	0	0	0	6	0	0	0	0	0	0	26	0	10	0	0	0	0	0	0	0	0	0	0	0	0	0	0	0	0	0	0	377	0	56	0	0	0	0	0	12

109	assemblage-296-429	0	21	0	0	0	0	0	0	0	0	0	0	0	0	0	332	0	57	0	0	0	0	0	0	0	0	0	0	0	0	0	0	0	0	36	0	0	36	0	0	0	0	0	0	0	18
109	assemblage-163-932	0	161	0	5	0	0	0	0	0	13	0	0	0	0	0	0	38	0	0	0	0	0	0	0	0	0	0	0	0	0	0	0	0	0	0	0	0	266	3	0	0	0	0	0	0	14
109	assemblage-943-508	0	61	0	0	0	0	67	0	0	224	0	0	0	0	54	0	0	0	0	0	0	0	0	0	0	0	0	0	0	0	0	0	0	0	0	0	0	0	0	79	0	0	0	0	0	15

110	assemblage-296-429	0	21	0	0	0	0	0	0	0	0	0	0	0	0	0	332	0	57	0	0	0	0	0	0	0	0	0	0	0	0	0	0	0	0	36	0	0	36	0	0	0	0	0	0	0	18
110	assemblage-163-932	0	161	0	5	0	0	0	0	0	13	0	0	0	0	0	0	38	0	0	0	0	0	0	0	0	0	0	0	0	0	0	0	0	0	0	0	0	266	3	0	0	0	0	0	0	14
110	assemblage-148-933	0	18	0	0	0	0	0	0	0	5	0	0	0	0	0	0	28	0	12	0	0	0	0	0	0	0	0	0	0	0	0	0	0	0	0	0	0	368	0	60	0	0	0	0	0	9

111	assemblage-296-429	0	21	0	0	0	0	0	0	0	0	0	0	0	0	0	332	0	57	0	0	0	0	0	0	0	0	0	0	0	0	0	0	0	0	36	0	0	36	0	0	0	0	0	0	0	18
111	assemblage-163-932	0	161	0	5	0	0	0	0	0	13	0	0	0	0	0	0	38	0	0	0	0	0	0	0	0	0	0	0	0	0	0	0	0	0	0	0	0	266	3	0	0	0	0	0	0	14
111	assemblage-955-283	0	29	0	0	0	0	0	0	0	8	0	0	0	0	0	0	0	0	0	0	0	0	0	0	0	0	0	0	0	0	0	0	0	0	0	0	0	117	0	335	0	0	0	0	0	11

112	assemblage-296-429	0	21	0	0	0	0	0	0	0	0	0	0	0	0	0	332	0	57	0	0	0	0	0	0	0	0	0	0	0	0	0	0	0	0	36	0	0	36	0	0	0	0	0	0	0	18
112	assemblage-708-443	0	50	0	0	0	0	0	0	0	8	0	0	0	0	20	0	0	0	0	0	0	0	0	0	0	0	0	0	0	0	0	0	0	0	0	0	0	0	0	405	0	0	0	0	0	17
112	assemblage-384-269	34	6	0	0	0	0	0	0	0	29	0	0	0	8	0	0	0	0	0	0	0	0	0	0	0	0	0	0	0	0	0	0	0	0	0	0	0	0	0	403	0	0	0	0	0	20

113	assemblage-296-429	0	21	0	0	0	0	0	0	0	0	0	0	0	0	0	332	0	57	0	0	0	0	0	0	0	0	0	0	0	0	0	0	0	0	36	0	0	36	0	0	0	0	0	0	0	18
113	assemblage-708-443	0	50	0	0	0	0	0	0	0	8	0	0	0	0	20	0	0	0	0	0	0	0	0	0	0	0	0	0	0	0	0	0	0	0	0	0	0	0	0	405	0	0	0	0	0	17
113	assemblage-943-508	0	61	0	0	0	0	67	0	0	224	0	0	0	0	54	0	0	0	0	0	0	0	0	0	0	0	0	0	0	0	0	0	0	0	0	0	0	0	0	79	0	0	0	0	0	15

114	assemblage-296-429	0	21	0	0	0	0	0	0	0	0	0	0	0	0	0	332	0	57	0	0	0	0	0	0	0	0	0	0	0	0	0	0	0	0	36	0	0	36	0	0	0	0	0	0	0	18
114	assemblage-291-419	0	36	0	0	0	0	0	0	0	0	0	0	0	0	0	0	0	86	0	0	0	0	0	0	0	0	0	0	0	0	0	0	0	0	0	0	0	370	0	0	0	0	0	0	0	8
114	assemblage-148-933	0	18	0	0	0	0	0	0	0	5	0	0	0	0	0	0	28	0	12	0	0	0	0	0	0	0	0	0	0	0	0	0	0	0	0	0	0	368	0	60	0	0	0	0	0	9

115	assemblage-296-429	0	21	0	0	0	0	0	0	0	0	0	0	0	0	0	332	0	57	0	0	0	0	0	0	0	0	0	0	0	0	0	0	0	0	36	0	0	36	0	0	0	0	0	0	0	18
115	assemblage-901-172	0	0	13	0	0	0	0	0	0	0	0	0	0	0	0	77	0	156	0	0	0	0	0	0	0	0	0	26	0	0	0	0	0	0	222	0	0	0	0	0	0	0	0	0	0	6
115	assemblage-586-653	0	0	9	0	0	0	0	0	0	0	0	0	0	0	0	81	0	132	0	0	0	0	0	0	0	0	0	41	0	0	0	0	0	0	233	0	0	0	0	0	0	0	0	0	0	4

116	assemblage-296-429	0	21	0	0	0	0	0	0	0	0	0	0	0	0	0	332	0	57	0	0	0	0	0	0	0	0	0	0	0	0	0	0	0	0	36	0	0	36	0	0	0	0	0	0	0	18
116	assemblage-380-266	30	12	0	0	0	0	0	0	0	19	0	0	0	5	0	0	0	0	0	0	0	0	0	0	0	0	0	0	0	0	0	0	0	0	0	0	0	0	0	416	0	0	0	0	0	18
116	assemblage-384-269	34	6	0	0	0	0	0	0	0	29	0	0	0	8	0	0	0	0	0	0	0	0	0	0	0	0	0	0	0	0	0	0	0	0	0	0	0	0	0	403	0	0	0	0	0	20

117	assemblage-296-429	0	21	0	0	0	0	0	0	0	0	0	0	0	0	0	332	0	57	0	0	0	0	0	0	0	0	0	0	0	0	0	0	0	0	36	0	0	36	0	0	0	0	0	0	0	18
117	assemblage-930-503	0	54	0	0	0	0	79	0	0	203	0	0	0	0	57	0	0	0	0	0	0	0	0	0	0	3	0	0	0	0	0	0	0	0	0	0	0	0	0	91	0	0	0	0	0	13
117	assemblage-943-508	0	61	0	0	0	0	67	0	0	224	0	0	0	0	54	0	0	0	0	0	0	0	0	0	0	0	0	0	0	0	0	0	0	0	0	0	0	0	0	79	0	0	0	0	0	15

118	assemblage-600-534	0	19	0	83	164	0	0	0	6	0	129	0	0	0	0	21	23	0	0	0	0	0	0	0	0	0	0	0	7	0	0	0	0	0	0	0	0	0	0	33	0	0	0	0	0	15
118	assemblage-943-508	0	61	0	0	0	0	67	0	0	224	0	0	0	0	54	0	0	0	0	0	0	0	0	0	0	0	0	0	0	0	0	0	0	0	0	0	0	0	0	79	0	0	0	0	0	15
118	assemblage-384-269	34	6	0	0	0	0	0	0	0	29	0	0	0	8	0	0	0	0	0	0	0	0	0	0	0	0	0	0	0	0	0	0	0	0	0	0	0	0	0	403	0	0	0	0	0	20

119	assemblage-600-534	0	19	0	83	164	0	0	0	6	0	129	0	0	0	0	21	23	0	0	0	0	0	0	0	0	0	0	0	7	0	0	0	0	0	0	0	0	0	0	33	0	0	0	0	0	15
119	assemblage-708-443	0	50	0	0	0	0	0	0	0	8	0	0	0	0	20	0	0	0	0	0	0	0	0	0	0	0	0	0	0	0	0	0	0	0	0	0	0	0	0	405	0	0	0	0	0	17
119	assemblage-384-269	34	6	0	0	0	0	0	0	0	29	0	0	0	8	0	0	0	0	0	0	0	0	0	0	0	0	0	0	0	0	0	0	0	0	0	0	0	0	0	403	0	0	0	0	0	20

120	assemblage-600-534	0	19	0	83	164	0	0	0	6	0	129	0	0	0	0	21	23	0	0	0	0	0	0	0	0	0	0	0	7	0	0	0	0	0	0	0	0	0	0	33	0	0	0	0	0	15
120	assemblage-708-443	0	50	0	0	0	0	0	0	0	8	0	0	0	0	20	0	0	0	0	0	0	0	0	0	0	0	0	0	0	0	0	0	0	0	0	0	0	0	0	405	0	0	0	0	0	17
120	assemblage-943-508	0	61	0	0	0	0	67	0	0	224	0	0	0	0	54	0	0	0	0	0	0	0	0	0	0	0	0	0	0	0	0	0	0	0	0	0	0	0	0	79	0	0	0	0	0	15

121	assemblage-600-534	0	19	0	83	164	0	0	0	6	0	129	0	0	0	0	21	23	0	0	0	0	0	0	0	0	0	0	0	7	0	0	0	0	0	0	0	0	0	0	33	0	0	0	0	0	15
121	assemblage-708-443	0	50	0	0	0	0	0	0	0	8	0	0	0	0	20	0	0	0	0	0	0	0	0	0	0	0	0	0	0	0	0	0	0	0	0	0	0	0	0	405	0	0	0	0	0	17
121	assemblage-955-283	0	29	0	0	0	0	0	0	0	8	0	0	0	0	0	0	0	0	0	0	0	0	0	0	0	0	0	0	0	0	0	0	0	0	0	0	0	117	0	335	0	0	0	0	0	11

122	assemblage-600-534	0	19	0	83	164	0	0	0	6	0	129	0	0	0	0	21	23	0	0	0	0	0	0	0	0	0	0	0	7	0	0	0	0	0	0	0	0	0	0	33	0	0	0	0	0	15
122	assemblage-901-172	0	0	13	0	0	0	0	0	0	0	0	0	0	0	0	77	0	156	0	0	0	0	0	0	0	0	0	26	0	0	0	0	0	0	222	0	0	0	0	0	0	0	0	0	0	6
122	assemblage-586-653	0	0	9	0	0	0	0	0	0	0	0	0	0	0	0	81	0	132	0	0	0	0	0	0	0	0	0	41	0	0	0	0	0	0	233	0	0	0	0	0	0	0	0	0	0	4

123	assemblage-600-534	0	19	0	83	164	0	0	0	6	0	129	0	0	0	0	21	23	0	0	0	0	0	0	0	0	0	0	0	7	0	0	0	0	0	0	0	0	0	0	33	0	0	0	0	0	15
123	assemblage-380-266	30	12	0	0	0	0	0	0	0	19	0	0	0	5	0	0	0	0	0	0	0	0	0	0	0	0	0	0	0	0	0	0	0	0	0	0	0	0	0	416	0	0	0	0	0	18
123	assemblage-384-269	34	6	0	0	0	0	0	0	0	29	0	0	0	8	0	0	0	0	0	0	0	0	0	0	0	0	0	0	0	0	0	0	0	0	0	0	0	0	0	403	0	0	0	0	0	20

124	assemblage-600-534	0	19	0	83	164	0	0	0	6	0	129	0	0	0	0	21	23	0	0	0	0	0	0	0	0	0	0	0	7	0	0	0	0	0	0	0	0	0	0	33	0	0	0	0	0	15
124	assemblage-930-503	0	54	0	0	0	0	79	0	0	203	0	0	0	0	57	0	0	0	0	0	0	0	0	0	0	3	0	0	0	0	0	0	0	0	0	0	0	0	0	91	0	0	0	0	0	13
124	assemblage-943-508	0	61	0	0	0	0	67	0	0	224	0	0	0	0	54	0	0	0	0	0	0	0	0	0	0	0	0	0	0	0	0	0	0	0	0	0	0	0	0	79	0	0	0	0	0	15

125	assemblage-600-534	0	19	0	83	164	0	0	0	6	0	129	0	0	0	0	21	23	0	0	0	0	0	0	0	0	0	0	0	7	0	0	0	0	0	0	0	0	0	0	33	0	0	0	0	0	15
125	assemblage-930-503	0	54	0	0	0	0	79	0	0	203	0	0	0	0	57	0	0	0	0	0	0	0	0	0	0	3	0	0	0	0	0	0	0	0	0	0	0	0	0	91	0	0	0	0	0	13
125	assemblage-955-283	0	29	0	0	0	0	0	0	0	8	0	0	0	0	0	0	0	0	0	0	0	0	0	0	0	0	0	0	0	0	0	0	0	0	0	0	0	117	0	335	0	0	0	0	0	11

126	assemblage-600-534	0	19	0	83	164	0	0	0	6	0	129	0	0	0	0	21	23	0	0	0	0	0	0	0	0	0	0	0	7	0	0	0	0	0	0	0	0	0	0	33	0	0	0	0	0	15
126	assemblage-930-503	0	54	0	0	0	0	79	0	0	203	0	0	0	0	57	0	0	0	0	0	0	0	0	0	0	3	0	0	0	0	0	0	0	0	0	0	0	0	0	91	0	0	0	0	0	13
126	assemblage-291-419	0	36	0	0	0	0	0	0	0	0	0	0	0	0	0	0	0	86	0	0	0	0	0	0	0	0	0	0	0	0	0	0	0	0	0	0	0	370	0	0	0	0	0	0	0	8

127	assemblage-600-534	0	19	0	83	164	0	0	0	6	0	129	0	0	0	0	21	23	0	0	0	0	0	0	0	0	0	0	0	7	0	0	0	0	0	0	0	0	0	0	33	0	0	0	0	0	15
127	assemblage-296-429	0	21	0	0	0	0	0	0	0	0	0	0	0	0	0	332	0	57	0	0	0	0	0	0	0	0	0	0	0	0	0	0	0	0	36	0	0	36	0	0	0	0	0	0	0	18
127	assemblage-780-771	0	0	0	0	0	0	0	0	0	0	0	0	0	0	0	52	0	0	0	0	7	0	0	0	0	0	0	0	0	0	0	0	0	24	321	0	0	0	0	0	9	0	78	0	0	9

128	assemblage-600-534	0	19	0	83	164	0	0	0	6	0	129	0	0	0	0	21	23	0	0	0	0	0	0	0	0	0	0	0	7	0	0	0	0	0	0	0	0	0	0	33	0	0	0	0	0	15
128	assemblage-296-429	0	21	0	0	0	0	0	0	0	0	0	0	0	0	0	332	0	57	0	0	0	0	0	0	0	0	0	0	0	0	0	0	0	0	36	0	0	36	0	0	0	0	0	0	0	18
128	assemblage-792-172	0	0	10	0	0	0	0	0	0	0	0	0	0	0	0	75	0	146	0	0	0	0	0	0	0	0	0	35	0	0	0	0	0	0	226	0	0	0	0	0	0	0	0	0	0	8

129	assemblage-600-534	0	19	0	83	164	0	0	0	6	0	129	0	0	0	0	21	23	0	0	0	0	0	0	0	0	0	0	0	7	0	0	0	0	0	0	0	0	0	0	33	0	0	0	0	0	15
129	assemblage-296-429	0	21	0	0	0	0	0	0	0	0	0	0	0	0	0	332	0	57	0	0	0	0	0	0	0	0	0	0	0	0	0	0	0	0	36	0	0	36	0	0	0	0	0	0	0	18
129	assemblage-586-653	0	0	9	0	0	0	0	0	0	0	0	0	0	0	0	81	0	132	0	0	0	0	0	0	0	0	0	41	0	0	0	0	0	0	233	0	0	0	0	0	0	0	0	0	0	4

130	assemblage-600-534	0	19	0	83	164	0	0	0	6	0	129	0	0	0	0	21	23	0	0	0	0	0	0	0	0	0	0	0	7	0	0	0	0	0	0	0	0	0	0	33	0	0	0	0	0	15
130	assemblage-296-429	0	21	0	0	0	0	0	0	0	0	0	0	0	0	0	332	0	57	0	0	0	0	0	0	0	0	0	0	0	0	0	0	0	0	36	0	0	36	0	0	0	0	0	0	0	18
130	assemblage-291-419	0	36	0	0	0	0	0	0	0	0	0	0	0	0	0	0	0	86	0	0	0	0	0	0	0	0	0	0	0	0	0	0	0	0	0	0	0	370	0	0	0	0	0	0	0	8

131	assemblage-600-534	0	19	0	83	164	0	0	0	6	0	129	0	0	0	0	21	23	0	0	0	0	0	0	0	0	0	0	0	7	0	0	0	0	0	0	0	0	0	0	33	0	0	0	0	0	15
131	assemblage-296-429	0	21	0	0	0	0	0	0	0	0	0	0	0	0	0	332	0	57	0	0	0	0	0	0	0	0	0	0	0	0	0	0	0	0	36	0	0	36	0	0	0	0	0	0	0	18
131	assemblage-901-172	0	0	13	0	0	0	0	0	0	0	0	0	0	0	0	77	0	156	0	0	0	0	0	0	0	0	0	26	0	0	0	0	0	0	222	0	0	0	0	0	0	0	0	0	0	6

132	assemblage-781-776	0	0	0	0	0	0	0	0	0	0	0	6	0	0	0	119	0	0	0	0	6	0	0	10	20	0	0	0	0	96	0	0	0	14	193	0	0	0	0	0	0	0	22	0	0	14
132	assemblage-943-508	0	61	0	0	0	0	67	0	0	224	0	0	0	0	54	0	0	0	0	0	0	0	0	0	0	0	0	0	0	0	0	0	0	0	0	0	0	0	0	79	0	0	0	0	0	15
132	assemblage-384-269	34	6	0	0	0	0	0	0	0	29	0	0	0	8	0	0	0	0	0	0	0	0	0	0	0	0	0	0	0	0	0	0	0	0	0	0	0	0	0	403	0	0	0	0	0	20

133	assemblage-781-776	0	0	0	0	0	0	0	0	0	0	0	6	0	0	0	119	0	0	0	0	6	0	0	10	20	0	0	0	0	96	0	0	0	14	193	0	0	0	0	0	0	0	22	0	0	14
133	assemblage-943-508	0	61	0	0	0	0	67	0	0	224	0	0	0	0	54	0	0	0	0	0	0	0	0	0	0	0	0	0	0	0	0	0	0	0	0	0	0	0	0	79	0	0	0	0	0	15
133	assemblage-444-470	0	13	0	0	0	0	0	0	0	6	0	0	0	0	0	0	26	0	10	0	0	0	0	0	0	0	0	0	0	0	0	0	0	0	0	0	0	377	0	56	0	0	0	0	0	12

134	assemblage-781-776	0	0	0	0	0	0	0	0	0	0	0	6	0	0	0	119	0	0	0	0	6	0	0	10	20	0	0	0	0	96	0	0	0	14	193	0	0	0	0	0	0	0	22	0	0	14
134	assemblage-792-172	0	0	10	0	0	0	0	0	0	0	0	0	0	0	0	75	0	146	0	0	0	0	0	0	0	0	0	35	0	0	0	0	0	0	226	0	0	0	0	0	0	0	0	0	0	8
134	assemblage-148-933	0	18	0	0	0	0	0	0	0	5	0	0	0	0	0	0	28	0	12	0	0	0	0	0	0	0	0	0	0	0	0	0	0	0	0	0	0	368	0	60	0	0	0	0	0	9

135	assemblage-781-776	0	0	0	0	0	0	0	0	0	0	0	6	0	0	0	119	0	0	0	0	6	0	0	10	20	0	0	0	0	96	0	0	0	14	193	0	0	0	0	0	0	0	22	0	0	14
135	assemblage-955-283	0	29	0	0	0	0	0	0	0	8	0	0	0	0	0	0	0	0	0	0	0	0	0	0	0	0	0	0	0	0	0	0	0	0	0	0	0	117	0	335	0	0	0	0	0	11
135	assemblage-444-470	0	13	0	0	0	0	0	0	0	6	0	0	0	0	0	0	26	0	10	0	0	0	0	0	0	0	0	0	0	0	0	0	0	0	0	0	0	377	0	56	0	0	0	0	0	12

136	assemblage-781-776	0	0	0	0	0	0	0	0	0	0	0	6	0	0	0	119	0	0	0	0	6	0	0	10	20	0	0	0	0	96	0	0	0	14	193	0	0	0	0	0	0	0	22	0	0	14
136	assemblage-955-283	0	29	0	0	0	0	0	0	0	8	0	0	0	0	0	0	0	0	0	0	0	0	0	0	0	0	0	0	0	0	0	0	0	0	0	0	0	117	0	335	0	0	0	0	0	11
136	assemblage-148-933	0	18	0	0	0	0	0	0	0	5	0	0	0	0	0	0	28	0	12	0	0	0	0	0	0	0	0	0	0	0	0	0	0	0	0	0	0	368	0	60	0	0	0	0	0	9

137	assemblage-781-776	0	0	0	0	0	0	0	0	0	0	0	6	0	0	0	119	0	0	0	0	6	0	0	10	20	0	0	0	0	96	0	0	0	14	193	0	0	0	0	0	0	0	22	0	0	14
137	assemblage-163-932	0	161	0	5	0	0	0	0	0	13	0	0	0	0	0	0	38	0	0	0	0	0	0	0	0	0	0	0	0	0	0	0	0	0	0	0	0	266	3	0	0	0	0	0	0	14
137	assemblage-384-269	34	6	0	0	0	0	0	0	0	29	0	0	0	8	0	0	0	0	0	0	0	0	0	0	0	0	0	0	0	0	0	0	0	0	0	0	0	0	0	403	0	0	0	0	0	20

138	assemblage-781-776	0	0	0	0	0	0	0	0	0	0	0	6	0	0	0	119	0	0	0	0	6	0	0	10	20	0	0	0	0	96	0	0	0	14	193	0	0	0	0	0	0	0	22	0	0	14
138	assemblage-163-932	0	161	0	5	0	0	0	0	0	13	0	0	0	0	0	0	38	0	0	0	0	0	0	0	0	0	0	0	0	0	0	0	0	0	0	0	0	266	3	0	0	0	0	0	0	14
138	assemblage-444-470	0	13	0	0	0	0	0	0	0	6	0	0	0	0	0	0	26	0	10	0	0	0	0	0	0	0	0	0	0	0	0	0	0	0	0	0	0	377	0	56	0	0	0	0	0	12

139	assemblage-781-776	0	0	0	0	0	0	0	0	0	0	0	6	0	0	0	119	0	0	0	0	6	0	0	10	20	0	0	0	0	96	0	0	0	14	193	0	0	0	0	0	0	0	22	0	0	14
139	assemblage-163-932	0	161	0	5	0	0	0	0	0	13	0	0	0	0	0	0	38	0	0	0	0	0	0	0	0	0	0	0	0	0	0	0	0	0	0	0	0	266	3	0	0	0	0	0	0	14
139	assemblage-943-508	0	61	0	0	0	0	67	0	0	224	0	0	0	0	54	0	0	0	0	0	0	0	0	0	0	0	0	0	0	0	0	0	0	0	0	0	0	0	0	79	0	0	0	0	0	15

140	assemblage-781-776	0	0	0	0	0	0	0	0	0	0	0	6	0	0	0	119	0	0	0	0	6	0	0	10	20	0	0	0	0	96	0	0	0	14	193	0	0	0	0	0	0	0	22	0	0	14
140	assemblage-163-932	0	161	0	5	0	0	0	0	0	13	0	0	0	0	0	0	38	0	0	0	0	0	0	0	0	0	0	0	0	0	0	0	0	0	0	0	0	266	3	0	0	0	0	0	0	14
140	assemblage-148-933	0	18	0	0	0	0	0	0	0	5	0	0	0	0	0	0	28	0	12	0	0	0	0	0	0	0	0	0	0	0	0	0	0	0	0	0	0	368	0	60	0	0	0	0	0	9

141	assemblage-781-776	0	0	0	0	0	0	0	0	0	0	0	6	0	0	0	119	0	0	0	0	6	0	0	10	20	0	0	0	0	96	0	0	0	14	193	0	0	0	0	0	0	0	22	0	0	14
141	assemblage-163-932	0	161	0	5	0	0	0	0	0	13	0	0	0	0	0	0	38	0	0	0	0	0	0	0	0	0	0	0	0	0	0	0	0	0	0	0	0	266	3	0	0	0	0	0	0	14
141	assemblage-955-283	0	29	0	0	0	0	0	0	0	8	0	0	0	0	0	0	0	0	0	0	0	0	0	0	0	0	0	0	0	0	0	0	0	0	0	0	0	117	0	335	0	0	0	0	0	11

142	assemblage-781-776	0	0	0	0	0	0	0	0	0	0	0	6	0	0	0	119	0	0	0	0	6	0	0	10	20	0	0	0	0	96	0	0	0	14	193	0	0	0	0	0	0	0	22	0	0	14
142	assemblage-708-443	0	50	0	0	0	0	0	0	0	8	0	0	0	0	20	0	0	0	0	0	0	0	0	0	0	0	0	0	0	0	0	0	0	0	0	0	0	0	0	405	0	0	0	0	0	17
142	assemblage-444-470	0	13	0	0	0	0	0	0	0	6	0	0	0	0	0	0	26	0	10	0	0	0	0	0	0	0	0	0	0	0	0	0	0	0	0	0	0	377	0	56	0	0	0	0	0	12

143	assemblage-781-776	0	0	0	0	0	0	0	0	0	0	0	6	0	0	0	119	0	0	0	0	6	0	0	10	20	0	0	0	0	96	0	0	0	14	193	0	0	0	0	0	0	0	22	0	0	14
143	assemblage-708-443	0	50	0	0	0	0	0	0	0	8	0	0	0	0	20	0	0	0	0	0	0	0	0	0	0	0	0	0	0	0	0	0	0	0	0	0	0	0	0	405	0	0	0	0	0	17
143	assemblage-943-508	0	61	0	0	0	0	67	0	0	224	0	0	0	0	54	0	0	0	0	0	0	0	0	0	0	0	0	0	0	0	0	0	0	0	0	0	0	0	0	79	0	0	0	0	0	15

144	assemblage-781-776	0	0	0	0	0	0	0	0	0	0	0	6	0	0	0	119	0	0	0	0	6	0	0	10	20	0	0	0	0	96	0	0	0	14	193	0	0	0	0	0	0	0	22	0	0	14
144	assemblage-708-443	0	50	0	0	0	0	0	0	0	8	0	0	0	0	20	0	0	0	0	0	0	0	0	0	0	0	0	0	0	0	0	0	0	0	0	0	0	0	0	405	0	0	0	0	0	17
144	assemblage-148-933	0	18	0	0	0	0	0	0	0	5	0	0	0	0	0	0	28	0	12	0	0	0	0	0	0	0	0	0	0	0	0	0	0	0	0	0	0	368	0	60	0	0	0	0	0	9

145	assemblage-781-776	0	0	0	0	0	0	0	0	0	0	0	6	0	0	0	119	0	0	0	0	6	0	0	10	20	0	0	0	0	96	0	0	0	14	193	0	0	0	0	0	0	0	22	0	0	14
145	assemblage-708-443	0	50	0	0	0	0	0	0	0	8	0	0	0	0	20	0	0	0	0	0	0	0	0	0	0	0	0	0	0	0	0	0	0	0	0	0	0	0	0	405	0	0	0	0	0	17
145	assemblage-955-283	0	29	0	0	0	0	0	0	0	8	0	0	0	0	0	0	0	0	0	0	0	0	0	0	0	0	0	0	0	0	0	0	0	0	0	0	0	117	0	335	0	0	0	0	0	11

146	assemblage-781-776	0	0	0	0	0	0	0	0	0	0	0	6	0	0	0	119	0	0	0	0	6	0	0	10	20	0	0	0	0	96	0	0	0	14	193	0	0	0	0	0	0	0	22	0	0	14
146	assemblage-708-443	0	50	0	0	0	0	0	0	0	8	0	0	0	0	20	0	0	0	0	0	0	0	0	0	0	0	0	0	0	0	0	0	0	0	0	0	0	0	0	405	0	0	0	0	0	17
146	assemblage-163-932	0	161	0	5	0	0	0	0	0	13	0	0	0	0	0	0	38	0	0	0	0	0	0	0	0	0	0	0	0	0	0	0	0	0	0	0	0	266	3	0	0	0	0	0	0	14

147	assemblage-781-776	0	0	0	0	0	0	0	0	0	0	0	6	0	0	0	119	0	0	0	0	6	0	0	10	20	0	0	0	0	96	0	0	0	14	193	0	0	0	0	0	0	0	22	0	0	14
147	assemblage-291-419	0	36	0	0	0	0	0	0	0	0	0	0	0	0	0	0	0	86	0	0	0	0	0	0	0	0	0	0	0	0	0	0	0	0	0	0	0	370	0	0	0	0	0	0	0	8
147	assemblage-148-933	0	18	0	0	0	0	0	0	0	5	0	0	0	0	0	0	28	0	12	0	0	0	0	0	0	0	0	0	0	0	0	0	0	0	0	0	0	368	0	60	0	0	0	0	0	9

148	assemblage-781-776	0	0	0	0	0	0	0	0	0	0	0	6	0	0	0	119	0	0	0	0	6	0	0	10	20	0	0	0	0	96	0	0	0	14	193	0	0	0	0	0	0	0	22	0	0	14
148	assemblage-901-172	0	0	13	0	0	0	0	0	0	0	0	0	0	0	0	77	0	156	0	0	0	0	0	0	0	0	0	26	0	0	0	0	0	0	222	0	0	0	0	0	0	0	0	0	0	6
148	assemblage-586-653	0	0	9	0	0	0	0	0	0	0	0	0	0	0	0	81	0	132	0	0	0	0	0	0	0	0	0	41	0	0	0	0	0	0	233	0	0	0	0	0	0	0	0	0	0	4

149	assemblage-781-776	0	0	0	0	0	0	0	0	0	0	0	6	0	0	0	119	0	0	0	0	6	0	0	10	20	0	0	0	0	96	0	0	0	14	193	0	0	0	0	0	0	0	22	0	0	14
149	assemblage-380-266	30	12	0	0	0	0	0	0	0	19	0	0	0	5	0	0	0	0	0	0	0	0	0	0	0	0	0	0	0	0	0	0	0	0	0	0	0	0	0	416	0	0	0	0	0	18
149	assemblage-384-269	34	6	0	0	0	0	0	0	0	29	0	0	0	8	0	0	0	0	0	0	0	0	0	0	0	0	0	0	0	0	0	0	0	0	0	0	0	0	0	403	0	0	0	0	0	20

150	assemblage-781-776	0	0	0	0	0	0	0	0	0	0	0	6	0	0	0	119	0	0	0	0	6	0	0	10	20	0	0	0	0	96	0	0	0	14	193	0	0	0	0	0	0	0	22	0	0	14
150	assemblage-380-266	30	12	0	0	0	0	0	0	0	19	0	0	0	5	0	0	0	0	0	0	0	0	0	0	0	0	0	0	0	0	0	0	0	0	0	0	0	0	0	416	0	0	0	0	0	18
150	assemblage-444-470	0	13	0	0	0	0	0	0	0	6	0	0	0	0	0	0	26	0	10	0	0	0	0	0	0	0	0	0	0	0	0	0	0	0	0	0	0	377	0	56	0	0	0	0	0	12

151	assemblage-781-776	0	0	0	0	0	0	0	0	0	0	0	6	0	0	0	119	0	0	0	0	6	0	0	10	20	0	0	0	0	96	0	0	0	14	193	0	0	0	0	0	0	0	22	0	0	14
151	assemblage-380-266	30	12	0	0	0	0	0	0	0	19	0	0	0	5	0	0	0	0	0	0	0	0	0	0	0	0	0	0	0	0	0	0	0	0	0	0	0	0	0	416	0	0	0	0	0	18
151	assemblage-943-508	0	61	0	0	0	0	67	0	0	224	0	0	0	0	54	0	0	0	0	0	0	0	0	0	0	0	0	0	0	0	0	0	0	0	0	0	0	0	0	79	0	0	0	0	0	15

152	assemblage-781-776	0	0	0	0	0	0	0	0	0	0	0	6	0	0	0	119	0	0	0	0	6	0	0	10	20	0	0	0	0	96	0	0	0	14	193	0	0	0	0	0	0	0	22	0	0	14
152	assemblage-380-266	30	12	0	0	0	0	0	0	0	19	0	0	0	5	0	0	0	0	0	0	0	0	0	0	0	0	0	0	0	0	0	0	0	0	0	0	0	0	0	416	0	0	0	0	0	18
152	assemblage-148-933	0	18	0	0	0	0	0	0	0	5	0	0	0	0	0	0	28	0	12	0	0	0	0	0	0	0	0	0	0	0	0	0	0	0	0	0	0	368	0	60	0	0	0	0	0	9

153	assemblage-781-776	0	0	0	0	0	0	0	0	0	0	0	6	0	0	0	119	0	0	0	0	6	0	0	10	20	0	0	0	0	96	0	0	0	14	193	0	0	0	0	0	0	0	22	0	0	14
153	assemblage-380-266	30	12	0	0	0	0	0	0	0	19	0	0	0	5	0	0	0	0	0	0	0	0	0	0	0	0	0	0	0	0	0	0	0	0	0	0	0	0	0	416	0	0	0	0	0	18
153	assemblage-955-283	0	29	0	0	0	0	0	0	0	8	0	0	0	0	0	0	0	0	0	0	0	0	0	0	0	0	0	0	0	0	0	0	0	0	0	0	0	117	0	335	0	0	0	0	0	11

154	assemblage-781-776	0	0	0	0	0	0	0	0	0	0	0	6	0	0	0	119	0	0	0	0	6	0	0	10	20	0	0	0	0	96	0	0	0	14	193	0	0	0	0	0	0	0	22	0	0	14
154	assemblage-380-266	30	12	0	0	0	0	0	0	0	19	0	0	0	5	0	0	0	0	0	0	0	0	0	0	0	0	0	0	0	0	0	0	0	0	0	0	0	0	0	416	0	0	0	0	0	18
154	assemblage-163-932	0	161	0	5	0	0	0	0	0	13	0	0	0	0	0	0	38	0	0	0	0	0	0	0	0	0	0	0	0	0	0	0	0	0	0	0	0	266	3	0	0	0	0	0	0	14

155	assemblage-781-776	0	0	0	0	0	0	0	0	0	0	0	6	0	0	0	119	0	0	0	0	6	0	0	10	20	0	0	0	0	96	0	0	0	14	193	0	0	0	0	0	0	0	22	0	0	14
155	assemblage-380-266	30	12	0	0	0	0	0	0	0	19	0	0	0	5	0	0	0	0	0	0	0	0	0	0	0	0	0	0	0	0	0	0	0	0	0	0	0	0	0	416	0	0	0	0	0	18
155	assemblage-708-443	0	50	0	0	0	0	0	0	0	8	0	0	0	0	20	0	0	0	0	0	0	0	0	0	0	0	0	0	0	0	0	0	0	0	0	0	0	0	0	405	0	0	0	0	0	17

156	assemblage-781-776	0	0	0	0	0	0	0	0	0	0	0	6	0	0	0	119	0	0	0	0	6	0	0	10	20	0	0	0	0	96	0	0	0	14	193	0	0	0	0	0	0	0	22	0	0	14
156	assemblage-380-266	30	12	0	0	0	0	0	0	0	19	0	0	0	5	0	0	0	0	0	0	0	0	0	0	0	0	0	0	0	0	0	0	0	0	0	0	0	0	0	416	0	0	0	0	0	18
156	assemblage-291-419	0	36	0	0	0	0	0	0	0	0	0	0	0	0	0	0	0	86	0	0	0	0	0	0	0	0	0	0	0	0	0	0	0	0	0	0	0	370	0	0	0	0	0	0	0	8

157	assemblage-781-776	0	0	0	0	0	0	0	0	0	0	0	6	0	0	0	119	0	0	0	0	6	0	0	10	20	0	0	0	0	96	0	0	0	14	193	0	0	0	0	0	0	0	22	0	0	14
157	assemblage-930-503	0	54	0	0	0	0	79	0	0	203	0	0	0	0	57	0	0	0	0	0	0	0	0	0	0	3	0	0	0	0	0	0	0	0	0	0	0	0	0	91	0	0	0	0	0	13
157	assemblage-384-269	34	6	0	0	0	0	0	0	0	29	0	0	0	8	0	0	0	0	0	0	0	0	0	0	0	0	0	0	0	0	0	0	0	0	0	0	0	0	0	403	0	0	0	0	0	20

158	assemblage-781-776	0	0	0	0	0	0	0	0	0	0	0	6	0	0	0	119	0	0	0	0	6	0	0	10	20	0	0	0	0	96	0	0	0	14	193	0	0	0	0	0	0	0	22	0	0	14
158	assemblage-930-503	0	54	0	0	0	0	79	0	0	203	0	0	0	0	57	0	0	0	0	0	0	0	0	0	0	3	0	0	0	0	0	0	0	0	0	0	0	0	0	91	0	0	0	0	0	13
158	assemblage-444-470	0	13	0	0	0	0	0	0	0	6	0	0	0	0	0	0	26	0	10	0	0	0	0	0	0	0	0	0	0	0	0	0	0	0	0	0	0	377	0	56	0	0	0	0	0	12

159	assemblage-781-776	0	0	0	0	0	0	0	0	0	0	0	6	0	0	0	119	0	0	0	0	6	0	0	10	20	0	0	0	0	96	0	0	0	14	193	0	0	0	0	0	0	0	22	0	0	14
159	assemblage-930-503	0	54	0	0	0	0	79	0	0	203	0	0	0	0	57	0	0	0	0	0	0	0	0	0	0	3	0	0	0	0	0	0	0	0	0	0	0	0	0	91	0	0	0	0	0	13
159	assemblage-943-508	0	61	0	0	0	0	67	0	0	224	0	0	0	0	54	0	0	0	0	0	0	0	0	0	0	0	0	0	0	0	0	0	0	0	0	0	0	0	0	79	0	0	0	0	0	15

160	assemblage-781-776	0	0	0	0	0	0	0	0	0	0	0	6	0	0	0	119	0	0	0	0	6	0	0	10	20	0	0	0	0	96	0	0	0	14	193	0	0	0	0	0	0	0	22	0	0	14
160	assemblage-930-503	0	54	0	0	0	0	79	0	0	203	0	0	0	0	57	0	0	0	0	0	0	0	0	0	0	3	0	0	0	0	0	0	0	0	0	0	0	0	0	91	0	0	0	0	0	13
160	assemblage-148-933	0	18	0	0	0	0	0	0	0	5	0	0	0	0	0	0	28	0	12	0	0	0	0	0	0	0	0	0	0	0	0	0	0	0	0	0	0	368	0	60	0	0	0	0	0	9

161	assemblage-781-776	0	0	0	0	0	0	0	0	0	0	0	6	0	0	0	119	0	0	0	0	6	0	0	10	20	0	0	0	0	96	0	0	0	14	193	0	0	0	0	0	0	0	22	0	0	14
161	assemblage-930-503	0	54	0	0	0	0	79	0	0	203	0	0	0	0	57	0	0	0	0	0	0	0	0	0	0	3	0	0	0	0	0	0	0	0	0	0	0	0	0	91	0	0	0	0	0	13
161	assemblage-955-283	0	29	0	0	0	0	0	0	0	8	0	0	0	0	0	0	0	0	0	0	0	0	0	0	0	0	0	0	0	0	0	0	0	0	0	0	0	117	0	335	0	0	0	0	0	11

162	assemblage-781-776	0	0	0	0	0	0	0	0	0	0	0	6	0	0	0	119	0	0	0	0	6	0	0	10	20	0	0	0	0	96	0	0	0	14	193	0	0	0	0	0	0	0	22	0	0	14
162	assemblage-930-503	0	54	0	0	0	0	79	0	0	203	0	0	0	0	57	0	0	0	0	0	0	0	0	0	0	3	0	0	0	0	0	0	0	0	0	0	0	0	0	91	0	0	0	0	0	13
162	assemblage-163-932	0	161	0	5	0	0	0	0	0	13	0	0	0	0	0	0	38	0	0	0	0	0	0	0	0	0	0	0	0	0	0	0	0	0	0	0	0	266	3	0	0	0	0	0	0	14

163	assemblage-781-776	0	0	0	0	0	0	0	0	0	0	0	6	0	0	0	119	0	0	0	0	6	0	0	10	20	0	0	0	0	96	0	0	0	14	193	0	0	0	0	0	0	0	22	0	0	14
163	assemblage-930-503	0	54	0	0	0	0	79	0	0	203	0	0	0	0	57	0	0	0	0	0	0	0	0	0	0	3	0	0	0	0	0	0	0	0	0	0	0	0	0	91	0	0	0	0	0	13
163	assemblage-708-443	0	50	0	0	0	0	0	0	0	8	0	0	0	0	20	0	0	0	0	0	0	0	0	0	0	0	0	0	0	0	0	0	0	0	0	0	0	0	0	405	0	0	0	0	0	17

164	assemblage-781-776	0	0	0	0	0	0	0	0	0	0	0	6	0	0	0	119	0	0	0	0	6	0	0	10	20	0	0	0	0	96	0	0	0	14	193	0	0	0	0	0	0	0	22	0	0	14
164	assemblage-930-503	0	54	0	0	0	0	79	0	0	203	0	0	0	0	57	0	0	0	0	0	0	0	0	0	0	3	0	0	0	0	0	0	0	0	0	0	0	0	0	91	0	0	0	0	0	13
164	assemblage-291-419	0	36	0	0	0	0	0	0	0	0	0	0	0	0	0	0	0	86	0	0	0	0	0	0	0	0	0	0	0	0	0	0	0	0	0	0	0	370	0	0	0	0	0	0	0	8

165	assemblage-781-776	0	0	0	0	0	0	0	0	0	0	0	6	0	0	0	119	0	0	0	0	6	0	0	10	20	0	0	0	0	96	0	0	0	14	193	0	0	0	0	0	0	0	22	0	0	14
165	assemblage-930-503	0	54	0	0	0	0	79	0	0	203	0	0	0	0	57	0	0	0	0	0	0	0	0	0	0	3	0	0	0	0	0	0	0	0	0	0	0	0	0	91	0	0	0	0	0	13
165	assemblage-380-266	30	12	0	0	0	0	0	0	0	19	0	0	0	5	0	0	0	0	0	0	0	0	0	0	0	0	0	0	0	0	0	0	0	0	0	0	0	0	0	416	0	0	0	0	0	18

166	assemblage-781-776	0	0	0	0	0	0	0	0	0	0	0	6	0	0	0	119	0	0	0	0	6	0	0	10	20	0	0	0	0	96	0	0	0	14	193	0	0	0	0	0	0	0	22	0	0	14
166	assemblage-296-429	0	21	0	0	0	0	0	0	0	0	0	0	0	0	0	332	0	57	0	0	0	0	0	0	0	0	0	0	0	0	0	0	0	0	36	0	0	36	0	0	0	0	0	0	0	18
166	assemblage-384-269	34	6	0	0	0	0	0	0	0	29	0	0	0	8	0	0	0	0	0	0	0	0	0	0	0	0	0	0	0	0	0	0	0	0	0	0	0	0	0	403	0	0	0	0	0	20

167	assemblage-781-776	0	0	0	0	0	0	0	0	0	0	0	6	0	0	0	119	0	0	0	0	6	0	0	10	20	0	0	0	0	96	0	0	0	14	193	0	0	0	0	0	0	0	22	0	0	14
167	assemblage-296-429	0	21	0	0	0	0	0	0	0	0	0	0	0	0	0	332	0	57	0	0	0	0	0	0	0	0	0	0	0	0	0	0	0	0	36	0	0	36	0	0	0	0	0	0	0	18
167	assemblage-444-470	0	13	0	0	0	0	0	0	0	6	0	0	0	0	0	0	26	0	10	0	0	0	0	0	0	0	0	0	0	0	0	0	0	0	0	0	0	377	0	56	0	0	0	0	0	12

168	assemblage-781-776	0	0	0	0	0	0	0	0	0	0	0	6	0	0	0	119	0	0	0	0	6	0	0	10	20	0	0	0	0	96	0	0	0	14	193	0	0	0	0	0	0	0	22	0	0	14
168	assemblage-296-429	0	21	0	0	0	0	0	0	0	0	0	0	0	0	0	332	0	57	0	0	0	0	0	0	0	0	0	0	0	0	0	0	0	0	36	0	0	36	0	0	0	0	0	0	0	18
168	assemblage-943-508	0	61	0	0	0	0	67	0	0	224	0	0	0	0	54	0	0	0	0	0	0	0	0	0	0	0	0	0	0	0	0	0	0	0	0	0	0	0	0	79	0	0	0	0	0	15

169	assemblage-781-776	0	0	0	0	0	0	0	0	0	0	0	6	0	0	0	119	0	0	0	0	6	0	0	10	20	0	0	0	0	96	0	0	0	14	193	0	0	0	0	0	0	0	22	0	0	14
169	assemblage-296-429	0	21	0	0	0	0	0	0	0	0	0	0	0	0	0	332	0	57	0	0	0	0	0	0	0	0	0	0	0	0	0	0	0	0	36	0	0	36	0	0	0	0	0	0	0	18
169	assemblage-148-933	0	18	0	0	0	0	0	0	0	5	0	0	0	0	0	0	28	0	12	0	0	0	0	0	0	0	0	0	0	0	0	0	0	0	0	0	0	368	0	60	0	0	0	0	0	9

170	assemblage-781-776	0	0	0	0	0	0	0	0	0	0	0	6	0	0	0	119	0	0	0	0	6	0	0	10	20	0	0	0	0	96	0	0	0	14	193	0	0	0	0	0	0	0	22	0	0	14
170	assemblage-296-429	0	21	0	0	0	0	0	0	0	0	0	0	0	0	0	332	0	57	0	0	0	0	0	0	0	0	0	0	0	0	0	0	0	0	36	0	0	36	0	0	0	0	0	0	0	18
170	assemblage-955-283	0	29	0	0	0	0	0	0	0	8	0	0	0	0	0	0	0	0	0	0	0	0	0	0	0	0	0	0	0	0	0	0	0	0	0	0	0	117	0	335	0	0	0	0	0	11

171	assemblage-781-776	0	0	0	0	0	0	0	0	0	0	0	6	0	0	0	119	0	0	0	0	6	0	0	10	20	0	0	0	0	96	0	0	0	14	193	0	0	0	0	0	0	0	22	0	0	14
171	assemblage-296-429	0	21	0	0	0	0	0	0	0	0	0	0	0	0	0	332	0	57	0	0	0	0	0	0	0	0	0	0	0	0	0	0	0	0	36	0	0	36	0	0	0	0	0	0	0	18
171	assemblage-163-932	0	161	0	5	0	0	0	0	0	13	0	0	0	0	0	0	38	0	0	0	0	0	0	0	0	0	0	0	0	0	0	0	0	0	0	0	0	266	3	0	0	0	0	0	0	14

172	assemblage-781-776	0	0	0	0	0	0	0	0	0	0	0	6	0	0	0	119	0	0	0	0	6	0	0	10	20	0	0	0	0	96	0	0	0	14	193	0	0	0	0	0	0	0	22	0	0	14
172	assemblage-296-429	0	21	0	0	0	0	0	0	0	0	0	0	0	0	0	332	0	57	0	0	0	0	0	0	0	0	0	0	0	0	0	0	0	0	36	0	0	36	0	0	0	0	0	0	0	18
172	assemblage-708-443	0	50	0	0	0	0	0	0	0	8	0	0	0	0	20	0	0	0	0	0	0	0	0	0	0	0	0	0	0	0	0	0	0	0	0	0	0	0	0	405	0	0	0	0	0	17

173	assemblage-781-776	0	0	0	0	0	0	0	0	0	0	0	6	0	0	0	119	0	0	0	0	6	0	0	10	20	0	0	0	0	96	0	0	0	14	193	0	0	0	0	0	0	0	22	0	0	14
173	assemblage-296-429	0	21	0	0	0	0	0	0	0	0	0	0	0	0	0	332	0	57	0	0	0	0	0	0	0	0	0	0	0	0	0	0	0	0	36	0	0	36	0	0	0	0	0	0	0	18
173	assemblage-291-419	0	36	0	0	0	0	0	0	0	0	0	0	0	0	0	0	0	86	0	0	0	0	0	0	0	0	0	0	0	0	0	0	0	0	0	0	0	370	0	0	0	0	0	0	0	8

174	assemblage-781-776	0	0	0	0	0	0	0	0	0	0	0	6	0	0	0	119	0	0	0	0	6	0	0	10	20	0	0	0	0	96	0	0	0	14	193	0	0	0	0	0	0	0	22	0	0	14
174	assemblage-296-429	0	21	0	0	0	0	0	0	0	0	0	0	0	0	0	332	0	57	0	0	0	0	0	0	0	0	0	0	0	0	0	0	0	0	36	0	0	36	0	0	0	0	0	0	0	18
174	assemblage-380-266	30	12	0	0	0	0	0	0	0	19	0	0	0	5	0	0	0	0	0	0	0	0	0	0	0	0	0	0	0	0	0	0	0	0	0	0	0	0	0	416	0	0	0	0	0	18

175	assemblage-781-776	0	0	0	0	0	0	0	0	0	0	0	6	0	0	0	119	0	0	0	0	6	0	0	10	20	0	0	0	0	96	0	0	0	14	193	0	0	0	0	0	0	0	22	0	0	14
175	assemblage-296-429	0	21	0	0	0	0	0	0	0	0	0	0	0	0	0	332	0	57	0	0	0	0	0	0	0	0	0	0	0	0	0	0	0	0	36	0	0	36	0	0	0	0	0	0	0	18
175	assemblage-930-503	0	54	0	0	0	0	79	0	0	203	0	0	0	0	57	0	0	0	0	0	0	0	0	0	0	3	0	0	0	0	0	0	0	0	0	0	0	0	0	91	0	0	0	0	0	13

176	assemblage-781-776	0	0	0	0	0	0	0	0	0	0	0	6	0	0	0	119	0	0	0	0	6	0	0	10	20	0	0	0	0	96	0	0	0	14	193	0	0	0	0	0	0	0	22	0	0	14
176	assemblage-600-534	0	19	0	83	164	0	0	0	6	0	129	0	0	0	0	21	23	0	0	0	0	0	0	0	0	0	0	0	7	0	0	0	0	0	0	0	0	0	0	33	0	0	0	0	0	15
176	assemblage-444-470	0	13	0	0	0	0	0	0	0	6	0	0	0	0	0	0	26	0	10	0	0	0	0	0	0	0	0	0	0	0	0	0	0	0	0	0	0	377	0	56	0	0	0	0	0	12

177	assemblage-781-776	0	0	0	0	0	0	0	0	0	0	0	6	0	0	0	119	0	0	0	0	6	0	0	10	20	0	0	0	0	96	0	0	0	14	193	0	0	0	0	0	0	0	22	0	0	14
177	assemblage-600-534	0	19	0	83	164	0	0	0	6	0	129	0	0	0	0	21	23	0	0	0	0	0	0	0	0	0	0	0	7	0	0	0	0	0	0	0	0	0	0	33	0	0	0	0	0	15
177	assemblage-943-508	0	61	0	0	0	0	67	0	0	224	0	0	0	0	54	0	0	0	0	0	0	0	0	0	0	0	0	0	0	0	0	0	0	0	0	0	0	0	0	79	0	0	0	0	0	15

178	assemblage-781-776	0	0	0	0	0	0	0	0	0	0	0	6	0	0	0	119	0	0	0	0	6	0	0	10	20	0	0	0	0	96	0	0	0	14	193	0	0	0	0	0	0	0	22	0	0	14
178	assemblage-600-534	0	19	0	83	164	0	0	0	6	0	129	0	0	0	0	21	23	0	0	0	0	0	0	0	0	0	0	0	7	0	0	0	0	0	0	0	0	0	0	33	0	0	0	0	0	15
178	assemblage-148-933	0	18	0	0	0	0	0	0	0	5	0	0	0	0	0	0	28	0	12	0	0	0	0	0	0	0	0	0	0	0	0	0	0	0	0	0	0	368	0	60	0	0	0	0	0	9

179	assemblage-781-776	0	0	0	0	0	0	0	0	0	0	0	6	0	0	0	119	0	0	0	0	6	0	0	10	20	0	0	0	0	96	0	0	0	14	193	0	0	0	0	0	0	0	22	0	0	14
179	assemblage-600-534	0	19	0	83	164	0	0	0	6	0	129	0	0	0	0	21	23	0	0	0	0	0	0	0	0	0	0	0	7	0	0	0	0	0	0	0	0	0	0	33	0	0	0	0	0	15
179	assemblage-955-283	0	29	0	0	0	0	0	0	0	8	0	0	0	0	0	0	0	0	0	0	0	0	0	0	0	0	0	0	0	0	0	0	0	0	0	0	0	117	0	335	0	0	0	0	0	11

180	assemblage-781-776	0	0	0	0	0	0	0	0	0	0	0	6	0	0	0	119	0	0	0	0	6	0	0	10	20	0	0	0	0	96	0	0	0	14	193	0	0	0	0	0	0	0	22	0	0	14
180	assemblage-600-534	0	19	0	83	164	0	0	0	6	0	129	0	0	0	0	21	23	0	0	0	0	0	0	0	0	0	0	0	7	0	0	0	0	0	0	0	0	0	0	33	0	0	0	0	0	15
180	assemblage-163-932	0	161	0	5	0	0	0	0	0	13	0	0	0	0	0	0	38	0	0	0	0	0	0	0	0	0	0	0	0	0	0	0	0	0	0	0	0	266	3	0	0	0	0	0	0	14

181	assemblage-781-776	0	0	0	0	0	0	0	0	0	0	0	6	0	0	0	119	0	0	0	0	6	0	0	10	20	0	0	0	0	96	0	0	0	14	193	0	0	0	0	0	0	0	22	0	0	14
181	assemblage-600-534	0	19	0	83	164	0	0	0	6	0	129	0	0	0	0	21	23	0	0	0	0	0	0	0	0	0	0	0	7	0	0	0	0	0	0	0	0	0	0	33	0	0	0	0	0	15
181	assemblage-708-443	0	50	0	0	0	0	0	0	0	8	0	0	0	0	20	0	0	0	0	0	0	0	0	0	0	0	0	0	0	0	0	0	0	0	0	0	0	0	0	405	0	0	0	0	0	17

182	assemblage-781-776	0	0	0	0	0	0	0	0	0	0	0	6	0	0	0	119	0	0	0	0	6	0	0	10	20	0	0	0	0	96	0	0	0	14	193	0	0	0	0	0	0	0	22	0	0	14
182	assemblage-600-534	0	19	0	83	164	0	0	0	6	0	129	0	0	0	0	21	23	0	0	0	0	0	0	0	0	0	0	0	7	0	0	0	0	0	0	0	0	0	0	33	0	0	0	0	0	15
182	assemblage-291-419	0	36	0	0	0	0	0	0	0	0	0	0	0	0	0	0	0	86	0	0	0	0	0	0	0	0	0	0	0	0	0	0	0	0	0	0	0	370	0	0	0	0	0	0	0	8

183	assemblage-781-776	0	0	0	0	0	0	0	0	0	0	0	6	0	0	0	119	0	0	0	0	6	0	0	10	20	0	0	0	0	96	0	0	0	14	193	0	0	0	0	0	0	0	22	0	0	14
183	assemblage-600-534	0	19	0	83	164	0	0	0	6	0	129	0	0	0	0	21	23	0	0	0	0	0	0	0	0	0	0	0	7	0	0	0	0	0	0	0	0	0	0	33	0	0	0	0	0	15
183	assemblage-930-503	0	54	0	0	0	0	79	0	0	203	0	0	0	0	57	0	0	0	0	0	0	0	0	0	0	3	0	0	0	0	0	0	0	0	0	0	0	0	0	91	0	0	0	0	0	13

