Assemblage_Name	3-2-5248414	8336107-6580261-6777824	4-8442151-8125309	2-1917554-8554750	9411726-0-9276189	3-4309749-6777824	3214021-2391428-6777824	3-7376615-6777824	4-4747494-3	3-0-7236157	4-6309508-3	3-3929028-6777824	3-0-5258298	7344429-1-3	7641792-1-3	2153218-2-6777824	3-0-4386595	3-2057487-6777824	4-2-5724636	3-2-6777824	3-2391428-4404480	8342978-2382073-0	3-2-2	3-0-1369952	3214021-2391428-6616743	5018263-2-6777824	2-7325114-8678261	9438411-2-6777824	4-1-7476460	4161442-2-6777824	3-8001641-6777824	4-2-9726877	9873840-1-3	4-1-4497944	4-1-6854673	5176511-0-1	4-1839343-3	8828905-0-4171094	4-8629103-3	493570-4747494-3	3-4709010-1	8191672-2-6777824	3093003-0-1	4-2-585271	3-1343332-1	3-2-7057503	3-0-4171094	4-2-645998	6237227-0-1	3-5438188-4171094	1015401-0-7367919	9731158-2391428-6777824	1015401-0-3282473	68273-1-6854673	7103778-2-3	0-2382073-0	3-1326201-6777824	4-1-1886025	3-8681004-1	1015401-0-3	2-2-8678261	4-2-7359741	3-2-7491264	4-4181914-3	7468944-2-8125309	4-2-80737	4-2168783-3	7212998-0-1	5954718-2-3	3-2-8887666	1015401-756085-3	5153340-1-6854673	3-0-4014942	10706-4747494-3	4-2-7289043	6261739-1-3	6312287-1917554-8678261	3124-2-6777824	4-4679897-8125309	4-2440851-3	2117585-0-3	4-2-3	4-2-1	4-2-8125309	8505272-1917554-8678261	3-0-6405316	3-0-6200498	3-2391428-6777824	3-7373397-1	9411726-0-1602353	6043447-1-3	3-6210122-6777824	4-4747494-6106733	4-1-3	2752362-1917554-8678261	3-0-2021061	4-1-8511245	3-5759649-4171094	3548585-2391428-6777824	3-2-2484406	3-2391428-8987710	3-5430473-6777824	0-2382073-6639293	7415331-0-4171094	3-2-1124226	4745794-2391428-6777824	8336107-2-6777824	4-1-8305964	7536451-0-1	3-7816274-6777824	3-0-1	3-2-2433766	5954718-2-6089386	7144860-2-6777824	2-1917554-8678261	5049175-2-3	825531-4747494-3	4264454-1-3	4-8733167-6854673	4-1786883-3	3-6112042-6777824	3-4756654-6777824	3887583-0-1
assemblage-622-813	0	37	0	0	0	0	0	0	0	0	0	0	0	0	0	0	0	0	0	310	0	0	0	0	0	0	0	0	0	0	0	0	0	0	71	0	0	0	0	0	0	0	0	0	0	0	0	0	0	0	0	0	0	0	0	0	0	0	0	0	0	0	0	0	0	0	0	0	0	0	0	0	0	0	0	0	0	0	0	0	0	0	0	0	0	0	0	0	0	0	0	0	0	8	0	0	0	0	0	0	0	0	0	0	0	0	0	0	0	0	37	0	0	0	0	0	0	0	13	0	0	0	24
assemblage-420-380	0	0	0	0	0	0	0	0	0	0	0	0	0	0	0	0	0	0	0	23	0	0	0	0	0	0	0	0	0	0	0	0	0	0	0	0	0	0	0	0	0	0	15	19	0	0	5	0	0	0	0	0	0	0	0	0	0	0	0	0	0	0	0	0	4	0	0	0	0	0	0	0	0	0	0	0	0	0	0	0	0	0	0	93	0	0	0	0	0	0	0	0	0	192	0	0	0	0	0	0	0	0	0	0	0	0	0	0	0	0	73	0	0	0	73	0	0	0	0	0	0	0	3
assemblage-386-616	0	0	0	0	166	0	0	0	0	0	0	0	0	0	0	0	0	0	0	246	0	0	12	0	0	12	0	0	0	0	0	0	0	0	0	0	0	0	0	0	0	0	0	0	0	0	0	0	0	0	0	0	0	0	0	0	0	0	0	62	0	0	0	0	0	0	0	0	0	0	0	0	0	0	0	0	0	0	0	0	0	0	0	0	0	0	0	0	0	0	0	0	0	0	0	0	0	0	0	0	0	0	0	0	0	0	0	0	0	0	0	0	0	0	0	0	0	0	0	0	0	0	2
assemblage-222-397	0	0	0	0	0	0	0	0	42	0	0	0	0	0	0	0	0	0	0	32	0	0	0	0	0	0	0	0	0	0	0	0	0	0	131	0	0	0	0	0	0	0	0	0	0	0	0	0	31	0	0	5	0	0	0	0	0	0	0	0	0	0	0	0	0	0	0	0	0	0	0	0	0	0	0	0	0	0	0	0	0	0	0	0	0	0	0	188	0	0	0	0	0	66	0	0	0	0	0	0	0	0	0	0	0	0	0	0	0	0	0	0	0	0	0	0	0	0	0	0	0	0	5
assemblage-555-968	0	2	0	0	0	0	0	0	74	0	0	16	0	0	0	0	0	0	0	98	0	0	0	15	0	0	0	0	0	0	0	0	0	0	0	0	0	0	0	0	0	0	0	0	0	0	9	0	0	0	82	0	0	0	0	0	0	0	0	0	0	0	0	0	0	0	0	0	0	0	0	0	0	0	0	0	0	0	0	0	0	0	0	27	0	0	0	0	0	0	0	0	0	152	0	0	0	0	0	0	0	0	0	0	0	0	17	0	0	0	0	0	0	0	0	0	0	0	0	0	0	0	8
assemblage-206-404	0	0	0	0	0	0	0	0	71	0	0	0	0	0	0	0	0	0	0	17	0	0	0	0	0	0	0	0	0	0	0	0	0	0	68	0	0	0	0	9	0	0	0	0	0	0	0	0	45	0	0	0	0	0	0	0	0	0	0	0	0	0	0	0	0	0	0	0	0	0	0	0	0	0	0	0	0	0	0	0	0	0	0	0	0	0	0	176	0	0	0	0	0	107	0	0	0	0	0	0	0	0	0	0	0	0	0	0	0	0	0	0	0	0	0	0	0	0	0	0	0	0	7
assemblage-427-368	0	0	0	0	0	0	0	0	26	0	0	0	0	0	0	0	0	0	0	44	0	0	0	0	0	0	0	0	0	0	0	0	0	0	0	0	0	0	0	0	0	0	0	0	0	0	0	4	0	0	0	0	9	0	20	0	0	0	0	164	0	0	0	0	0	0	0	0	0	0	0	0	0	0	0	0	0	0	0	0	0	0	0	38	0	0	0	0	0	0	0	0	0	14	0	0	0	0	0	0	0	0	0	0	0	0	0	0	60	0	116	0	0	0	0	0	0	0	0	0	0	0	5
assemblage-762-192	0	0	0	0	0	0	0	34	25	0	0	0	0	0	0	0	0	0	0	82	0	0	0	0	0	0	0	0	0	0	0	0	0	0	0	11	0	0	0	0	0	0	0	0	0	0	0	0	0	0	0	0	0	0	0	0	0	0	0	92	0	0	0	0	0	0	0	0	0	0	0	0	0	0	0	0	0	0	0	0	0	0	0	14	0	0	0	0	0	0	0	0	0	73	0	0	0	0	0	0	0	0	0	0	0	0	0	0	147	0	5	0	0	0	12	0	0	0	0	0	0	0	5
assemblage-786-609	0	0	0	0	0	0	0	0	0	0	0	0	0	0	0	0	0	0	0	300	0	0	0	0	0	0	0	0	0	0	0	0	0	0	26	0	0	0	0	0	0	0	0	0	0	0	0	0	0	0	0	0	0	0	0	0	0	0	0	0	0	0	0	0	0	0	0	0	0	0	0	0	0	0	0	0	0	0	0	0	0	0	0	0	0	0	0	0	14	0	0	0	0	27	0	0	0	0	0	0	0	0	0	0	0	0	0	0	0	0	85	0	0	0	0	0	0	0	17	13	0	0	18
assemblage-553-938	0	0	0	0	0	0	0	0	24	0	0	0	0	0	0	0	0	0	0	109	0	0	0	0	0	0	0	0	0	0	0	0	0	0	115	0	5	0	0	0	0	0	0	0	0	0	4	0	0	0	0	0	0	0	0	0	0	0	0	0	0	0	0	0	0	0	0	0	0	0	0	0	0	0	0	0	0	0	0	0	0	0	0	0	0	0	0	0	0	0	0	0	0	229	0	0	0	0	0	0	0	0	0	0	0	0	0	0	7	0	0	0	0	0	0	0	0	0	0	0	0	0	7
assemblage-552-931	0	0	0	0	0	0	0	0	281	0	0	0	0	0	0	0	5	0	0	43	0	0	0	0	0	0	0	0	0	0	0	0	0	0	38	0	0	0	0	0	0	0	0	0	0	0	27	0	0	0	0	0	0	0	0	0	0	0	0	0	0	0	0	0	0	0	0	0	0	0	0	0	0	0	0	0	0	0	0	0	0	0	0	19	0	0	0	0	0	0	0	0	7	5	0	0	0	0	0	0	0	0	0	0	0	0	0	0	0	0	63	0	0	0	0	0	0	0	0	0	0	0	12
assemblage-846-466	0	0	0	0	0	0	0	0	81	0	0	65	0	0	0	22	0	0	0	9	0	0	0	0	0	0	0	0	0	0	0	0	0	0	0	0	0	5	0	0	0	0	0	0	0	0	111	0	0	0	0	0	0	0	0	0	0	0	0	0	0	0	0	0	0	0	0	0	0	0	0	0	0	0	0	0	0	0	0	0	0	0	0	37	0	0	0	0	0	0	0	0	0	16	16	0	0	0	0	0	0	0	0	0	0	0	0	0	29	0	86	0	0	0	19	0	0	0	0	0	0	0	4
assemblage-602-364	0	0	0	0	0	0	0	0	0	0	0	0	0	0	0	0	0	0	0	0	0	0	0	0	0	0	0	0	0	0	0	0	0	0	0	0	0	0	0	0	0	0	0	0	0	0	36	0	0	0	0	0	0	0	0	0	0	0	0	0	0	0	0	0	0	0	0	0	0	0	0	0	0	0	0	0	0	0	0	0	0	0	0	0	0	4	2	0	0	0	0	0	0	0	0	0	0	0	0	0	0	0	0	0	0	0	0	0	0	0	451	0	0	0	0	0	0	0	0	0	0	0	7
assemblage-806-473	0	0	0	0	0	0	0	0	198	0	0	47	0	0	0	28	0	0	0	14	0	0	0	0	0	0	0	0	0	0	0	0	0	0	0	0	0	0	0	0	0	0	0	0	0	0	16	0	0	0	0	0	0	0	0	0	0	0	0	0	0	0	0	0	0	0	0	0	0	0	0	0	0	0	0	0	0	0	0	0	0	0	0	58	0	0	0	0	0	0	0	0	0	0	0	0	0	0	0	0	0	0	0	0	0	0	0	0	14	0	44	0	0	0	62	0	0	0	0	0	0	0	19
assemblage-748-616	0	0	0	0	0	0	0	0	34	0	0	0	0	0	0	0	0	0	0	16	0	0	0	0	0	0	0	0	0	0	0	0	0	0	0	0	0	0	0	0	0	0	0	0	0	0	0	0	0	0	0	0	50	0	0	0	0	0	0	175	0	0	0	0	0	0	0	0	0	0	0	0	0	0	0	0	0	0	0	0	0	11	0	74	0	0	0	0	0	0	0	0	0	30	0	0	0	0	0	0	0	0	0	0	0	0	0	0	26	0	71	0	0	0	0	0	0	0	0	0	0	0	13
assemblage-766-207	0	0	0	0	0	0	0	0	94	0	0	62	0	0	0	17	0	0	0	4	0	0	0	0	0	0	0	0	0	0	0	0	0	0	0	0	0	0	0	0	0	0	0	0	0	0	24	0	0	0	0	0	0	0	0	0	0	0	0	5	0	0	0	0	0	0	0	0	0	0	0	0	0	0	0	0	0	0	0	0	0	0	0	27	0	0	0	0	0	0	0	0	0	6	24	0	0	0	0	0	0	0	0	0	0	0	0	0	61	0	158	0	0	0	8	0	0	0	0	0	0	0	10
assemblage-597-375	0	0	0	0	38	0	0	0	0	0	0	0	0	0	0	0	0	0	0	54	0	0	0	0	0	0	0	0	0	0	0	0	0	0	0	0	0	0	0	0	0	0	0	29	0	0	13	0	0	0	0	0	0	0	0	17	0	0	0	24	17	0	0	0	0	0	0	0	0	0	0	0	0	0	0	0	0	0	0	0	0	20	11	11	0	0	0	0	0	0	0	0	0	94	0	0	0	0	0	0	0	0	0	0	0	0	0	0	0	0	116	0	0	0	11	5	0	0	0	0	0	0	40
assemblage-423-385	0	0	0	0	13	0	0	0	12	0	0	0	0	0	0	0	0	0	0	45	0	0	0	0	0	0	0	0	0	0	0	0	0	0	0	0	0	0	0	0	0	0	0	0	0	0	0	0	0	0	0	0	0	0	0	0	0	0	0	154	0	0	0	0	0	0	0	0	0	0	0	0	0	0	0	0	0	0	0	0	0	0	0	76	0	0	0	0	0	0	0	0	0	24	0	0	0	0	0	0	0	0	0	0	0	0	0	0	12	0	146	0	0	0	0	0	0	0	0	0	0	0	18
assemblage-824-497	0	0	0	0	0	0	0	0	0	0	0	0	0	22	0	0	0	0	0	0	0	0	0	0	0	0	0	0	0	0	0	0	0	0	0	0	0	0	0	0	0	0	0	0	0	0	0	0	0	0	0	0	0	0	0	127	0	0	0	0	0	0	0	0	0	0	0	0	0	0	0	0	0	0	0	0	0	0	0	0	0	0	0	0	0	0	0	0	0	0	0	0	0	344	0	0	0	0	0	0	0	0	0	0	0	0	0	0	0	0	0	0	0	0	0	0	0	0	0	0	0	0	7
assemblage-640-811	0	80	0	0	0	0	8	0	7	0	0	0	0	0	0	0	0	0	0	17	147	0	0	0	0	0	0	0	0	0	0	0	0	0	73	0	0	0	0	0	0	0	0	0	0	0	0	0	4	0	0	0	0	0	0	0	0	0	0	0	0	0	0	0	0	0	0	0	0	0	0	0	0	0	0	0	0	0	0	0	0	0	0	0	0	0	0	121	0	0	0	0	0	35	0	0	0	0	0	0	0	0	0	0	0	0	0	0	0	0	0	0	0	0	0	0	0	0	0	0	0	0	8
