Assemblage_Name	8747428-3-1	5817790-5514301-9885816	3-3-1642721	3-7661413-1	5817790-5514301-3155459	4812328-4911238-1201087	412298-1389117-7348078	1202764-1-7348078	412298-6024320-7348078	3701711-3797726-7472059	3750475-1545863-2	4020137-1-6611426	412298-1-1863776	3750475-1-7348078	3-4887293-1	7674605-1-7348078	3-2-2	3-3-6833937	6527948-1-7348078	3-3-1	3-3-3	4812328-3-6931415	412298-8001689-7348078	0-1-2	4812328-3-1642721	4750371-1-7348078	3-5514301-9885816	5325197-960067-6611426	808903-5514301-9885816	5109645-1-7348078	3701711-3-7472059	4750371-9626936-6611426	6400441-1-7348078	3750475-1-2	2-4-3	3750475-1-3805113	3-7867265-1	3-5514301-2041369	5817790-8245660-3155459	4812328-3-5249940	4110975-7554510-6611426	3750475-4162886-7348078	1-3407854-4	4812328-3-1201087	412298-1-7348078	7331916-3-1642721	4812328-3-99355	4750371-9626936-2449238	5898407-9626936-6611426	4812328-9514273-1201087	7674605-1-1139042	0-3620350-2	412298-1-2957559	1-4-4	4750371-9626936-4432969	5109645-4787791-7348078	412298-1-8002703	5325197-1-6611426	3423956-3-1201087	4750371-1-6611426	5325197-7554510-6611426	4067697-3-1201087	412298-2874353-7348078	412298-7080700-7348078	1123723-1-6611426	6019964-3-1
assemblage-386-263	0	0	0	0	0	0	0	0	0	0	0	0	0	0	0	0	0	0	0	379	0	0	0	0	0	0	0	0	0	0	0	0	0	6	10	0	0	0	0	0	0	0	0	0	0	0	0	0	0	0	0	14	0	64	0	0	0	0	0	0	0	0	0	0	0	27
assemblage-479-922	0	0	0	0	0	0	0	0	0	0	7	0	0	67	0	0	0	0	0	38	0	0	0	0	0	0	29	0	0	0	0	0	0	179	78	41	0	0	0	0	0	0	0	0	0	0	0	0	0	0	0	0	0	43	0	0	0	0	0	0	0	0	0	0	0	18
assemblage-558-998	0	0	0	0	0	0	0	0	0	0	0	0	0	0	0	0	0	0	0	0	0	0	0	0	0	0	0	0	0	7	0	46	0	0	0	0	0	0	0	0	0	0	0	293	0	0	6	0	0	0	0	0	0	0	0	0	0	100	0	21	0	0	0	0	0	27
assemblage-221-603	0	0	0	0	0	0	9	0	0	0	0	0	0	0	0	0	0	0	0	17	0	0	52	0	0	0	0	0	0	32	0	0	0	0	0	0	0	0	0	0	0	0	0	0	375	0	0	0	0	0	0	0	0	0	0	0	0	0	0	0	0	0	0	0	0	15
assemblage-683-134	0	0	0	0	0	0	0	0	0	0	0	0	0	0	0	0	0	0	0	0	0	0	0	0	0	0	0	0	0	0	0	0	0	0	0	0	0	0	0	0	0	0	0	301	0	0	0	0	0	56	0	0	0	0	0	0	0	111	0	0	0	0	0	0	0	32
assemblage-601-539	0	132	59	0	23	0	0	0	0	0	0	0	0	0	0	0	0	0	0	46	0	0	0	0	0	9	0	0	0	0	0	0	0	0	0	0	0	0	0	0	0	0	26	0	185	0	0	0	0	0	0	0	6	0	0	0	0	0	0	0	0	0	0	0	0	14
assemblage-601-535	0	0	0	0	0	0	0	0	0	0	0	0	0	0	0	0	0	0	0	19	0	0	55	0	0	0	0	0	0	28	0	0	0	0	0	0	0	0	0	0	0	0	0	0	374	0	0	0	0	0	0	0	0	0	0	0	0	0	0	0	0	0	0	0	0	24
assemblage-206-601	0	135	57	0	33	0	0	0	0	0	0	0	0	0	0	0	0	0	0	31	0	0	0	0	0	8	0	0	0	0	0	0	0	0	0	0	0	0	0	0	0	0	15	0	192	0	0	0	0	0	0	0	11	0	0	0	0	0	0	0	0	0	6	0	0	12
assemblage-487-919	0	0	0	0	0	0	0	0	0	0	7	0	0	83	0	0	0	0	0	39	0	0	0	0	0	0	28	0	0	0	0	0	0	180	66	24	0	0	0	0	0	0	0	0	0	0	0	0	0	0	0	0	0	59	0	0	0	0	0	0	0	0	0	0	0	14
assemblage-216-420	0	0	0	0	0	0	0	0	21	0	0	0	13	0	0	26	0	0	0	0	0	0	0	0	6	0	0	0	0	288	0	0	9	0	0	0	0	0	0	0	0	0	0	0	84	0	0	0	0	0	0	0	0	0	0	14	0	0	0	26	0	0	0	7	0	6
assemblage-746-544	0	17	0	0	0	0	0	4	0	0	0	0	0	127	0	0	0	0	0	96	0	0	0	0	0	0	7	0	11	0	0	0	0	0	0	0	38	0	0	0	0	0	7	0	25	0	0	0	0	0	0	0	0	151	0	0	0	0	0	0	0	0	0	0	0	17
assemblage-922-171	0	0	0	0	0	0	0	0	0	0	0	0	0	0	0	0	0	0	0	0	0	0	0	0	0	0	0	0	0	7	0	52	0	0	0	0	0	0	0	0	0	0	0	313	0	0	14	0	0	0	0	0	0	0	0	0	0	84	2	11	0	0	0	0	0	17
assemblage-498-925	0	0	0	0	0	0	0	0	0	0	12	0	0	72	0	0	0	0	0	46	0	0	0	0	0	0	23	0	0	0	0	0	0	186	62	27	0	0	0	0	0	0	0	0	0	0	0	0	0	0	0	0	0	47	0	0	0	0	0	0	0	0	0	0	0	25
assemblage-962-284	4	0	0	0	0	0	0	0	0	0	0	0	0	54	0	0	0	1	0	269	0	0	0	0	0	0	23	0	0	0	0	0	0	0	0	0	0	20	0	0	0	0	0	0	9	0	0	0	0	0	0	0	0	94	0	0	0	0	0	0	0	0	0	0	0	26
assemblage-579-642	0	0	0	0	0	0	0	0	0	0	0	0	0	0	0	0	0	0	0	0	0	0	0	0	0	0	0	0	0	137	0	13	0	0	0	0	0	0	0	0	0	0	0	0	0	0	18	0	0	0	0	0	0	0	0	0	0	267	0	0	55	0	0	0	0	10
assemblage-606-537	0	130	59	0	24	0	0	0	0	0	0	0	0	0	0	0	0	0	0	43	0	0	0	0	0	11	0	0	0	0	0	0	0	0	0	0	0	0	0	0	0	0	23	0	193	0	0	0	0	0	0	0	5	0	0	0	0	0	0	0	0	0	0	0	0	12
assemblage-123-486	0	21	0	0	0	0	0	8	0	0	0	0	0	131	0	0	0	0	0	105	0	0	0	0	0	0	0	0	0	0	0	0	0	0	0	0	30	0	0	0	0	0	17	0	15	0	0	0	0	0	0	0	0	156	0	0	0	0	0	0	0	0	0	0	0	17
assemblage-599-537	0	0	406	0	0	0	0	0	0	0	0	0	0	0	0	0	0	0	0	45	0	0	0	0	0	0	0	0	0	0	0	0	0	0	0	0	0	0	0	0	0	0	9	0	8	5	0	0	0	0	0	0	0	0	0	0	0	0	0	0	0	0	0	0	0	27
assemblage-894-155	0	0	0	0	0	0	0	0	0	0	0	0	0	0	0	0	0	0	0	0	0	0	0	0	0	0	0	0	0	0	0	55	0	0	0	0	0	0	0	0	0	0	0	319	0	0	14	0	0	0	0	0	0	0	0	0	0	88	0	11	0	0	0	0	0	13
assemblage-726-448	0	11	0	28	0	0	0	0	0	0	0	0	0	0	0	0	53	0	0	102	0	0	0	9	0	0	146	0	0	0	0	0	0	28	70	29	0	0	0	0	0	0	0	0	0	0	0	0	0	0	0	0	0	3	0	0	0	0	0	0	0	0	0	0	0	21
assemblage-224-589	0	111	77	0	17	0	0	0	0	0	0	0	0	0	0	0	0	0	0	52	0	0	0	0	0	11	0	0	0	0	0	0	0	0	0	0	0	0	5	0	0	0	21	0	193	0	0	0	0	0	0	0	3	0	0	0	0	0	0	0	0	0	3	0	0	7
assemblage-591-641	0	0	0	0	0	0	0	0	0	0	0	0	0	0	0	0	0	0	0	0	0	0	0	0	0	0	0	0	0	5	0	0	0	0	0	0	0	0	0	0	0	0	0	0	0	0	0	0	0	0	0	0	0	0	0	0	0	120	0	7	356	0	0	0	0	12
assemblage-106-503	0	11	0	0	0	0	0	12	0	0	0	0	0	118	0	0	0	0	0	105	0	0	0	0	0	0	0	0	5	0	0	0	0	0	0	0	40	0	0	0	0	0	12	0	23	0	0	0	0	0	0	0	0	158	0	0	0	0	0	0	0	0	0	0	0	16
assemblage-377-173	0	0	0	0	0	0	0	0	0	0	0	0	0	0	0	0	0	0	0	0	0	0	0	0	0	0	0	0	0	0	0	0	0	0	0	0	0	0	0	0	0	0	0	289	0	0	0	0	0	80	0	0	0	0	0	0	0	105	0	0	7	0	0	0	0	19
assemblage-768-770	0	0	0	0	0	0	0	0	0	0	0	0	0	0	0	0	0	0	0	0	0	0	0	0	0	0	0	0	0	0	0	0	0	0	0	0	0	0	0	0	0	0	0	319	0	0	0	0	0	53	0	0	0	0	0	0	0	108	0	0	0	0	0	0	0	20
assemblage-377-179	0	0	0	0	0	0	0	0	0	0	0	0	0	0	0	0	0	0	0	0	0	0	0	0	0	0	0	0	0	0	87	63	0	0	0	0	0	0	0	0	99	0	0	189	0	0	0	0	0	0	0	0	0	0	10	0	0	0	0	0	21	0	0	0	0	31
assemblage-603-648	0	0	0	0	0	0	0	0	0	0	0	0	0	0	0	0	0	0	0	0	0	0	0	0	0	0	0	0	0	0	0	142	0	0	0	0	0	0	0	0	0	0	0	10	0	0	222	0	0	0	0	0	0	0	55	0	0	64	0	0	0	0	0	0	0	7
assemblage-781-776	0	0	0	0	0	0	0	0	0	0	0	0	0	0	0	0	0	0	0	0	0	0	0	0	0	0	0	0	0	0	20	119	0	0	0	0	0	0	0	0	24	0	0	210	0	0	0	0	0	14	0	0	0	0	15	0	0	32	0	0	40	0	0	0	0	26
assemblage-381-173	0	0	0	0	0	0	0	0	0	0	0	0	0	0	0	0	0	0	0	0	0	0	0	0	0	0	0	0	0	0	0	409	0	0	0	0	0	0	0	0	0	0	0	69	0	0	0	0	4	0	0	0	0	0	1	0	0	0	0	0	0	0	0	0	0	17
assemblage-148-933	0	10	0	0	0	0	0	0	0	0	0	19	0	0	32	0	0	0	0	155	0	0	0	0	0	0	0	0	0	0	0	0	0	0	0	0	0	0	0	0	0	0	0	0	94	0	0	0	0	0	0	0	0	0	0	0	0	0	0	174	0	0	0	0	0	16
