Assemblage_Name	8747428-3-1	5817790-5514301-9885816	3-3-1642721	3-7661413-1	5817790-5514301-3155459	4812328-4911238-1201087	412298-1389117-7348078	1202764-1-7348078	412298-6024320-7348078	3701711-3797726-7472059	3750475-1545863-2	4020137-1-6611426	412298-1-1863776	3750475-1-7348078	3-4887293-1	7674605-1-7348078	3-2-2	3-3-6833937	6527948-1-7348078	3-3-1	3-3-3	4812328-3-6931415	412298-8001689-7348078	0-1-2	4812328-3-1642721	4750371-1-7348078	3-5514301-9885816	5325197-960067-6611426	808903-5514301-9885816	5109645-1-7348078	3701711-3-7472059	4750371-9626936-6611426	6400441-1-7348078	3750475-1-2	2-4-3	3750475-1-3805113	3-7867265-1	3-5514301-2041369	5817790-8245660-3155459	4812328-3-5249940	4110975-7554510-6611426	3750475-4162886-7348078	1-3407854-4	4812328-3-1201087	412298-1-7348078	7331916-3-1642721	4812328-3-99355	4750371-9626936-2449238	5898407-9626936-6611426	4812328-9514273-1201087	7674605-1-1139042	0-3620350-2	412298-1-2957559	1-4-4	4750371-9626936-4432969	5109645-4787791-7348078	412298-1-8002703	5325197-1-6611426	3423956-3-1201087	4750371-1-6611426	5325197-7554510-6611426	4067697-3-1201087	412298-2874353-7348078	412298-7080700-7348078	1123723-1-6611426	6019964-3-1
assemblage-157-926	0	0	439	0	0	0	0	0	0	0	0	0	0	0	0	0	0	0	0	20	0	0	0	0	0	0	0	0	0	0	0	0	0	0	0	0	0	0	0	0	0	0	11	0	10	0	0	0	0	0	0	0	0	0	0	0	0	0	0	0	0	0	0	0	0	20
assemblage-768-781	0	0	0	0	0	0	0	0	0	0	0	0	0	0	0	0	0	0	0	0	0	0	0	0	0	0	0	0	0	0	0	412	0	0	0	0	0	0	0	0	0	0	0	66	0	0	0	3	5	0	0	0	0	0	5	0	0	0	0	0	5	0	0	0	0	4
assemblage-603-636	0	0	0	0	0	0	0	0	0	0	0	0	0	0	0	0	0	0	0	0	0	0	0	0	0	0	0	0	0	0	0	133	0	0	0	0	0	0	0	0	0	0	0	12	0	0	206	0	0	0	0	0	0	0	65	0	0	77	0	0	0	0	0	0	0	7
assemblage-586-653	0	0	0	0	0	0	0	0	0	0	0	0	0	0	0	0	0	0	0	0	0	0	0	0	0	0	0	0	0	0	0	0	0	0	0	0	0	0	0	0	0	0	0	0	0	0	0	0	0	0	0	0	0	0	0	0	0	158	0	14	320	0	0	0	0	8
assemblage-601-535	0	0	0	0	0	0	0	0	0	0	0	0	0	0	0	0	0	0	0	19	0	0	55	0	0	0	0	0	0	28	0	0	0	0	0	0	0	0	0	0	0	0	0	0	374	0	0	0	0	0	0	0	0	0	0	0	0	0	0	0	0	0	0	0	0	24
assemblage-487-919	0	0	0	0	0	0	0	0	0	0	7	0	0	83	0	0	0	0	0	39	0	0	0	0	0	0	28	0	0	0	0	0	0	180	66	24	0	0	0	0	0	0	0	0	0	0	0	0	0	0	0	0	0	59	0	0	0	0	0	0	0	0	0	0	0	14
assemblage-402-252	0	0	0	0	0	0	0	0	0	0	0	0	0	0	0	0	0	0	0	391	0	0	0	0	0	0	0	0	0	0	0	0	0	0	6	0	0	0	0	0	0	0	0	0	0	0	0	0	0	0	0	6	0	69	0	0	0	0	0	0	0	0	0	0	0	28
assemblage-704-470	0	5	0	24	0	0	0	0	0	0	0	0	0	0	0	0	64	0	0	95	0	0	0	8	0	0	153	0	0	0	0	0	0	42	46	42	0	0	0	0	0	0	0	0	0	0	0	0	0	0	0	0	0	8	0	0	0	0	0	0	0	0	0	0	0	13
assemblage-498-925	0	0	0	0	0	0	0	0	0	0	12	0	0	72	0	0	0	0	0	46	0	0	0	0	0	0	23	0	0	0	0	0	0	186	62	27	0	0	0	0	0	0	0	0	0	0	0	0	0	0	0	0	0	47	0	0	0	0	0	0	0	0	0	0	0	25
assemblage-579-642	0	0	0	0	0	0	0	0	0	0	0	0	0	0	0	0	0	0	0	0	0	0	0	0	0	0	0	0	0	137	0	13	0	0	0	0	0	0	0	0	0	0	0	0	0	0	18	0	0	0	0	0	0	0	0	0	0	267	0	0	55	0	0	0	0	10
assemblage-963-275	0	0	0	0	0	0	0	0	0	0	0	0	0	50	0	0	0	0	0	267	0	0	0	0	0	0	19	0	0	0	0	0	0	0	0	0	0	15	0	0	0	0	0	0	18	0	0	0	0	0	0	0	0	92	0	0	0	0	0	0	0	0	0	0	0	39
assemblage-598-631	0	0	0	0	0	0	0	0	0	0	0	0	0	0	0	0	0	0	0	0	0	0	0	0	0	0	0	0	0	0	0	134	0	0	0	0	0	0	0	0	0	0	0	12	0	0	214	0	0	0	0	0	0	0	61	0	0	68	0	0	0	0	0	0	0	11
assemblage-606-537	0	130	59	0	24	0	0	0	0	0	0	0	0	0	0	0	0	0	0	43	0	0	0	0	0	11	0	0	0	0	0	0	0	0	0	0	0	0	0	0	0	0	23	0	193	0	0	0	0	0	0	0	5	0	0	0	0	0	0	0	0	0	0	0	0	12
assemblage-165-933	0	0	0	0	0	0	5	0	0	0	0	0	0	0	0	0	0	0	0	21	0	0	61	0	0	0	0	0	0	15	0	0	0	0	0	0	0	0	0	0	0	0	0	0	381	0	0	0	0	0	0	0	0	0	0	0	0	0	0	0	0	0	0	0	0	17
assemblage-493-921	0	0	0	0	0	0	0	0	0	0	10	0	0	64	0	0	0	0	0	55	0	0	0	0	0	0	25	0	0	0	0	0	0	183	59	35	0	0	0	0	0	0	0	0	0	0	0	0	0	0	0	0	0	51	0	0	0	0	0	0	0	0	0	0	0	18
assemblage-115-496	0	165	0	0	0	0	0	0	0	0	0	0	0	11	0	0	0	0	60	53	0	0	0	0	0	31	31	0	77	0	0	0	0	0	0	0	0	0	0	0	0	2	0	0	7	0	0	0	0	0	0	0	0	7	0	0	0	0	0	39	0	0	0	0	0	17
assemblage-215-414	0	0	42	0	0	0	0	0	0	0	0	0	0	0	0	0	0	0	0	0	0	0	0	0	61	0	0	0	0	5	0	0	0	0	0	0	0	0	0	0	0	0	0	0	203	0	122	0	0	0	0	0	0	0	0	0	6	22	0	19	0	0	0	0	0	20
assemblage-106-503	0	11	0	0	0	0	0	12	0	0	0	0	0	118	0	0	0	0	0	105	0	0	0	0	0	0	0	0	5	0	0	0	0	0	0	0	40	0	0	0	0	0	12	0	23	0	0	0	0	0	0	0	0	158	0	0	0	0	0	0	0	0	0	0	0	16
assemblage-931-516	0	8	0	0	0	0	0	0	0	0	0	0	0	9	0	0	0	0	0	23	23	0	0	70	0	0	0	0	0	0	0	0	0	40	153	0	0	0	0	0	0	0	0	0	0	0	0	0	0	0	0	0	0	159	0	0	0	0	0	0	0	0	0	0	0	15
assemblage-580-539	0	145	63	0	25	0	0	0	0	0	0	0	0	0	0	0	0	0	0	40	0	0	0	0	0	9	0	0	0	0	0	0	0	0	0	0	0	0	0	0	0	0	28	0	179	0	0	0	0	0	0	0	4	0	0	0	0	0	0	0	0	0	0	0	0	7
assemblage-377-173	0	0	0	0	0	0	0	0	0	0	0	0	0	0	0	0	0	0	0	0	0	0	0	0	0	0	0	0	0	0	0	0	0	0	0	0	0	0	0	0	0	0	0	289	0	0	0	0	0	80	0	0	0	0	0	0	0	105	0	0	7	0	0	0	0	19
assemblage-768-770	0	0	0	0	0	0	0	0	0	0	0	0	0	0	0	0	0	0	0	0	0	0	0	0	0	0	0	0	0	0	0	0	0	0	0	0	0	0	0	0	0	0	0	319	0	0	0	0	0	53	0	0	0	0	0	0	0	108	0	0	0	0	0	0	0	20
assemblage-393-178	0	0	0	0	0	14	0	0	0	0	0	0	0	0	0	0	0	0	0	0	0	3	0	0	0	0	0	0	0	0	0	9	0	0	0	0	0	0	0	0	0	0	0	266	0	0	0	0	0	0	0	0	0	0	33	0	0	0	0	0	158	0	0	0	0	17
assemblage-767-194	0	0	0	0	0	0	0	0	0	0	0	0	0	0	0	0	0	0	0	0	0	0	0	0	0	0	0	0	0	0	0	134	0	0	0	0	0	0	0	0	0	0	0	5	0	0	207	0	0	0	0	0	0	0	75	0	0	72	0	0	0	0	0	0	0	7
assemblage-174-925	0	6	0	0	0	0	0	0	0	0	0	0	0	0	0	0	0	0	0	11	0	0	47	0	0	0	0	0	0	26	0	0	0	0	0	0	0	0	0	0	0	0	0	0	384	0	0	0	0	0	0	0	0	0	0	0	0	0	0	4	0	0	0	0	0	22
assemblage-907-151	0	0	0	0	0	0	0	0	0	0	0	0	0	0	0	0	0	0	0	0	0	0	0	0	0	0	0	0	0	4	0	49	0	0	0	0	0	0	0	0	0	0	0	309	3	0	12	0	0	0	0	0	0	0	0	0	0	92	0	10	0	0	0	0	0	21
assemblage-382-196	0	0	0	0	0	0	0	0	0	0	0	0	0	0	0	0	0	0	0	0	0	0	0	0	0	0	0	0	0	0	0	0	0	0	0	0	0	0	0	0	0	0	0	326	0	0	0	0	0	70	0	0	0	0	0	0	0	86	0	0	0	0	0	0	0	18
assemblage-781-185	0	0	0	0	0	0	0	0	0	0	0	0	0	0	0	0	0	0	0	0	0	0	0	0	0	0	0	0	0	0	0	0	0	0	0	0	0	0	0	0	0	0	0	0	0	0	0	0	0	0	0	0	0	0	0	0	0	122	0	17	348	0	0	0	0	13
assemblage-210-589	0	5	0	0	0	0	0	0	0	0	0	14	0	0	25	0	0	0	0	145	0	0	0	0	0	0	0	0	0	0	0	0	0	0	0	0	0	0	0	0	0	0	0	0	104	0	0	0	0	0	0	0	0	0	0	0	0	0	0	195	0	0	0	0	0	12
