Assemblage_Name	1-945446-3132105	5244318-3-3	1-3-4449615	1-1-0	9785465-1479217-0	2702203-3-3	4-4586520-3	8670955-3-8184785	8670955-2671312-3	4712401-8332189-3	9824380-3-3	4-1-3	9573646-3-6789847	8670955-3-9360956	4-4586520-1303846	1-8332189-3	9785465-1-0	5683195-1245971-3	8670955-3-2100383	5088250-5324546-3	8670955-733388-3	4-1-3979581	4-1-5153745	4-1675223-3	1-945446-4400723	1294946-3-3	6130298-3-3	8670955-3-3	4490388-1-0	1-4-9814501	1372769-1-0	3-1-4	4971346-945446-2539368	8670955-1245971-3	8580900-1-8264491	1-2246949-0	4-1013526-3	1-945446-2539368	1046954-1381363-3	8670955-2912095-3	4-1-7317303	5244318-6269398-3	7126406-4586520-3	1-945446-4583433	1-3-3	1-3-0	4-321516-3	8670955-4425581-3	1-9192922-2539368	1046954-1245971-3	9400697-4586520-3	8670955-3-6789847	4-1049166-3	1-2612088-0	5536885-1-7317303	8670955-3-7231538	4-8034595-3	4-2480489-3	1-2226318-4	8670955-2388038-3	1-3-2539368	1-8846329-0	1-4-4	8580900-1-3	8670955-3-6280419	4-7726388-3	1-1-8587852	4-5324546-3	4-1-3581605	9915924-945446-2539368	5699641-4586520-3	1-3881736-3	273288-945446-2539368	4-9064086-3	5933336-1245971-3	1-945446-3035968
assemblage-163-932	0	0	0	0	0	0	0	0	0	0	0	84	0	0	0	17	0	0	0	0	0	0	0	0	0	0	0	0	0	0	0	0	0	0	0	0	0	377	0	0	0	0	0	0	4	0	0	0	0	0	0	0	0	0	0	0	0	0	0	0	0	7	0	0	0	0	0	0	0	0	0	0	0	0	0	11
assemblage-973-309	0	0	0	0	0	0	0	0	0	0	0	53	0	0	0	0	113	0	0	0	0	0	0	0	0	0	0	0	0	0	0	0	0	0	0	0	0	0	0	0	0	0	0	0	0	0	0	0	0	0	0	0	0	122	0	0	0	0	0	0	0	194	0	0	0	0	0	0	0	0	0	0	0	0	0	18
assemblage-386-263	0	0	0	33	0	0	0	0	0	0	0	105	0	0	0	0	0	0	0	0	0	0	0	0	0	0	0	0	0	47	16	0	0	0	20	0	0	0	0	0	0	0	0	0	0	12	0	0	0	0	0	0	0	0	0	0	0	0	34	0	0	0	195	0	0	0	0	0	6	0	0	0	0	0	0	32
assemblage-479-922	0	0	0	0	0	0	0	0	0	0	0	332	0	0	0	0	0	0	0	0	0	0	0	0	0	0	0	0	0	0	0	0	0	0	24	0	0	0	0	0	0	0	0	0	0	7	0	0	0	0	0	0	0	0	0	0	0	0	0	0	0	0	0	100	0	0	0	0	16	0	0	0	0	0	0	21
assemblage-603-648	179	0	0	0	0	0	0	0	0	0	0	0	0	0	0	0	0	0	0	0	0	0	0	0	0	0	0	11	0	0	0	0	0	130	0	0	0	125	0	0	0	0	0	0	0	0	0	0	0	0	0	32	0	0	0	0	0	0	0	0	0	0	0	0	0	0	0	0	0	0	0	0	0	0	0	23
assemblage-384-265	0	0	0	25	0	0	0	0	0	0	0	110	0	0	0	0	0	0	0	0	0	0	0	0	0	0	0	0	0	47	13	0	0	0	21	0	0	0	0	0	0	0	0	0	0	31	0	0	0	0	0	0	0	0	0	0	0	0	20	0	0	0	209	0	0	0	0	0	0	0	0	0	0	0	0	24
assemblage-694-439	0	0	0	269	0	0	0	0	0	0	0	0	0	0	0	0	8	0	0	0	0	0	0	0	0	0	0	0	15	0	0	39	0	0	0	0	0	0	0	0	0	0	0	0	0	106	0	0	0	0	0	0	0	0	0	0	0	0	0	0	0	42	0	0	0	0	0	0	0	0	0	0	0	0	0	21
assemblage-716-134	29	0	0	0	0	0	91	0	0	0	0	0	0	0	17	0	0	0	0	0	0	0	0	0	0	0	0	0	0	0	0	0	0	28	0	0	0	293	0	19	0	0	0	0	0	0	0	0	0	0	0	0	0	0	0	0	0	0	0	0	0	0	0	0	0	0	0	0	0	0	0	0	0	0	0	23
assemblage-601-535	0	0	0	0	0	0	0	0	0	0	0	49	0	0	0	23	0	0	0	0	0	0	0	0	0	0	0	0	0	0	0	0	0	0	0	0	0	403	0	0	0	0	0	0	6	0	0	0	0	0	0	0	0	0	0	0	0	0	0	0	0	10	0	0	0	0	0	0	0	0	0	0	0	0	0	9
assemblage-389-839	6	0	0	0	0	0	0	0	0	0	0	0	0	12	0	0	0	67	0	0	0	0	0	0	13	0	0	122	0	0	0	0	0	8	0	0	0	12	15	0	0	0	0	0	0	0	0	0	0	48	0	0	0	0	0	0	0	0	0	0	0	0	0	0	180	0	0	0	0	0	0	0	0	0	0	17
assemblage-151-925	0	9	0	0	0	0	69	0	0	28	0	246	0	0	0	29	0	0	0	0	0	0	19	0	0	0	7	0	0	0	0	0	0	0	0	0	0	0	0	0	0	0	0	0	32	0	0	0	0	0	0	0	0	0	0	0	0	0	0	0	0	24	0	0	0	0	0	10	0	0	0	0	0	0	0	27
assemblage-498-925	0	0	0	4	0	0	0	0	0	0	0	332	0	0	0	0	0	0	0	0	0	0	0	0	0	0	0	0	0	0	0	0	0	0	31	0	0	0	0	0	0	0	0	0	10	11	0	0	0	0	0	0	0	0	0	0	0	0	0	0	0	0	0	92	0	0	0	0	11	0	0	0	0	0	0	9
assemblage-564-992	51	0	0	0	0	0	93	0	0	0	0	13	0	0	0	0	0	0	11	0	0	0	0	0	0	0	0	104	0	0	0	0	0	36	0	0	0	136	0	9	3	0	0	0	0	0	0	0	6	0	0	10	0	0	0	0	0	0	0	0	0	0	0	0	0	4	0	0	0	0	0	0	0	0	0	24
assemblage-606-537	0	235	0	0	0	0	0	0	0	0	0	48	0	0	0	143	0	0	0	0	0	0	0	0	0	0	0	0	0	0	0	0	0	0	0	0	0	0	0	0	0	17	0	0	20	0	0	0	0	0	0	0	0	0	0	0	0	0	0	0	0	6	0	0	0	0	0	0	0	0	0	21	0	0	0	10
assemblage-405-159	24	0	0	0	0	0	0	0	0	0	0	0	0	7	0	0	0	55	0	0	0	0	0	0	12	0	0	153	0	0	0	0	0	6	0	0	0	16	13	0	0	0	0	0	0	0	0	0	0	48	0	0	0	0	0	0	0	0	0	0	0	0	0	0	140	0	0	0	0	0	0	0	0	0	0	26
assemblage-894-155	0	0	0	0	0	0	23	0	0	0	0	0	0	0	0	0	0	0	53	0	0	0	0	0	0	0	0	343	0	0	0	0	0	0	0	0	0	0	0	19	26	0	0	0	0	0	0	0	0	0	0	0	0	0	0	0	0	0	0	0	0	0	0	0	0	11	0	0	0	0	0	0	0	0	0	25
assemblage-266-319	0	15	0	0	0	0	21	42	0	0	0	15	0	0	0	10	0	0	0	0	0	0	0	0	0	0	0	290	0	0	0	0	0	0	0	0	0	53	0	0	0	0	0	0	0	0	0	0	0	0	0	30	0	0	0	0	0	0	0	0	0	0	0	0	0	0	0	0	0	0	0	0	0	0	0	24
assemblage-471-468	0	0	0	0	0	0	0	0	0	0	0	376	0	0	0	20	0	0	0	0	0	0	0	0	0	0	0	0	0	0	0	0	0	0	0	0	0	43	0	0	0	0	0	0	0	0	0	0	0	0	0	0	0	0	0	0	0	0	0	0	0	44	0	0	0	0	0	0	0	0	0	0	0	0	0	17
assemblage-603-636	193	0	0	0	0	0	0	0	0	0	0	0	0	0	0	0	0	0	0	0	0	0	0	0	0	0	0	12	0	0	0	0	0	143	0	0	0	119	0	0	0	0	0	0	0	0	0	0	0	0	0	27	0	0	0	0	0	0	0	0	0	0	0	0	0	0	0	0	0	0	0	0	0	0	0	6
assemblage-264-322	0	16	0	0	0	0	188	0	0	0	0	173	0	0	0	0	0	0	0	0	0	0	0	0	0	0	0	0	0	0	0	0	0	0	0	0	0	76	0	0	0	0	0	0	0	0	0	0	0	0	0	0	0	0	0	0	0	0	0	0	0	0	0	0	0	28	0	0	0	0	0	0	0	0	0	19
assemblage-591-641	0	0	0	0	0	0	10	0	0	0	0	0	0	0	0	0	0	0	0	0	0	0	0	0	0	0	0	23	0	0	0	0	6	0	0	0	0	398	0	0	0	0	17	0	0	0	0	0	22	0	0	0	0	0	0	0	0	0	0	0	0	0	0	0	0	0	0	0	0	0	0	0	0	0	0	24
assemblage-485-929	0	0	0	5	0	0	0	0	0	0	0	329	0	0	0	0	0	0	0	0	0	0	0	0	0	0	0	0	0	0	0	0	0	0	21	0	0	0	0	0	0	0	0	0	6	0	0	0	0	0	0	0	0	0	0	0	0	0	0	0	0	0	0	103	0	0	0	0	11	0	0	0	0	0	0	25
assemblage-600-534	0	266	0	0	0	0	0	0	0	0	0	48	0	0	0	126	0	0	0	0	0	0	0	0	0	0	0	0	0	0	0	0	0	0	0	0	0	0	0	0	0	19	0	0	9	0	0	0	0	0	0	0	0	0	0	0	0	0	0	0	0	0	0	0	0	0	0	0	0	0	0	20	0	0	0	12
assemblage-948-525	0	0	30	6	0	70	0	0	0	0	0	24	0	0	0	0	0	0	0	0	0	0	0	0	0	0	0	0	0	0	0	0	0	0	0	0	0	0	0	0	0	0	0	0	304	33	0	0	0	0	0	0	0	0	0	0	0	0	0	0	0	0	0	0	0	0	0	0	0	0	0	0	0	0	0	33
assemblage-781-776	29	0	0	0	0	0	92	0	0	0	0	0	0	0	0	0	0	18	0	0	9	0	0	0	36	7	0	48	0	0	0	0	0	39	0	0	0	81	0	48	0	0	0	4	0	0	0	0	0	14	0	0	0	0	0	0	0	0	0	7	0	0	0	0	31	0	0	0	0	0	0	0	0	0	0	37
assemblage-448-666	0	12	0	0	0	0	209	0	0	0	0	151	0	0	0	0	0	0	0	0	0	0	0	0	0	0	0	0	0	0	0	0	0	0	0	0	0	75	0	0	0	0	0	0	0	0	0	0	0	0	0	0	0	0	0	0	0	0	0	0	0	0	0	0	0	37	0	0	0	0	0	0	0	0	0	16
assemblage-382-196	13	0	0	0	0	0	66	0	0	0	0	0	0	0	0	0	0	0	0	0	32	0	0	0	115	28	0	37	0	0	0	0	0	155	0	0	0	0	0	0	0	0	0	39	0	0	0	0	0	0	0	0	0	0	0	0	0	0	0	0	0	0	0	0	0	0	0	0	0	0	0	0	0	0	0	15
assemblage-379-264	0	0	0	19	0	0	0	0	0	0	0	107	0	0	0	0	0	0	0	0	0	0	0	0	0	0	0	0	0	29	14	0	0	0	17	0	0	0	0	0	0	0	0	0	10	26	0	0	0	0	0	0	0	0	0	0	0	0	44	0	0	0	202	0	0	0	0	0	8	0	0	0	0	0	0	24
assemblage-781-185	0	0	0	0	0	0	5	0	0	0	0	0	0	0	0	0	0	0	0	0	0	0	0	0	0	0	0	31	0	0	0	0	17	0	0	0	0	383	0	0	0	0	12	0	0	0	0	0	23	0	0	0	0	0	0	0	0	0	0	0	0	0	0	0	0	0	0	0	0	7	0	0	0	0	0	22
assemblage-381-173	25	0	0	0	0	0	74	0	0	0	0	0	0	0	18	0	0	0	0	0	0	0	0	0	0	0	0	0	0	0	0	0	0	29	0	0	0	307	0	30	0	0	0	0	0	0	0	0	0	0	0	0	0	0	0	0	0	0	0	0	0	0	0	0	0	0	0	0	0	0	0	0	0	0	0	17
