Seriation_Number	Assemblage	862211-1729800-1742992	0-14812-8255003	2-1-5446902	2-2531265-3122656	4891257-6235494-1	2-5576476-7385550	4-9455244-2	4303260-14812-1	2-3105947-7385550	3196169-1-7385550	4891257-14812-4532120	161948-1-7385550	2-1-9727676	2475771-5223666-7385550	2-1-0	2-1-5825054	2-1-9407406	3196169-1-6304792	2-1-2815891	5510931-5223666-7385550	0-1-0	2857759-767242-502771	862211-5223666-1742992	8215964-5223666-1742992	2-7113728-7385550	2-7534518-502771	3515182-14812-1	4891257-5549827-4532120	862211-5223666-7385550	2-767242-502771	1-2-1	2-1-7385550	1625107-1-7385550	4891257-6235494-5443817	332280-2-1	4891257-6235494-1839160	0-14812-1	332280-3154212-1300176	0-210606-0	8138686-2-1	0-1859523-1	4552811-594918-502771	0-3-1	2-2-0	5514943-594918-502771	862211-1-7385550	332280-4770691-1300176	2-2185357-7385550	0-2-4	2-3682254-7385550	3196169-2160320-6304792	332280-2-1300176	4-2-2	862211-8891933-7385550	7940317-1-7385550	2485473-5223666-1742992	2-1-7374064	1403749-1-0	7658810-1-7385550	332280-2715622-1300176	2-4152366-0	2-2899381-5825054	4891257-7955277-1	4891257-6235494-8354785	6190920-5223666-7385550	2-1-2100236	6804377-5223666-7385550	4552811-9218591-502771	2-1-5525248	2-1-6259065	2-6341349-0	4891257-14812-1	4891257-2402177-1	2-69253-0	2-594918-502771	2-5894104-7385550
1	assemblage-708-786	0	0	0	0	0	0	0	0	0	0	0	0	0	0	0	0	0	0	0	0	0	0	0	0	0	0	0	0	0	0	0	0	0	0	163	0	0	13	0	0	0	0	0	154	0	0	0	0	0	0	0	136	0	0	0	0	0	0	0	9	6	0	0	0	0	0	0	0	0	0	0	0	0	0	0	19
1	assemblage-360-511	0	0	0	0	0	33	0	0	0	154	0	0	0	0	0	0	0	0	0	0	0	0	0	0	7	0	0	0	0	0	0	257	0	0	0	0	0	0	0	0	0	0	0	0	2	17	0	0	0	0	0	0	0	0	0	0	0	0	0	0	0	0	0	0	0	0	0	0	0	0	0	5	0	0	10	15
1	assemblage-477-531	0	0	0	0	9	0	0	0	0	6	0	0	0	0	0	0	0	0	0	0	0	0	72	0	0	0	0	0	51	0	0	150	0	0	0	0	0	0	0	0	0	0	0	0	0	36	0	0	0	0	0	0	0	0	0	0	0	0	0	0	0	0	0	0	0	0	0	0	0	0	0	165	0	0	0	11

2	assemblage-708-786	0	0	0	0	0	0	0	0	0	0	0	0	0	0	0	0	0	0	0	0	0	0	0	0	0	0	0	0	0	0	0	0	0	0	163	0	0	13	0	0	0	0	0	154	0	0	0	0	0	0	0	136	0	0	0	0	0	0	0	9	6	0	0	0	0	0	0	0	0	0	0	0	0	0	0	19
2	assemblage-261-408	0	0	0	0	0	0	0	0	0	0	0	0	0	0	118	0	0	0	0	0	0	0	0	0	0	0	0	0	0	0	0	262	0	0	4	0	0	0	0	0	35	0	20	0	0	0	0	0	0	0	0	0	0	0	0	0	0	0	0	0	11	0	0	0	0	0	0	0	0	0	0	35	0	0	0	15
2	assemblage-477-531	0	0	0	0	9	0	0	0	0	6	0	0	0	0	0	0	0	0	0	0	0	0	72	0	0	0	0	0	51	0	0	150	0	0	0	0	0	0	0	0	0	0	0	0	0	36	0	0	0	0	0	0	0	0	0	0	0	0	0	0	0	0	0	0	0	0	0	0	0	0	0	165	0	0	0	11

3	assemblage-708-786	0	0	0	0	0	0	0	0	0	0	0	0	0	0	0	0	0	0	0	0	0	0	0	0	0	0	0	0	0	0	0	0	0	0	163	0	0	13	0	0	0	0	0	154	0	0	0	0	0	0	0	136	0	0	0	0	0	0	0	9	6	0	0	0	0	0	0	0	0	0	0	0	0	0	0	19
3	assemblage-261-408	0	0	0	0	0	0	0	0	0	0	0	0	0	0	118	0	0	0	0	0	0	0	0	0	0	0	0	0	0	0	0	262	0	0	4	0	0	0	0	0	35	0	20	0	0	0	0	0	0	0	0	0	0	0	0	0	0	0	0	0	11	0	0	0	0	0	0	0	0	0	0	35	0	0	0	15
3	assemblage-360-511	0	0	0	0	0	33	0	0	0	154	0	0	0	0	0	0	0	0	0	0	0	0	0	0	7	0	0	0	0	0	0	257	0	0	0	0	0	0	0	0	0	0	0	0	2	17	0	0	0	0	0	0	0	0	0	0	0	0	0	0	0	0	0	0	0	0	0	0	0	0	0	5	0	0	10	15

4	assemblage-362-519	0	0	0	0	0	0	0	0	0	0	0	0	0	0	0	0	0	0	0	0	0	0	11	0	0	0	0	0	41	0	0	110	12	0	0	0	0	0	0	0	0	0	0	0	5	217	0	0	0	0	0	0	0	0	0	0	0	0	0	0	0	0	0	0	0	0	0	0	0	0	0	55	0	0	34	15
4	assemblage-360-511	0	0	0	0	0	33	0	0	0	154	0	0	0	0	0	0	0	0	0	0	0	0	0	0	7	0	0	0	0	0	0	257	0	0	0	0	0	0	0	0	0	0	0	0	2	17	0	0	0	0	0	0	0	0	0	0	0	0	0	0	0	0	0	0	0	0	0	0	0	0	0	5	0	0	10	15
4	assemblage-920-847	0	0	0	0	0	0	0	0	0	0	0	0	0	0	339	0	0	0	0	0	0	0	0	0	0	0	0	0	0	0	0	0	0	0	8	0	0	0	0	0	0	0	0	0	0	0	0	0	0	0	0	0	0	0	0	0	106	0	0	0	19	0	0	0	0	0	0	0	0	0	0	0	0	5	0	23

5	assemblage-362-519	0	0	0	0	0	0	0	0	0	0	0	0	0	0	0	0	0	0	0	0	0	0	11	0	0	0	0	0	41	0	0	110	12	0	0	0	0	0	0	0	0	0	0	0	5	217	0	0	0	0	0	0	0	0	0	0	0	0	0	0	0	0	0	0	0	0	0	0	0	0	0	55	0	0	34	15
5	assemblage-261-408	0	0	0	0	0	0	0	0	0	0	0	0	0	0	118	0	0	0	0	0	0	0	0	0	0	0	0	0	0	0	0	262	0	0	4	0	0	0	0	0	35	0	20	0	0	0	0	0	0	0	0	0	0	0	0	0	0	0	0	0	11	0	0	0	0	0	0	0	0	0	0	35	0	0	0	15
5	assemblage-920-847	0	0	0	0	0	0	0	0	0	0	0	0	0	0	339	0	0	0	0	0	0	0	0	0	0	0	0	0	0	0	0	0	0	0	8	0	0	0	0	0	0	0	0	0	0	0	0	0	0	0	0	0	0	0	0	0	106	0	0	0	19	0	0	0	0	0	0	0	0	0	0	0	0	5	0	23

6	assemblage-507-342	0	0	0	0	0	0	0	0	8	0	0	0	0	0	0	0	0	0	0	0	0	0	0	0	16	0	0	9	0	0	0	374	0	0	0	0	0	0	0	0	0	0	0	0	0	45	0	0	0	0	0	11	0	0	0	0	0	0	0	0	0	0	0	0	0	0	0	0	0	0	0	0	0	0	0	37
6	assemblage-261-408	0	0	0	0	0	0	0	0	0	0	0	0	0	0	118	0	0	0	0	0	0	0	0	0	0	0	0	0	0	0	0	262	0	0	4	0	0	0	0	0	35	0	20	0	0	0	0	0	0	0	0	0	0	0	0	0	0	0	0	0	11	0	0	0	0	0	0	0	0	0	0	35	0	0	0	15
6	assemblage-619-223	0	0	0	0	0	0	0	0	0	0	0	0	0	0	0	0	0	0	0	0	0	0	0	0	0	0	0	0	0	0	0	0	0	0	159	0	0	0	0	0	0	0	0	36	0	0	0	0	0	0	0	0	0	0	0	0	0	0	0	0	0	0	0	0	0	0	0	0	0	0	0	289	0	0	0	16

7	assemblage-507-342	0	0	0	0	0	0	0	0	8	0	0	0	0	0	0	0	0	0	0	0	0	0	0	0	16	0	0	9	0	0	0	374	0	0	0	0	0	0	0	0	0	0	0	0	0	45	0	0	0	0	0	11	0	0	0	0	0	0	0	0	0	0	0	0	0	0	0	0	0	0	0	0	0	0	0	37
7	assemblage-708-786	0	0	0	0	0	0	0	0	0	0	0	0	0	0	0	0	0	0	0	0	0	0	0	0	0	0	0	0	0	0	0	0	0	0	163	0	0	13	0	0	0	0	0	154	0	0	0	0	0	0	0	136	0	0	0	0	0	0	0	9	6	0	0	0	0	0	0	0	0	0	0	0	0	0	0	19
7	assemblage-619-223	0	0	0	0	0	0	0	0	0	0	0	0	0	0	0	0	0	0	0	0	0	0	0	0	0	0	0	0	0	0	0	0	0	0	159	0	0	0	0	0	0	0	0	36	0	0	0	0	0	0	0	0	0	0	0	0	0	0	0	0	0	0	0	0	0	0	0	0	0	0	0	289	0	0	0	16

8	assemblage-262-403	0	0	0	0	0	0	0	0	0	0	0	0	0	0	112	14	0	0	0	0	9	0	0	0	0	0	0	0	0	0	0	0	0	0	230	0	0	0	0	0	0	0	14	29	0	0	0	0	0	0	0	0	0	0	0	0	0	8	0	0	54	15	0	0	0	0	0	0	0	0	0	0	0	0	0	15
8	assemblage-360-511	0	0	0	0	0	33	0	0	0	154	0	0	0	0	0	0	0	0	0	0	0	0	0	0	7	0	0	0	0	0	0	257	0	0	0	0	0	0	0	0	0	0	0	0	2	17	0	0	0	0	0	0	0	0	0	0	0	0	0	0	0	0	0	0	0	0	0	0	0	0	0	5	0	0	10	15
8	assemblage-477-531	0	0	0	0	9	0	0	0	0	6	0	0	0	0	0	0	0	0	0	0	0	0	72	0	0	0	0	0	51	0	0	150	0	0	0	0	0	0	0	0	0	0	0	0	0	36	0	0	0	0	0	0	0	0	0	0	0	0	0	0	0	0	0	0	0	0	0	0	0	0	0	165	0	0	0	11

9	assemblage-262-403	0	0	0	0	0	0	0	0	0	0	0	0	0	0	112	14	0	0	0	0	9	0	0	0	0	0	0	0	0	0	0	0	0	0	230	0	0	0	0	0	0	0	14	29	0	0	0	0	0	0	0	0	0	0	0	0	0	8	0	0	54	15	0	0	0	0	0	0	0	0	0	0	0	0	0	15
9	assemblage-261-408	0	0	0	0	0	0	0	0	0	0	0	0	0	0	118	0	0	0	0	0	0	0	0	0	0	0	0	0	0	0	0	262	0	0	4	0	0	0	0	0	35	0	20	0	0	0	0	0	0	0	0	0	0	0	0	0	0	0	0	0	11	0	0	0	0	0	0	0	0	0	0	35	0	0	0	15
9	assemblage-477-531	0	0	0	0	9	0	0	0	0	6	0	0	0	0	0	0	0	0	0	0	0	0	72	0	0	0	0	0	51	0	0	150	0	0	0	0	0	0	0	0	0	0	0	0	0	36	0	0	0	0	0	0	0	0	0	0	0	0	0	0	0	0	0	0	0	0	0	0	0	0	0	165	0	0	0	11

10	assemblage-262-403	0	0	0	0	0	0	0	0	0	0	0	0	0	0	112	14	0	0	0	0	9	0	0	0	0	0	0	0	0	0	0	0	0	0	230	0	0	0	0	0	0	0	14	29	0	0	0	0	0	0	0	0	0	0	0	0	0	8	0	0	54	15	0	0	0	0	0	0	0	0	0	0	0	0	0	15
10	assemblage-261-408	0	0	0	0	0	0	0	0	0	0	0	0	0	0	118	0	0	0	0	0	0	0	0	0	0	0	0	0	0	0	0	262	0	0	4	0	0	0	0	0	35	0	20	0	0	0	0	0	0	0	0	0	0	0	0	0	0	0	0	0	11	0	0	0	0	0	0	0	0	0	0	35	0	0	0	15
10	assemblage-360-511	0	0	0	0	0	33	0	0	0	154	0	0	0	0	0	0	0	0	0	0	0	0	0	0	7	0	0	0	0	0	0	257	0	0	0	0	0	0	0	0	0	0	0	0	2	17	0	0	0	0	0	0	0	0	0	0	0	0	0	0	0	0	0	0	0	0	0	0	0	0	0	5	0	0	10	15

11	assemblage-262-403	0	0	0	0	0	0	0	0	0	0	0	0	0	0	112	14	0	0	0	0	9	0	0	0	0	0	0	0	0	0	0	0	0	0	230	0	0	0	0	0	0	0	14	29	0	0	0	0	0	0	0	0	0	0	0	0	0	8	0	0	54	15	0	0	0	0	0	0	0	0	0	0	0	0	0	15
11	assemblage-708-786	0	0	0	0	0	0	0	0	0	0	0	0	0	0	0	0	0	0	0	0	0	0	0	0	0	0	0	0	0	0	0	0	0	0	163	0	0	13	0	0	0	0	0	154	0	0	0	0	0	0	0	136	0	0	0	0	0	0	0	9	6	0	0	0	0	0	0	0	0	0	0	0	0	0	0	19
11	assemblage-619-223	0	0	0	0	0	0	0	0	0	0	0	0	0	0	0	0	0	0	0	0	0	0	0	0	0	0	0	0	0	0	0	0	0	0	159	0	0	0	0	0	0	0	0	36	0	0	0	0	0	0	0	0	0	0	0	0	0	0	0	0	0	0	0	0	0	0	0	0	0	0	0	289	0	0	0	16

12	assemblage-262-403	0	0	0	0	0	0	0	0	0	0	0	0	0	0	112	14	0	0	0	0	9	0	0	0	0	0	0	0	0	0	0	0	0	0	230	0	0	0	0	0	0	0	14	29	0	0	0	0	0	0	0	0	0	0	0	0	0	8	0	0	54	15	0	0	0	0	0	0	0	0	0	0	0	0	0	15
12	assemblage-708-786	0	0	0	0	0	0	0	0	0	0	0	0	0	0	0	0	0	0	0	0	0	0	0	0	0	0	0	0	0	0	0	0	0	0	163	0	0	13	0	0	0	0	0	154	0	0	0	0	0	0	0	136	0	0	0	0	0	0	0	9	6	0	0	0	0	0	0	0	0	0	0	0	0	0	0	19
12	assemblage-477-531	0	0	0	0	9	0	0	0	0	6	0	0	0	0	0	0	0	0	0	0	0	0	72	0	0	0	0	0	51	0	0	150	0	0	0	0	0	0	0	0	0	0	0	0	0	36	0	0	0	0	0	0	0	0	0	0	0	0	0	0	0	0	0	0	0	0	0	0	0	0	0	165	0	0	0	11

13	assemblage-262-403	0	0	0	0	0	0	0	0	0	0	0	0	0	0	112	14	0	0	0	0	9	0	0	0	0	0	0	0	0	0	0	0	0	0	230	0	0	0	0	0	0	0	14	29	0	0	0	0	0	0	0	0	0	0	0	0	0	8	0	0	54	15	0	0	0	0	0	0	0	0	0	0	0	0	0	15
13	assemblage-708-786	0	0	0	0	0	0	0	0	0	0	0	0	0	0	0	0	0	0	0	0	0	0	0	0	0	0	0	0	0	0	0	0	0	0	163	0	0	13	0	0	0	0	0	154	0	0	0	0	0	0	0	136	0	0	0	0	0	0	0	9	6	0	0	0	0	0	0	0	0	0	0	0	0	0	0	19
13	assemblage-360-511	0	0	0	0	0	33	0	0	0	154	0	0	0	0	0	0	0	0	0	0	0	0	0	0	7	0	0	0	0	0	0	257	0	0	0	0	0	0	0	0	0	0	0	0	2	17	0	0	0	0	0	0	0	0	0	0	0	0	0	0	0	0	0	0	0	0	0	0	0	0	0	5	0	0	10	15

14	assemblage-262-403	0	0	0	0	0	0	0	0	0	0	0	0	0	0	112	14	0	0	0	0	9	0	0	0	0	0	0	0	0	0	0	0	0	0	230	0	0	0	0	0	0	0	14	29	0	0	0	0	0	0	0	0	0	0	0	0	0	8	0	0	54	15	0	0	0	0	0	0	0	0	0	0	0	0	0	15
14	assemblage-708-786	0	0	0	0	0	0	0	0	0	0	0	0	0	0	0	0	0	0	0	0	0	0	0	0	0	0	0	0	0	0	0	0	0	0	163	0	0	13	0	0	0	0	0	154	0	0	0	0	0	0	0	136	0	0	0	0	0	0	0	9	6	0	0	0	0	0	0	0	0	0	0	0	0	0	0	19
14	assemblage-685-371	0	0	0	0	0	0	0	0	0	0	0	0	0	0	0	0	0	0	0	0	0	0	0	0	30	0	0	0	0	0	0	44	0	0	0	0	0	0	0	0	0	0	0	0	10	22	0	0	0	0	9	0	0	0	0	0	0	0	0	0	0	0	0	0	0	0	0	0	0	0	0	359	17	0	0	9

15	assemblage-262-403	0	0	0	0	0	0	0	0	0	0	0	0	0	0	112	14	0	0	0	0	9	0	0	0	0	0	0	0	0	0	0	0	0	0	230	0	0	0	0	0	0	0	14	29	0	0	0	0	0	0	0	0	0	0	0	0	0	8	0	0	54	15	0	0	0	0	0	0	0	0	0	0	0	0	0	15
15	assemblage-362-519	0	0	0	0	0	0	0	0	0	0	0	0	0	0	0	0	0	0	0	0	0	0	11	0	0	0	0	0	41	0	0	110	12	0	0	0	0	0	0	0	0	0	0	0	5	217	0	0	0	0	0	0	0	0	0	0	0	0	0	0	0	0	0	0	0	0	0	0	0	0	0	55	0	0	34	15
15	assemblage-477-531	0	0	0	0	9	0	0	0	0	6	0	0	0	0	0	0	0	0	0	0	0	0	72	0	0	0	0	0	51	0	0	150	0	0	0	0	0	0	0	0	0	0	0	0	0	36	0	0	0	0	0	0	0	0	0	0	0	0	0	0	0	0	0	0	0	0	0	0	0	0	0	165	0	0	0	11

16	assemblage-262-403	0	0	0	0	0	0	0	0	0	0	0	0	0	0	112	14	0	0	0	0	9	0	0	0	0	0	0	0	0	0	0	0	0	0	230	0	0	0	0	0	0	0	14	29	0	0	0	0	0	0	0	0	0	0	0	0	0	8	0	0	54	15	0	0	0	0	0	0	0	0	0	0	0	0	0	15
16	assemblage-362-519	0	0	0	0	0	0	0	0	0	0	0	0	0	0	0	0	0	0	0	0	0	0	11	0	0	0	0	0	41	0	0	110	12	0	0	0	0	0	0	0	0	0	0	0	5	217	0	0	0	0	0	0	0	0	0	0	0	0	0	0	0	0	0	0	0	0	0	0	0	0	0	55	0	0	34	15
16	assemblage-360-511	0	0	0	0	0	33	0	0	0	154	0	0	0	0	0	0	0	0	0	0	0	0	0	0	7	0	0	0	0	0	0	257	0	0	0	0	0	0	0	0	0	0	0	0	2	17	0	0	0	0	0	0	0	0	0	0	0	0	0	0	0	0	0	0	0	0	0	0	0	0	0	5	0	0	10	15

17	assemblage-262-403	0	0	0	0	0	0	0	0	0	0	0	0	0	0	112	14	0	0	0	0	9	0	0	0	0	0	0	0	0	0	0	0	0	0	230	0	0	0	0	0	0	0	14	29	0	0	0	0	0	0	0	0	0	0	0	0	0	8	0	0	54	15	0	0	0	0	0	0	0	0	0	0	0	0	0	15
17	assemblage-362-519	0	0	0	0	0	0	0	0	0	0	0	0	0	0	0	0	0	0	0	0	0	0	11	0	0	0	0	0	41	0	0	110	12	0	0	0	0	0	0	0	0	0	0	0	5	217	0	0	0	0	0	0	0	0	0	0	0	0	0	0	0	0	0	0	0	0	0	0	0	0	0	55	0	0	34	15
17	assemblage-685-371	0	0	0	0	0	0	0	0	0	0	0	0	0	0	0	0	0	0	0	0	0	0	0	0	30	0	0	0	0	0	0	44	0	0	0	0	0	0	0	0	0	0	0	0	10	22	0	0	0	0	9	0	0	0	0	0	0	0	0	0	0	0	0	0	0	0	0	0	0	0	0	359	17	0	0	9

18	assemblage-262-403	0	0	0	0	0	0	0	0	0	0	0	0	0	0	112	14	0	0	0	0	9	0	0	0	0	0	0	0	0	0	0	0	0	0	230	0	0	0	0	0	0	0	14	29	0	0	0	0	0	0	0	0	0	0	0	0	0	8	0	0	54	15	0	0	0	0	0	0	0	0	0	0	0	0	0	15
18	assemblage-507-342	0	0	0	0	0	0	0	0	8	0	0	0	0	0	0	0	0	0	0	0	0	0	0	0	16	0	0	9	0	0	0	374	0	0	0	0	0	0	0	0	0	0	0	0	0	45	0	0	0	0	0	11	0	0	0	0	0	0	0	0	0	0	0	0	0	0	0	0	0	0	0	0	0	0	0	37
18	assemblage-477-531	0	0	0	0	9	0	0	0	0	6	0	0	0	0	0	0	0	0	0	0	0	0	72	0	0	0	0	0	51	0	0	150	0	0	0	0	0	0	0	0	0	0	0	0	0	36	0	0	0	0	0	0	0	0	0	0	0	0	0	0	0	0	0	0	0	0	0	0	0	0	0	165	0	0	0	11

19	assemblage-262-403	0	0	0	0	0	0	0	0	0	0	0	0	0	0	112	14	0	0	0	0	9	0	0	0	0	0	0	0	0	0	0	0	0	0	230	0	0	0	0	0	0	0	14	29	0	0	0	0	0	0	0	0	0	0	0	0	0	8	0	0	54	15	0	0	0	0	0	0	0	0	0	0	0	0	0	15
19	assemblage-507-342	0	0	0	0	0	0	0	0	8	0	0	0	0	0	0	0	0	0	0	0	0	0	0	0	16	0	0	9	0	0	0	374	0	0	0	0	0	0	0	0	0	0	0	0	0	45	0	0	0	0	0	11	0	0	0	0	0	0	0	0	0	0	0	0	0	0	0	0	0	0	0	0	0	0	0	37
19	assemblage-360-511	0	0	0	0	0	33	0	0	0	154	0	0	0	0	0	0	0	0	0	0	0	0	0	0	7	0	0	0	0	0	0	257	0	0	0	0	0	0	0	0	0	0	0	0	2	17	0	0	0	0	0	0	0	0	0	0	0	0	0	0	0	0	0	0	0	0	0	0	0	0	0	5	0	0	10	15

20	assemblage-262-403	0	0	0	0	0	0	0	0	0	0	0	0	0	0	112	14	0	0	0	0	9	0	0	0	0	0	0	0	0	0	0	0	0	0	230	0	0	0	0	0	0	0	14	29	0	0	0	0	0	0	0	0	0	0	0	0	0	8	0	0	54	15	0	0	0	0	0	0	0	0	0	0	0	0	0	15
20	assemblage-507-342	0	0	0	0	0	0	0	0	8	0	0	0	0	0	0	0	0	0	0	0	0	0	0	0	16	0	0	9	0	0	0	374	0	0	0	0	0	0	0	0	0	0	0	0	0	45	0	0	0	0	0	11	0	0	0	0	0	0	0	0	0	0	0	0	0	0	0	0	0	0	0	0	0	0	0	37
20	assemblage-685-371	0	0	0	0	0	0	0	0	0	0	0	0	0	0	0	0	0	0	0	0	0	0	0	0	30	0	0	0	0	0	0	44	0	0	0	0	0	0	0	0	0	0	0	0	10	22	0	0	0	0	9	0	0	0	0	0	0	0	0	0	0	0	0	0	0	0	0	0	0	0	0	359	17	0	0	9

21	assemblage-262-403	0	0	0	0	0	0	0	0	0	0	0	0	0	0	112	14	0	0	0	0	9	0	0	0	0	0	0	0	0	0	0	0	0	0	230	0	0	0	0	0	0	0	14	29	0	0	0	0	0	0	0	0	0	0	0	0	0	8	0	0	54	15	0	0	0	0	0	0	0	0	0	0	0	0	0	15
21	assemblage-507-342	0	0	0	0	0	0	0	0	8	0	0	0	0	0	0	0	0	0	0	0	0	0	0	0	16	0	0	9	0	0	0	374	0	0	0	0	0	0	0	0	0	0	0	0	0	45	0	0	0	0	0	11	0	0	0	0	0	0	0	0	0	0	0	0	0	0	0	0	0	0	0	0	0	0	0	37
21	assemblage-362-519	0	0	0	0	0	0	0	0	0	0	0	0	0	0	0	0	0	0	0	0	0	0	11	0	0	0	0	0	41	0	0	110	12	0	0	0	0	0	0	0	0	0	0	0	5	217	0	0	0	0	0	0	0	0	0	0	0	0	0	0	0	0	0	0	0	0	0	0	0	0	0	55	0	0	34	15

22	assemblage-788-124	0	0	0	0	0	0	0	0	0	0	0	0	0	0	0	0	0	0	0	0	0	0	0	0	0	0	0	0	0	0	0	323	0	0	0	0	0	0	0	0	0	0	0	0	96	45	0	0	0	0	0	0	0	4	0	0	0	0	0	0	0	0	0	0	0	0	0	0	0	0	0	9	0	0	0	23
22	assemblage-261-408	0	0	0	0	0	0	0	0	0	0	0	0	0	0	118	0	0	0	0	0	0	0	0	0	0	0	0	0	0	0	0	262	0	0	4	0	0	0	0	0	35	0	20	0	0	0	0	0	0	0	0	0	0	0	0	0	0	0	0	0	11	0	0	0	0	0	0	0	0	0	0	35	0	0	0	15
22	assemblage-619-223	0	0	0	0	0	0	0	0	0	0	0	0	0	0	0	0	0	0	0	0	0	0	0	0	0	0	0	0	0	0	0	0	0	0	159	0	0	0	0	0	0	0	0	36	0	0	0	0	0	0	0	0	0	0	0	0	0	0	0	0	0	0	0	0	0	0	0	0	0	0	0	289	0	0	0	16

23	assemblage-788-124	0	0	0	0	0	0	0	0	0	0	0	0	0	0	0	0	0	0	0	0	0	0	0	0	0	0	0	0	0	0	0	323	0	0	0	0	0	0	0	0	0	0	0	0	96	45	0	0	0	0	0	0	0	4	0	0	0	0	0	0	0	0	0	0	0	0	0	0	0	0	0	9	0	0	0	23
23	assemblage-507-342	0	0	0	0	0	0	0	0	8	0	0	0	0	0	0	0	0	0	0	0	0	0	0	0	16	0	0	9	0	0	0	374	0	0	0	0	0	0	0	0	0	0	0	0	0	45	0	0	0	0	0	11	0	0	0	0	0	0	0	0	0	0	0	0	0	0	0	0	0	0	0	0	0	0	0	37
23	assemblage-920-847	0	0	0	0	0	0	0	0	0	0	0	0	0	0	339	0	0	0	0	0	0	0	0	0	0	0	0	0	0	0	0	0	0	0	8	0	0	0	0	0	0	0	0	0	0	0	0	0	0	0	0	0	0	0	0	0	106	0	0	0	19	0	0	0	0	0	0	0	0	0	0	0	0	5	0	23

24	assemblage-788-124	0	0	0	0	0	0	0	0	0	0	0	0	0	0	0	0	0	0	0	0	0	0	0	0	0	0	0	0	0	0	0	323	0	0	0	0	0	0	0	0	0	0	0	0	96	45	0	0	0	0	0	0	0	4	0	0	0	0	0	0	0	0	0	0	0	0	0	0	0	0	0	9	0	0	0	23
24	assemblage-507-342	0	0	0	0	0	0	0	0	8	0	0	0	0	0	0	0	0	0	0	0	0	0	0	0	16	0	0	9	0	0	0	374	0	0	0	0	0	0	0	0	0	0	0	0	0	45	0	0	0	0	0	11	0	0	0	0	0	0	0	0	0	0	0	0	0	0	0	0	0	0	0	0	0	0	0	37
24	assemblage-708-786	0	0	0	0	0	0	0	0	0	0	0	0	0	0	0	0	0	0	0	0	0	0	0	0	0	0	0	0	0	0	0	0	0	0	163	0	0	13	0	0	0	0	0	154	0	0	0	0	0	0	0	136	0	0	0	0	0	0	0	9	6	0	0	0	0	0	0	0	0	0	0	0	0	0	0	19

25	assemblage-477-540	0	0	0	0	12	0	0	0	0	0	0	0	0	0	0	0	0	0	0	0	0	0	253	27	0	0	0	0	68	0	0	30	0	0	0	0	0	0	0	0	0	0	0	0	0	51	0	0	0	0	0	0	0	0	0	0	0	0	0	0	0	0	0	0	0	0	0	0	0	0	0	52	0	0	0	7
25	assemblage-362-519	0	0	0	0	0	0	0	0	0	0	0	0	0	0	0	0	0	0	0	0	0	0	11	0	0	0	0	0	41	0	0	110	12	0	0	0	0	0	0	0	0	0	0	0	5	217	0	0	0	0	0	0	0	0	0	0	0	0	0	0	0	0	0	0	0	0	0	0	0	0	0	55	0	0	34	15
25	assemblage-360-511	0	0	0	0	0	33	0	0	0	154	0	0	0	0	0	0	0	0	0	0	0	0	0	0	7	0	0	0	0	0	0	257	0	0	0	0	0	0	0	0	0	0	0	0	2	17	0	0	0	0	0	0	0	0	0	0	0	0	0	0	0	0	0	0	0	0	0	0	0	0	0	5	0	0	10	15

26	assemblage-477-540	0	0	0	0	12	0	0	0	0	0	0	0	0	0	0	0	0	0	0	0	0	0	253	27	0	0	0	0	68	0	0	30	0	0	0	0	0	0	0	0	0	0	0	0	0	51	0	0	0	0	0	0	0	0	0	0	0	0	0	0	0	0	0	0	0	0	0	0	0	0	0	52	0	0	0	7
26	assemblage-362-519	0	0	0	0	0	0	0	0	0	0	0	0	0	0	0	0	0	0	0	0	0	0	11	0	0	0	0	0	41	0	0	110	12	0	0	0	0	0	0	0	0	0	0	0	5	217	0	0	0	0	0	0	0	0	0	0	0	0	0	0	0	0	0	0	0	0	0	0	0	0	0	55	0	0	34	15
26	assemblage-261-408	0	0	0	0	0	0	0	0	0	0	0	0	0	0	118	0	0	0	0	0	0	0	0	0	0	0	0	0	0	0	0	262	0	0	4	0	0	0	0	0	35	0	20	0	0	0	0	0	0	0	0	0	0	0	0	0	0	0	0	0	11	0	0	0	0	0	0	0	0	0	0	35	0	0	0	15

27	assemblage-477-540	0	0	0	0	12	0	0	0	0	0	0	0	0	0	0	0	0	0	0	0	0	0	253	27	0	0	0	0	68	0	0	30	0	0	0	0	0	0	0	0	0	0	0	0	0	51	0	0	0	0	0	0	0	0	0	0	0	0	0	0	0	0	0	0	0	0	0	0	0	0	0	52	0	0	0	7
27	assemblage-362-519	0	0	0	0	0	0	0	0	0	0	0	0	0	0	0	0	0	0	0	0	0	0	11	0	0	0	0	0	41	0	0	110	12	0	0	0	0	0	0	0	0	0	0	0	5	217	0	0	0	0	0	0	0	0	0	0	0	0	0	0	0	0	0	0	0	0	0	0	0	0	0	55	0	0	34	15
27	assemblage-685-371	0	0	0	0	0	0	0	0	0	0	0	0	0	0	0	0	0	0	0	0	0	0	0	0	30	0	0	0	0	0	0	44	0	0	0	0	0	0	0	0	0	0	0	0	10	22	0	0	0	0	9	0	0	0	0	0	0	0	0	0	0	0	0	0	0	0	0	0	0	0	0	359	17	0	0	9

28	assemblage-477-540	0	0	0	0	12	0	0	0	0	0	0	0	0	0	0	0	0	0	0	0	0	0	253	27	0	0	0	0	68	0	0	30	0	0	0	0	0	0	0	0	0	0	0	0	0	51	0	0	0	0	0	0	0	0	0	0	0	0	0	0	0	0	0	0	0	0	0	0	0	0	0	52	0	0	0	7
28	assemblage-507-342	0	0	0	0	0	0	0	0	8	0	0	0	0	0	0	0	0	0	0	0	0	0	0	0	16	0	0	9	0	0	0	374	0	0	0	0	0	0	0	0	0	0	0	0	0	45	0	0	0	0	0	11	0	0	0	0	0	0	0	0	0	0	0	0	0	0	0	0	0	0	0	0	0	0	0	37
28	assemblage-920-847	0	0	0	0	0	0	0	0	0	0	0	0	0	0	339	0	0	0	0	0	0	0	0	0	0	0	0	0	0	0	0	0	0	0	8	0	0	0	0	0	0	0	0	0	0	0	0	0	0	0	0	0	0	0	0	0	106	0	0	0	19	0	0	0	0	0	0	0	0	0	0	0	0	5	0	23

29	assemblage-477-540	0	0	0	0	12	0	0	0	0	0	0	0	0	0	0	0	0	0	0	0	0	0	253	27	0	0	0	0	68	0	0	30	0	0	0	0	0	0	0	0	0	0	0	0	0	51	0	0	0	0	0	0	0	0	0	0	0	0	0	0	0	0	0	0	0	0	0	0	0	0	0	52	0	0	0	7
29	assemblage-507-342	0	0	0	0	0	0	0	0	8	0	0	0	0	0	0	0	0	0	0	0	0	0	0	0	16	0	0	9	0	0	0	374	0	0	0	0	0	0	0	0	0	0	0	0	0	45	0	0	0	0	0	11	0	0	0	0	0	0	0	0	0	0	0	0	0	0	0	0	0	0	0	0	0	0	0	37
29	assemblage-708-786	0	0	0	0	0	0	0	0	0	0	0	0	0	0	0	0	0	0	0	0	0	0	0	0	0	0	0	0	0	0	0	0	0	0	163	0	0	13	0	0	0	0	0	154	0	0	0	0	0	0	0	136	0	0	0	0	0	0	0	9	6	0	0	0	0	0	0	0	0	0	0	0	0	0	0	19

30	assemblage-477-540	0	0	0	0	12	0	0	0	0	0	0	0	0	0	0	0	0	0	0	0	0	0	253	27	0	0	0	0	68	0	0	30	0	0	0	0	0	0	0	0	0	0	0	0	0	51	0	0	0	0	0	0	0	0	0	0	0	0	0	0	0	0	0	0	0	0	0	0	0	0	0	52	0	0	0	7
30	assemblage-788-124	0	0	0	0	0	0	0	0	0	0	0	0	0	0	0	0	0	0	0	0	0	0	0	0	0	0	0	0	0	0	0	323	0	0	0	0	0	0	0	0	0	0	0	0	96	45	0	0	0	0	0	0	0	4	0	0	0	0	0	0	0	0	0	0	0	0	0	0	0	0	0	9	0	0	0	23
30	assemblage-920-847	0	0	0	0	0	0	0	0	0	0	0	0	0	0	339	0	0	0	0	0	0	0	0	0	0	0	0	0	0	0	0	0	0	0	8	0	0	0	0	0	0	0	0	0	0	0	0	0	0	0	0	0	0	0	0	0	106	0	0	0	19	0	0	0	0	0	0	0	0	0	0	0	0	5	0	23

31	assemblage-477-540	0	0	0	0	12	0	0	0	0	0	0	0	0	0	0	0	0	0	0	0	0	0	253	27	0	0	0	0	68	0	0	30	0	0	0	0	0	0	0	0	0	0	0	0	0	51	0	0	0	0	0	0	0	0	0	0	0	0	0	0	0	0	0	0	0	0	0	0	0	0	0	52	0	0	0	7
31	assemblage-788-124	0	0	0	0	0	0	0	0	0	0	0	0	0	0	0	0	0	0	0	0	0	0	0	0	0	0	0	0	0	0	0	323	0	0	0	0	0	0	0	0	0	0	0	0	96	45	0	0	0	0	0	0	0	4	0	0	0	0	0	0	0	0	0	0	0	0	0	0	0	0	0	9	0	0	0	23
31	assemblage-360-511	0	0	0	0	0	33	0	0	0	154	0	0	0	0	0	0	0	0	0	0	0	0	0	0	7	0	0	0	0	0	0	257	0	0	0	0	0	0	0	0	0	0	0	0	2	17	0	0	0	0	0	0	0	0	0	0	0	0	0	0	0	0	0	0	0	0	0	0	0	0	0	5	0	0	10	15

32	assemblage-477-540	0	0	0	0	12	0	0	0	0	0	0	0	0	0	0	0	0	0	0	0	0	0	253	27	0	0	0	0	68	0	0	30	0	0	0	0	0	0	0	0	0	0	0	0	0	51	0	0	0	0	0	0	0	0	0	0	0	0	0	0	0	0	0	0	0	0	0	0	0	0	0	52	0	0	0	7
32	assemblage-788-124	0	0	0	0	0	0	0	0	0	0	0	0	0	0	0	0	0	0	0	0	0	0	0	0	0	0	0	0	0	0	0	323	0	0	0	0	0	0	0	0	0	0	0	0	96	45	0	0	0	0	0	0	0	4	0	0	0	0	0	0	0	0	0	0	0	0	0	0	0	0	0	9	0	0	0	23
32	assemblage-708-786	0	0	0	0	0	0	0	0	0	0	0	0	0	0	0	0	0	0	0	0	0	0	0	0	0	0	0	0	0	0	0	0	0	0	163	0	0	13	0	0	0	0	0	154	0	0	0	0	0	0	0	136	0	0	0	0	0	0	0	9	6	0	0	0	0	0	0	0	0	0	0	0	0	0	0	19

33	assemblage-477-540	0	0	0	0	12	0	0	0	0	0	0	0	0	0	0	0	0	0	0	0	0	0	253	27	0	0	0	0	68	0	0	30	0	0	0	0	0	0	0	0	0	0	0	0	0	51	0	0	0	0	0	0	0	0	0	0	0	0	0	0	0	0	0	0	0	0	0	0	0	0	0	52	0	0	0	7
33	assemblage-788-124	0	0	0	0	0	0	0	0	0	0	0	0	0	0	0	0	0	0	0	0	0	0	0	0	0	0	0	0	0	0	0	323	0	0	0	0	0	0	0	0	0	0	0	0	96	45	0	0	0	0	0	0	0	4	0	0	0	0	0	0	0	0	0	0	0	0	0	0	0	0	0	9	0	0	0	23
33	assemblage-262-403	0	0	0	0	0	0	0	0	0	0	0	0	0	0	112	14	0	0	0	0	9	0	0	0	0	0	0	0	0	0	0	0	0	0	230	0	0	0	0	0	0	0	14	29	0	0	0	0	0	0	0	0	0	0	0	0	0	8	0	0	54	15	0	0	0	0	0	0	0	0	0	0	0	0	0	15

34	assemblage-608-784	0	0	0	0	253	0	0	0	0	10	0	0	0	0	0	0	0	0	0	0	0	0	0	0	0	0	0	0	0	0	0	37	0	0	0	0	0	0	0	0	0	0	0	0	0	0	0	0	0	0	0	0	0	0	0	0	0	0	0	0	0	0	0	0	0	0	0	0	0	0	0	173	0	0	0	27
34	assemblage-362-519	0	0	0	0	0	0	0	0	0	0	0	0	0	0	0	0	0	0	0	0	0	0	11	0	0	0	0	0	41	0	0	110	12	0	0	0	0	0	0	0	0	0	0	0	5	217	0	0	0	0	0	0	0	0	0	0	0	0	0	0	0	0	0	0	0	0	0	0	0	0	0	55	0	0	34	15
34	assemblage-261-408	0	0	0	0	0	0	0	0	0	0	0	0	0	0	118	0	0	0	0	0	0	0	0	0	0	0	0	0	0	0	0	262	0	0	4	0	0	0	0	0	35	0	20	0	0	0	0	0	0	0	0	0	0	0	0	0	0	0	0	0	11	0	0	0	0	0	0	0	0	0	0	35	0	0	0	15

35	assemblage-608-784	0	0	0	0	253	0	0	0	0	10	0	0	0	0	0	0	0	0	0	0	0	0	0	0	0	0	0	0	0	0	0	37	0	0	0	0	0	0	0	0	0	0	0	0	0	0	0	0	0	0	0	0	0	0	0	0	0	0	0	0	0	0	0	0	0	0	0	0	0	0	0	173	0	0	0	27
35	assemblage-507-342	0	0	0	0	0	0	0	0	8	0	0	0	0	0	0	0	0	0	0	0	0	0	0	0	16	0	0	9	0	0	0	374	0	0	0	0	0	0	0	0	0	0	0	0	0	45	0	0	0	0	0	11	0	0	0	0	0	0	0	0	0	0	0	0	0	0	0	0	0	0	0	0	0	0	0	37
35	assemblage-920-847	0	0	0	0	0	0	0	0	0	0	0	0	0	0	339	0	0	0	0	0	0	0	0	0	0	0	0	0	0	0	0	0	0	0	8	0	0	0	0	0	0	0	0	0	0	0	0	0	0	0	0	0	0	0	0	0	106	0	0	0	19	0	0	0	0	0	0	0	0	0	0	0	0	5	0	23

36	assemblage-608-784	0	0	0	0	253	0	0	0	0	10	0	0	0	0	0	0	0	0	0	0	0	0	0	0	0	0	0	0	0	0	0	37	0	0	0	0	0	0	0	0	0	0	0	0	0	0	0	0	0	0	0	0	0	0	0	0	0	0	0	0	0	0	0	0	0	0	0	0	0	0	0	173	0	0	0	27
36	assemblage-507-342	0	0	0	0	0	0	0	0	8	0	0	0	0	0	0	0	0	0	0	0	0	0	0	0	16	0	0	9	0	0	0	374	0	0	0	0	0	0	0	0	0	0	0	0	0	45	0	0	0	0	0	11	0	0	0	0	0	0	0	0	0	0	0	0	0	0	0	0	0	0	0	0	0	0	0	37
36	assemblage-708-786	0	0	0	0	0	0	0	0	0	0	0	0	0	0	0	0	0	0	0	0	0	0	0	0	0	0	0	0	0	0	0	0	0	0	163	0	0	13	0	0	0	0	0	154	0	0	0	0	0	0	0	136	0	0	0	0	0	0	0	9	6	0	0	0	0	0	0	0	0	0	0	0	0	0	0	19

37	assemblage-608-784	0	0	0	0	253	0	0	0	0	10	0	0	0	0	0	0	0	0	0	0	0	0	0	0	0	0	0	0	0	0	0	37	0	0	0	0	0	0	0	0	0	0	0	0	0	0	0	0	0	0	0	0	0	0	0	0	0	0	0	0	0	0	0	0	0	0	0	0	0	0	0	173	0	0	0	27
37	assemblage-788-124	0	0	0	0	0	0	0	0	0	0	0	0	0	0	0	0	0	0	0	0	0	0	0	0	0	0	0	0	0	0	0	323	0	0	0	0	0	0	0	0	0	0	0	0	96	45	0	0	0	0	0	0	0	4	0	0	0	0	0	0	0	0	0	0	0	0	0	0	0	0	0	9	0	0	0	23
37	assemblage-920-847	0	0	0	0	0	0	0	0	0	0	0	0	0	0	339	0	0	0	0	0	0	0	0	0	0	0	0	0	0	0	0	0	0	0	8	0	0	0	0	0	0	0	0	0	0	0	0	0	0	0	0	0	0	0	0	0	106	0	0	0	19	0	0	0	0	0	0	0	0	0	0	0	0	5	0	23

38	assemblage-608-784	0	0	0	0	253	0	0	0	0	10	0	0	0	0	0	0	0	0	0	0	0	0	0	0	0	0	0	0	0	0	0	37	0	0	0	0	0	0	0	0	0	0	0	0	0	0	0	0	0	0	0	0	0	0	0	0	0	0	0	0	0	0	0	0	0	0	0	0	0	0	0	173	0	0	0	27
38	assemblage-788-124	0	0	0	0	0	0	0	0	0	0	0	0	0	0	0	0	0	0	0	0	0	0	0	0	0	0	0	0	0	0	0	323	0	0	0	0	0	0	0	0	0	0	0	0	96	45	0	0	0	0	0	0	0	4	0	0	0	0	0	0	0	0	0	0	0	0	0	0	0	0	0	9	0	0	0	23
38	assemblage-708-786	0	0	0	0	0	0	0	0	0	0	0	0	0	0	0	0	0	0	0	0	0	0	0	0	0	0	0	0	0	0	0	0	0	0	163	0	0	13	0	0	0	0	0	154	0	0	0	0	0	0	0	136	0	0	0	0	0	0	0	9	6	0	0	0	0	0	0	0	0	0	0	0	0	0	0	19

39	assemblage-608-784	0	0	0	0	253	0	0	0	0	10	0	0	0	0	0	0	0	0	0	0	0	0	0	0	0	0	0	0	0	0	0	37	0	0	0	0	0	0	0	0	0	0	0	0	0	0	0	0	0	0	0	0	0	0	0	0	0	0	0	0	0	0	0	0	0	0	0	0	0	0	0	173	0	0	0	27
39	assemblage-788-124	0	0	0	0	0	0	0	0	0	0	0	0	0	0	0	0	0	0	0	0	0	0	0	0	0	0	0	0	0	0	0	323	0	0	0	0	0	0	0	0	0	0	0	0	96	45	0	0	0	0	0	0	0	4	0	0	0	0	0	0	0	0	0	0	0	0	0	0	0	0	0	9	0	0	0	23
39	assemblage-262-403	0	0	0	0	0	0	0	0	0	0	0	0	0	0	112	14	0	0	0	0	9	0	0	0	0	0	0	0	0	0	0	0	0	0	230	0	0	0	0	0	0	0	14	29	0	0	0	0	0	0	0	0	0	0	0	0	0	8	0	0	54	15	0	0	0	0	0	0	0	0	0	0	0	0	0	15

40	assemblage-984-844	0	0	0	0	0	0	0	0	0	0	0	0	0	0	14	0	0	0	0	0	0	0	0	0	0	0	0	0	0	0	0	172	0	0	87	0	0	0	0	0	0	0	0	163	0	27	0	0	0	0	0	0	0	0	0	0	0	0	0	0	0	0	0	0	0	0	0	0	0	0	0	21	0	0	0	16
40	assemblage-362-519	0	0	0	0	0	0	0	0	0	0	0	0	0	0	0	0	0	0	0	0	0	0	11	0	0	0	0	0	41	0	0	110	12	0	0	0	0	0	0	0	0	0	0	0	5	217	0	0	0	0	0	0	0	0	0	0	0	0	0	0	0	0	0	0	0	0	0	0	0	0	0	55	0	0	34	15
40	assemblage-685-371	0	0	0	0	0	0	0	0	0	0	0	0	0	0	0	0	0	0	0	0	0	0	0	0	30	0	0	0	0	0	0	44	0	0	0	0	0	0	0	0	0	0	0	0	10	22	0	0	0	0	9	0	0	0	0	0	0	0	0	0	0	0	0	0	0	0	0	0	0	0	0	359	17	0	0	9

41	assemblage-984-844	0	0	0	0	0	0	0	0	0	0	0	0	0	0	14	0	0	0	0	0	0	0	0	0	0	0	0	0	0	0	0	172	0	0	87	0	0	0	0	0	0	0	0	163	0	27	0	0	0	0	0	0	0	0	0	0	0	0	0	0	0	0	0	0	0	0	0	0	0	0	0	21	0	0	0	16
41	assemblage-262-403	0	0	0	0	0	0	0	0	0	0	0	0	0	0	112	14	0	0	0	0	9	0	0	0	0	0	0	0	0	0	0	0	0	0	230	0	0	0	0	0	0	0	14	29	0	0	0	0	0	0	0	0	0	0	0	0	0	8	0	0	54	15	0	0	0	0	0	0	0	0	0	0	0	0	0	15
41	assemblage-920-847	0	0	0	0	0	0	0	0	0	0	0	0	0	0	339	0	0	0	0	0	0	0	0	0	0	0	0	0	0	0	0	0	0	0	8	0	0	0	0	0	0	0	0	0	0	0	0	0	0	0	0	0	0	0	0	0	106	0	0	0	19	0	0	0	0	0	0	0	0	0	0	0	0	5	0	23

42	assemblage-984-844	0	0	0	0	0	0	0	0	0	0	0	0	0	0	14	0	0	0	0	0	0	0	0	0	0	0	0	0	0	0	0	172	0	0	87	0	0	0	0	0	0	0	0	163	0	27	0	0	0	0	0	0	0	0	0	0	0	0	0	0	0	0	0	0	0	0	0	0	0	0	0	21	0	0	0	16
42	assemblage-788-124	0	0	0	0	0	0	0	0	0	0	0	0	0	0	0	0	0	0	0	0	0	0	0	0	0	0	0	0	0	0	0	323	0	0	0	0	0	0	0	0	0	0	0	0	96	45	0	0	0	0	0	0	0	4	0	0	0	0	0	0	0	0	0	0	0	0	0	0	0	0	0	9	0	0	0	23
42	assemblage-360-511	0	0	0	0	0	33	0	0	0	154	0	0	0	0	0	0	0	0	0	0	0	0	0	0	7	0	0	0	0	0	0	257	0	0	0	0	0	0	0	0	0	0	0	0	2	17	0	0	0	0	0	0	0	0	0	0	0	0	0	0	0	0	0	0	0	0	0	0	0	0	0	5	0	0	10	15

43	assemblage-492-530	0	0	0	0	252	0	0	0	0	11	0	0	0	0	0	0	0	0	0	0	0	0	0	0	0	0	0	0	0	0	0	50	0	0	0	0	0	0	0	0	0	0	0	0	0	5	0	0	0	0	0	0	0	0	0	0	0	0	0	0	0	0	0	0	0	0	0	0	0	0	0	174	0	0	0	8
43	assemblage-362-519	0	0	0	0	0	0	0	0	0	0	0	0	0	0	0	0	0	0	0	0	0	0	11	0	0	0	0	0	41	0	0	110	12	0	0	0	0	0	0	0	0	0	0	0	5	217	0	0	0	0	0	0	0	0	0	0	0	0	0	0	0	0	0	0	0	0	0	0	0	0	0	55	0	0	34	15
43	assemblage-261-408	0	0	0	0	0	0	0	0	0	0	0	0	0	0	118	0	0	0	0	0	0	0	0	0	0	0	0	0	0	0	0	262	0	0	4	0	0	0	0	0	35	0	20	0	0	0	0	0	0	0	0	0	0	0	0	0	0	0	0	0	11	0	0	0	0	0	0	0	0	0	0	35	0	0	0	15

44	assemblage-492-530	0	0	0	0	252	0	0	0	0	11	0	0	0	0	0	0	0	0	0	0	0	0	0	0	0	0	0	0	0	0	0	50	0	0	0	0	0	0	0	0	0	0	0	0	0	5	0	0	0	0	0	0	0	0	0	0	0	0	0	0	0	0	0	0	0	0	0	0	0	0	0	174	0	0	0	8
44	assemblage-507-342	0	0	0	0	0	0	0	0	8	0	0	0	0	0	0	0	0	0	0	0	0	0	0	0	16	0	0	9	0	0	0	374	0	0	0	0	0	0	0	0	0	0	0	0	0	45	0	0	0	0	0	11	0	0	0	0	0	0	0	0	0	0	0	0	0	0	0	0	0	0	0	0	0	0	0	37
44	assemblage-920-847	0	0	0	0	0	0	0	0	0	0	0	0	0	0	339	0	0	0	0	0	0	0	0	0	0	0	0	0	0	0	0	0	0	0	8	0	0	0	0	0	0	0	0	0	0	0	0	0	0	0	0	0	0	0	0	0	106	0	0	0	19	0	0	0	0	0	0	0	0	0	0	0	0	5	0	23

45	assemblage-492-530	0	0	0	0	252	0	0	0	0	11	0	0	0	0	0	0	0	0	0	0	0	0	0	0	0	0	0	0	0	0	0	50	0	0	0	0	0	0	0	0	0	0	0	0	0	5	0	0	0	0	0	0	0	0	0	0	0	0	0	0	0	0	0	0	0	0	0	0	0	0	0	174	0	0	0	8
45	assemblage-507-342	0	0	0	0	0	0	0	0	8	0	0	0	0	0	0	0	0	0	0	0	0	0	0	0	16	0	0	9	0	0	0	374	0	0	0	0	0	0	0	0	0	0	0	0	0	45	0	0	0	0	0	11	0	0	0	0	0	0	0	0	0	0	0	0	0	0	0	0	0	0	0	0	0	0	0	37
45	assemblage-708-786	0	0	0	0	0	0	0	0	0	0	0	0	0	0	0	0	0	0	0	0	0	0	0	0	0	0	0	0	0	0	0	0	0	0	163	0	0	13	0	0	0	0	0	154	0	0	0	0	0	0	0	136	0	0	0	0	0	0	0	9	6	0	0	0	0	0	0	0	0	0	0	0	0	0	0	19

46	assemblage-492-530	0	0	0	0	252	0	0	0	0	11	0	0	0	0	0	0	0	0	0	0	0	0	0	0	0	0	0	0	0	0	0	50	0	0	0	0	0	0	0	0	0	0	0	0	0	5	0	0	0	0	0	0	0	0	0	0	0	0	0	0	0	0	0	0	0	0	0	0	0	0	0	174	0	0	0	8
46	assemblage-788-124	0	0	0	0	0	0	0	0	0	0	0	0	0	0	0	0	0	0	0	0	0	0	0	0	0	0	0	0	0	0	0	323	0	0	0	0	0	0	0	0	0	0	0	0	96	45	0	0	0	0	0	0	0	4	0	0	0	0	0	0	0	0	0	0	0	0	0	0	0	0	0	9	0	0	0	23
46	assemblage-920-847	0	0	0	0	0	0	0	0	0	0	0	0	0	0	339	0	0	0	0	0	0	0	0	0	0	0	0	0	0	0	0	0	0	0	8	0	0	0	0	0	0	0	0	0	0	0	0	0	0	0	0	0	0	0	0	0	106	0	0	0	19	0	0	0	0	0	0	0	0	0	0	0	0	5	0	23

47	assemblage-492-530	0	0	0	0	252	0	0	0	0	11	0	0	0	0	0	0	0	0	0	0	0	0	0	0	0	0	0	0	0	0	0	50	0	0	0	0	0	0	0	0	0	0	0	0	0	5	0	0	0	0	0	0	0	0	0	0	0	0	0	0	0	0	0	0	0	0	0	0	0	0	0	174	0	0	0	8
47	assemblage-788-124	0	0	0	0	0	0	0	0	0	0	0	0	0	0	0	0	0	0	0	0	0	0	0	0	0	0	0	0	0	0	0	323	0	0	0	0	0	0	0	0	0	0	0	0	96	45	0	0	0	0	0	0	0	4	0	0	0	0	0	0	0	0	0	0	0	0	0	0	0	0	0	9	0	0	0	23
47	assemblage-708-786	0	0	0	0	0	0	0	0	0	0	0	0	0	0	0	0	0	0	0	0	0	0	0	0	0	0	0	0	0	0	0	0	0	0	163	0	0	13	0	0	0	0	0	154	0	0	0	0	0	0	0	136	0	0	0	0	0	0	0	9	6	0	0	0	0	0	0	0	0	0	0	0	0	0	0	19

48	assemblage-492-530	0	0	0	0	252	0	0	0	0	11	0	0	0	0	0	0	0	0	0	0	0	0	0	0	0	0	0	0	0	0	0	50	0	0	0	0	0	0	0	0	0	0	0	0	0	5	0	0	0	0	0	0	0	0	0	0	0	0	0	0	0	0	0	0	0	0	0	0	0	0	0	174	0	0	0	8
48	assemblage-788-124	0	0	0	0	0	0	0	0	0	0	0	0	0	0	0	0	0	0	0	0	0	0	0	0	0	0	0	0	0	0	0	323	0	0	0	0	0	0	0	0	0	0	0	0	96	45	0	0	0	0	0	0	0	4	0	0	0	0	0	0	0	0	0	0	0	0	0	0	0	0	0	9	0	0	0	23
48	assemblage-262-403	0	0	0	0	0	0	0	0	0	0	0	0	0	0	112	14	0	0	0	0	9	0	0	0	0	0	0	0	0	0	0	0	0	0	230	0	0	0	0	0	0	0	14	29	0	0	0	0	0	0	0	0	0	0	0	0	0	8	0	0	54	15	0	0	0	0	0	0	0	0	0	0	0	0	0	15

49	assemblage-492-530	0	0	0	0	252	0	0	0	0	11	0	0	0	0	0	0	0	0	0	0	0	0	0	0	0	0	0	0	0	0	0	50	0	0	0	0	0	0	0	0	0	0	0	0	0	5	0	0	0	0	0	0	0	0	0	0	0	0	0	0	0	0	0	0	0	0	0	0	0	0	0	174	0	0	0	8
49	assemblage-477-540	0	0	0	0	12	0	0	0	0	0	0	0	0	0	0	0	0	0	0	0	0	0	253	27	0	0	0	0	68	0	0	30	0	0	0	0	0	0	0	0	0	0	0	0	0	51	0	0	0	0	0	0	0	0	0	0	0	0	0	0	0	0	0	0	0	0	0	0	0	0	0	52	0	0	0	7
49	assemblage-920-847	0	0	0	0	0	0	0	0	0	0	0	0	0	0	339	0	0	0	0	0	0	0	0	0	0	0	0	0	0	0	0	0	0	0	8	0	0	0	0	0	0	0	0	0	0	0	0	0	0	0	0	0	0	0	0	0	106	0	0	0	19	0	0	0	0	0	0	0	0	0	0	0	0	5	0	23

50	assemblage-492-530	0	0	0	0	252	0	0	0	0	11	0	0	0	0	0	0	0	0	0	0	0	0	0	0	0	0	0	0	0	0	0	50	0	0	0	0	0	0	0	0	0	0	0	0	0	5	0	0	0	0	0	0	0	0	0	0	0	0	0	0	0	0	0	0	0	0	0	0	0	0	0	174	0	0	0	8
50	assemblage-477-540	0	0	0	0	12	0	0	0	0	0	0	0	0	0	0	0	0	0	0	0	0	0	253	27	0	0	0	0	68	0	0	30	0	0	0	0	0	0	0	0	0	0	0	0	0	51	0	0	0	0	0	0	0	0	0	0	0	0	0	0	0	0	0	0	0	0	0	0	0	0	0	52	0	0	0	7
50	assemblage-708-786	0	0	0	0	0	0	0	0	0	0	0	0	0	0	0	0	0	0	0	0	0	0	0	0	0	0	0	0	0	0	0	0	0	0	163	0	0	13	0	0	0	0	0	154	0	0	0	0	0	0	0	136	0	0	0	0	0	0	0	9	6	0	0	0	0	0	0	0	0	0	0	0	0	0	0	19

51	assemblage-492-530	0	0	0	0	252	0	0	0	0	11	0	0	0	0	0	0	0	0	0	0	0	0	0	0	0	0	0	0	0	0	0	50	0	0	0	0	0	0	0	0	0	0	0	0	0	5	0	0	0	0	0	0	0	0	0	0	0	0	0	0	0	0	0	0	0	0	0	0	0	0	0	174	0	0	0	8
51	assemblage-477-540	0	0	0	0	12	0	0	0	0	0	0	0	0	0	0	0	0	0	0	0	0	0	253	27	0	0	0	0	68	0	0	30	0	0	0	0	0	0	0	0	0	0	0	0	0	51	0	0	0	0	0	0	0	0	0	0	0	0	0	0	0	0	0	0	0	0	0	0	0	0	0	52	0	0	0	7
51	assemblage-262-403	0	0	0	0	0	0	0	0	0	0	0	0	0	0	112	14	0	0	0	0	9	0	0	0	0	0	0	0	0	0	0	0	0	0	230	0	0	0	0	0	0	0	14	29	0	0	0	0	0	0	0	0	0	0	0	0	0	8	0	0	54	15	0	0	0	0	0	0	0	0	0	0	0	0	0	15

52	assemblage-492-530	0	0	0	0	252	0	0	0	0	11	0	0	0	0	0	0	0	0	0	0	0	0	0	0	0	0	0	0	0	0	0	50	0	0	0	0	0	0	0	0	0	0	0	0	0	5	0	0	0	0	0	0	0	0	0	0	0	0	0	0	0	0	0	0	0	0	0	0	0	0	0	174	0	0	0	8
52	assemblage-608-784	0	0	0	0	253	0	0	0	0	10	0	0	0	0	0	0	0	0	0	0	0	0	0	0	0	0	0	0	0	0	0	37	0	0	0	0	0	0	0	0	0	0	0	0	0	0	0	0	0	0	0	0	0	0	0	0	0	0	0	0	0	0	0	0	0	0	0	0	0	0	0	173	0	0	0	27
52	assemblage-920-847	0	0	0	0	0	0	0	0	0	0	0	0	0	0	339	0	0	0	0	0	0	0	0	0	0	0	0	0	0	0	0	0	0	0	8	0	0	0	0	0	0	0	0	0	0	0	0	0	0	0	0	0	0	0	0	0	106	0	0	0	19	0	0	0	0	0	0	0	0	0	0	0	0	5	0	23

53	assemblage-492-530	0	0	0	0	252	0	0	0	0	11	0	0	0	0	0	0	0	0	0	0	0	0	0	0	0	0	0	0	0	0	0	50	0	0	0	0	0	0	0	0	0	0	0	0	0	5	0	0	0	0	0	0	0	0	0	0	0	0	0	0	0	0	0	0	0	0	0	0	0	0	0	174	0	0	0	8
53	assemblage-608-784	0	0	0	0	253	0	0	0	0	10	0	0	0	0	0	0	0	0	0	0	0	0	0	0	0	0	0	0	0	0	0	37	0	0	0	0	0	0	0	0	0	0	0	0	0	0	0	0	0	0	0	0	0	0	0	0	0	0	0	0	0	0	0	0	0	0	0	0	0	0	0	173	0	0	0	27
53	assemblage-619-223	0	0	0	0	0	0	0	0	0	0	0	0	0	0	0	0	0	0	0	0	0	0	0	0	0	0	0	0	0	0	0	0	0	0	159	0	0	0	0	0	0	0	0	36	0	0	0	0	0	0	0	0	0	0	0	0	0	0	0	0	0	0	0	0	0	0	0	0	0	0	0	289	0	0	0	16

54	assemblage-492-530	0	0	0	0	252	0	0	0	0	11	0	0	0	0	0	0	0	0	0	0	0	0	0	0	0	0	0	0	0	0	0	50	0	0	0	0	0	0	0	0	0	0	0	0	0	5	0	0	0	0	0	0	0	0	0	0	0	0	0	0	0	0	0	0	0	0	0	0	0	0	0	174	0	0	0	8
54	assemblage-608-784	0	0	0	0	253	0	0	0	0	10	0	0	0	0	0	0	0	0	0	0	0	0	0	0	0	0	0	0	0	0	0	37	0	0	0	0	0	0	0	0	0	0	0	0	0	0	0	0	0	0	0	0	0	0	0	0	0	0	0	0	0	0	0	0	0	0	0	0	0	0	0	173	0	0	0	27
54	assemblage-708-786	0	0	0	0	0	0	0	0	0	0	0	0	0	0	0	0	0	0	0	0	0	0	0	0	0	0	0	0	0	0	0	0	0	0	163	0	0	13	0	0	0	0	0	154	0	0	0	0	0	0	0	136	0	0	0	0	0	0	0	9	6	0	0	0	0	0	0	0	0	0	0	0	0	0	0	19

55	assemblage-492-530	0	0	0	0	252	0	0	0	0	11	0	0	0	0	0	0	0	0	0	0	0	0	0	0	0	0	0	0	0	0	0	50	0	0	0	0	0	0	0	0	0	0	0	0	0	5	0	0	0	0	0	0	0	0	0	0	0	0	0	0	0	0	0	0	0	0	0	0	0	0	0	174	0	0	0	8
55	assemblage-608-784	0	0	0	0	253	0	0	0	0	10	0	0	0	0	0	0	0	0	0	0	0	0	0	0	0	0	0	0	0	0	0	37	0	0	0	0	0	0	0	0	0	0	0	0	0	0	0	0	0	0	0	0	0	0	0	0	0	0	0	0	0	0	0	0	0	0	0	0	0	0	0	173	0	0	0	27
55	assemblage-262-403	0	0	0	0	0	0	0	0	0	0	0	0	0	0	112	14	0	0	0	0	9	0	0	0	0	0	0	0	0	0	0	0	0	0	230	0	0	0	0	0	0	0	14	29	0	0	0	0	0	0	0	0	0	0	0	0	0	8	0	0	54	15	0	0	0	0	0	0	0	0	0	0	0	0	0	15

56	assemblage-492-530	0	0	0	0	252	0	0	0	0	11	0	0	0	0	0	0	0	0	0	0	0	0	0	0	0	0	0	0	0	0	0	50	0	0	0	0	0	0	0	0	0	0	0	0	0	5	0	0	0	0	0	0	0	0	0	0	0	0	0	0	0	0	0	0	0	0	0	0	0	0	0	174	0	0	0	8
56	assemblage-984-844	0	0	0	0	0	0	0	0	0	0	0	0	0	0	14	0	0	0	0	0	0	0	0	0	0	0	0	0	0	0	0	172	0	0	87	0	0	0	0	0	0	0	0	163	0	27	0	0	0	0	0	0	0	0	0	0	0	0	0	0	0	0	0	0	0	0	0	0	0	0	0	21	0	0	0	16
56	assemblage-262-403	0	0	0	0	0	0	0	0	0	0	0	0	0	0	112	14	0	0	0	0	9	0	0	0	0	0	0	0	0	0	0	0	0	0	230	0	0	0	0	0	0	0	14	29	0	0	0	0	0	0	0	0	0	0	0	0	0	8	0	0	54	15	0	0	0	0	0	0	0	0	0	0	0	0	0	15

57	assemblage-175-734	0	0	0	0	3	0	0	0	0	145	0	0	0	0	0	0	0	0	0	0	0	0	0	0	0	0	0	0	204	0	0	81	0	0	0	0	0	0	0	0	0	0	0	0	0	26	0	0	0	0	0	0	0	0	10	0	0	0	0	0	0	0	0	0	15	0	0	0	0	0	0	6	0	0	0	10
57	assemblage-477-531	0	0	0	0	9	0	0	0	0	6	0	0	0	0	0	0	0	0	0	0	0	0	72	0	0	0	0	0	51	0	0	150	0	0	0	0	0	0	0	0	0	0	0	0	0	36	0	0	0	0	0	0	0	0	0	0	0	0	0	0	0	0	0	0	0	0	0	0	0	0	0	165	0	0	0	11
57	assemblage-920-847	0	0	0	0	0	0	0	0	0	0	0	0	0	0	339	0	0	0	0	0	0	0	0	0	0	0	0	0	0	0	0	0	0	0	8	0	0	0	0	0	0	0	0	0	0	0	0	0	0	0	0	0	0	0	0	0	106	0	0	0	19	0	0	0	0	0	0	0	0	0	0	0	0	5	0	23

58	assemblage-175-734	0	0	0	0	3	0	0	0	0	145	0	0	0	0	0	0	0	0	0	0	0	0	0	0	0	0	0	0	204	0	0	81	0	0	0	0	0	0	0	0	0	0	0	0	0	26	0	0	0	0	0	0	0	0	10	0	0	0	0	0	0	0	0	0	15	0	0	0	0	0	0	6	0	0	0	10
58	assemblage-477-531	0	0	0	0	9	0	0	0	0	6	0	0	0	0	0	0	0	0	0	0	0	0	72	0	0	0	0	0	51	0	0	150	0	0	0	0	0	0	0	0	0	0	0	0	0	36	0	0	0	0	0	0	0	0	0	0	0	0	0	0	0	0	0	0	0	0	0	0	0	0	0	165	0	0	0	11
58	assemblage-619-223	0	0	0	0	0	0	0	0	0	0	0	0	0	0	0	0	0	0	0	0	0	0	0	0	0	0	0	0	0	0	0	0	0	0	159	0	0	0	0	0	0	0	0	36	0	0	0	0	0	0	0	0	0	0	0	0	0	0	0	0	0	0	0	0	0	0	0	0	0	0	0	289	0	0	0	16

59	assemblage-175-734	0	0	0	0	3	0	0	0	0	145	0	0	0	0	0	0	0	0	0	0	0	0	0	0	0	0	0	0	204	0	0	81	0	0	0	0	0	0	0	0	0	0	0	0	0	26	0	0	0	0	0	0	0	0	10	0	0	0	0	0	0	0	0	0	15	0	0	0	0	0	0	6	0	0	0	10
59	assemblage-261-408	0	0	0	0	0	0	0	0	0	0	0	0	0	0	118	0	0	0	0	0	0	0	0	0	0	0	0	0	0	0	0	262	0	0	4	0	0	0	0	0	35	0	20	0	0	0	0	0	0	0	0	0	0	0	0	0	0	0	0	0	11	0	0	0	0	0	0	0	0	0	0	35	0	0	0	15
59	assemblage-619-223	0	0	0	0	0	0	0	0	0	0	0	0	0	0	0	0	0	0	0	0	0	0	0	0	0	0	0	0	0	0	0	0	0	0	159	0	0	0	0	0	0	0	0	36	0	0	0	0	0	0	0	0	0	0	0	0	0	0	0	0	0	0	0	0	0	0	0	0	0	0	0	289	0	0	0	16

60	assemblage-175-734	0	0	0	0	3	0	0	0	0	145	0	0	0	0	0	0	0	0	0	0	0	0	0	0	0	0	0	0	204	0	0	81	0	0	0	0	0	0	0	0	0	0	0	0	0	26	0	0	0	0	0	0	0	0	10	0	0	0	0	0	0	0	0	0	15	0	0	0	0	0	0	6	0	0	0	10
60	assemblage-685-371	0	0	0	0	0	0	0	0	0	0	0	0	0	0	0	0	0	0	0	0	0	0	0	0	30	0	0	0	0	0	0	44	0	0	0	0	0	0	0	0	0	0	0	0	10	22	0	0	0	0	9	0	0	0	0	0	0	0	0	0	0	0	0	0	0	0	0	0	0	0	0	359	17	0	0	9
60	assemblage-920-847	0	0	0	0	0	0	0	0	0	0	0	0	0	0	339	0	0	0	0	0	0	0	0	0	0	0	0	0	0	0	0	0	0	0	8	0	0	0	0	0	0	0	0	0	0	0	0	0	0	0	0	0	0	0	0	0	106	0	0	0	19	0	0	0	0	0	0	0	0	0	0	0	0	5	0	23

61	assemblage-175-734	0	0	0	0	3	0	0	0	0	145	0	0	0	0	0	0	0	0	0	0	0	0	0	0	0	0	0	0	204	0	0	81	0	0	0	0	0	0	0	0	0	0	0	0	0	26	0	0	0	0	0	0	0	0	10	0	0	0	0	0	0	0	0	0	15	0	0	0	0	0	0	6	0	0	0	10
61	assemblage-685-371	0	0	0	0	0	0	0	0	0	0	0	0	0	0	0	0	0	0	0	0	0	0	0	0	30	0	0	0	0	0	0	44	0	0	0	0	0	0	0	0	0	0	0	0	10	22	0	0	0	0	9	0	0	0	0	0	0	0	0	0	0	0	0	0	0	0	0	0	0	0	0	359	17	0	0	9
61	assemblage-619-223	0	0	0	0	0	0	0	0	0	0	0	0	0	0	0	0	0	0	0	0	0	0	0	0	0	0	0	0	0	0	0	0	0	0	159	0	0	0	0	0	0	0	0	36	0	0	0	0	0	0	0	0	0	0	0	0	0	0	0	0	0	0	0	0	0	0	0	0	0	0	0	289	0	0	0	16

62	assemblage-175-734	0	0	0	0	3	0	0	0	0	145	0	0	0	0	0	0	0	0	0	0	0	0	0	0	0	0	0	0	204	0	0	81	0	0	0	0	0	0	0	0	0	0	0	0	0	26	0	0	0	0	0	0	0	0	10	0	0	0	0	0	0	0	0	0	15	0	0	0	0	0	0	6	0	0	0	10
62	assemblage-362-519	0	0	0	0	0	0	0	0	0	0	0	0	0	0	0	0	0	0	0	0	0	0	11	0	0	0	0	0	41	0	0	110	12	0	0	0	0	0	0	0	0	0	0	0	5	217	0	0	0	0	0	0	0	0	0	0	0	0	0	0	0	0	0	0	0	0	0	0	0	0	0	55	0	0	34	15
62	assemblage-261-408	0	0	0	0	0	0	0	0	0	0	0	0	0	0	118	0	0	0	0	0	0	0	0	0	0	0	0	0	0	0	0	262	0	0	4	0	0	0	0	0	35	0	20	0	0	0	0	0	0	0	0	0	0	0	0	0	0	0	0	0	11	0	0	0	0	0	0	0	0	0	0	35	0	0	0	15

63	assemblage-175-734	0	0	0	0	3	0	0	0	0	145	0	0	0	0	0	0	0	0	0	0	0	0	0	0	0	0	0	0	204	0	0	81	0	0	0	0	0	0	0	0	0	0	0	0	0	26	0	0	0	0	0	0	0	0	10	0	0	0	0	0	0	0	0	0	15	0	0	0	0	0	0	6	0	0	0	10
63	assemblage-362-519	0	0	0	0	0	0	0	0	0	0	0	0	0	0	0	0	0	0	0	0	0	0	11	0	0	0	0	0	41	0	0	110	12	0	0	0	0	0	0	0	0	0	0	0	5	217	0	0	0	0	0	0	0	0	0	0	0	0	0	0	0	0	0	0	0	0	0	0	0	0	0	55	0	0	34	15
63	assemblage-685-371	0	0	0	0	0	0	0	0	0	0	0	0	0	0	0	0	0	0	0	0	0	0	0	0	30	0	0	0	0	0	0	44	0	0	0	0	0	0	0	0	0	0	0	0	10	22	0	0	0	0	9	0	0	0	0	0	0	0	0	0	0	0	0	0	0	0	0	0	0	0	0	359	17	0	0	9

64	assemblage-175-734	0	0	0	0	3	0	0	0	0	145	0	0	0	0	0	0	0	0	0	0	0	0	0	0	0	0	0	0	204	0	0	81	0	0	0	0	0	0	0	0	0	0	0	0	0	26	0	0	0	0	0	0	0	0	10	0	0	0	0	0	0	0	0	0	15	0	0	0	0	0	0	6	0	0	0	10
64	assemblage-507-342	0	0	0	0	0	0	0	0	8	0	0	0	0	0	0	0	0	0	0	0	0	0	0	0	16	0	0	9	0	0	0	374	0	0	0	0	0	0	0	0	0	0	0	0	0	45	0	0	0	0	0	11	0	0	0	0	0	0	0	0	0	0	0	0	0	0	0	0	0	0	0	0	0	0	0	37
64	assemblage-920-847	0	0	0	0	0	0	0	0	0	0	0	0	0	0	339	0	0	0	0	0	0	0	0	0	0	0	0	0	0	0	0	0	0	0	8	0	0	0	0	0	0	0	0	0	0	0	0	0	0	0	0	0	0	0	0	0	106	0	0	0	19	0	0	0	0	0	0	0	0	0	0	0	0	5	0	23

65	assemblage-175-734	0	0	0	0	3	0	0	0	0	145	0	0	0	0	0	0	0	0	0	0	0	0	0	0	0	0	0	0	204	0	0	81	0	0	0	0	0	0	0	0	0	0	0	0	0	26	0	0	0	0	0	0	0	0	10	0	0	0	0	0	0	0	0	0	15	0	0	0	0	0	0	6	0	0	0	10
65	assemblage-507-342	0	0	0	0	0	0	0	0	8	0	0	0	0	0	0	0	0	0	0	0	0	0	0	0	16	0	0	9	0	0	0	374	0	0	0	0	0	0	0	0	0	0	0	0	0	45	0	0	0	0	0	11	0	0	0	0	0	0	0	0	0	0	0	0	0	0	0	0	0	0	0	0	0	0	0	37
65	assemblage-708-786	0	0	0	0	0	0	0	0	0	0	0	0	0	0	0	0	0	0	0	0	0	0	0	0	0	0	0	0	0	0	0	0	0	0	163	0	0	13	0	0	0	0	0	154	0	0	0	0	0	0	0	136	0	0	0	0	0	0	0	9	6	0	0	0	0	0	0	0	0	0	0	0	0	0	0	19

66	assemblage-175-734	0	0	0	0	3	0	0	0	0	145	0	0	0	0	0	0	0	0	0	0	0	0	0	0	0	0	0	0	204	0	0	81	0	0	0	0	0	0	0	0	0	0	0	0	0	26	0	0	0	0	0	0	0	0	10	0	0	0	0	0	0	0	0	0	15	0	0	0	0	0	0	6	0	0	0	10
66	assemblage-788-124	0	0	0	0	0	0	0	0	0	0	0	0	0	0	0	0	0	0	0	0	0	0	0	0	0	0	0	0	0	0	0	323	0	0	0	0	0	0	0	0	0	0	0	0	96	45	0	0	0	0	0	0	0	4	0	0	0	0	0	0	0	0	0	0	0	0	0	0	0	0	0	9	0	0	0	23
66	assemblage-920-847	0	0	0	0	0	0	0	0	0	0	0	0	0	0	339	0	0	0	0	0	0	0	0	0	0	0	0	0	0	0	0	0	0	0	8	0	0	0	0	0	0	0	0	0	0	0	0	0	0	0	0	0	0	0	0	0	106	0	0	0	19	0	0	0	0	0	0	0	0	0	0	0	0	5	0	23

67	assemblage-175-734	0	0	0	0	3	0	0	0	0	145	0	0	0	0	0	0	0	0	0	0	0	0	0	0	0	0	0	0	204	0	0	81	0	0	0	0	0	0	0	0	0	0	0	0	0	26	0	0	0	0	0	0	0	0	10	0	0	0	0	0	0	0	0	0	15	0	0	0	0	0	0	6	0	0	0	10
67	assemblage-788-124	0	0	0	0	0	0	0	0	0	0	0	0	0	0	0	0	0	0	0	0	0	0	0	0	0	0	0	0	0	0	0	323	0	0	0	0	0	0	0	0	0	0	0	0	96	45	0	0	0	0	0	0	0	4	0	0	0	0	0	0	0	0	0	0	0	0	0	0	0	0	0	9	0	0	0	23
67	assemblage-619-223	0	0	0	0	0	0	0	0	0	0	0	0	0	0	0	0	0	0	0	0	0	0	0	0	0	0	0	0	0	0	0	0	0	0	159	0	0	0	0	0	0	0	0	36	0	0	0	0	0	0	0	0	0	0	0	0	0	0	0	0	0	0	0	0	0	0	0	0	0	0	0	289	0	0	0	16

68	assemblage-175-734	0	0	0	0	3	0	0	0	0	145	0	0	0	0	0	0	0	0	0	0	0	0	0	0	0	0	0	0	204	0	0	81	0	0	0	0	0	0	0	0	0	0	0	0	0	26	0	0	0	0	0	0	0	0	10	0	0	0	0	0	0	0	0	0	15	0	0	0	0	0	0	6	0	0	0	10
68	assemblage-788-124	0	0	0	0	0	0	0	0	0	0	0	0	0	0	0	0	0	0	0	0	0	0	0	0	0	0	0	0	0	0	0	323	0	0	0	0	0	0	0	0	0	0	0	0	96	45	0	0	0	0	0	0	0	4	0	0	0	0	0	0	0	0	0	0	0	0	0	0	0	0	0	9	0	0	0	23
68	assemblage-261-408	0	0	0	0	0	0	0	0	0	0	0	0	0	0	118	0	0	0	0	0	0	0	0	0	0	0	0	0	0	0	0	262	0	0	4	0	0	0	0	0	35	0	20	0	0	0	0	0	0	0	0	0	0	0	0	0	0	0	0	0	11	0	0	0	0	0	0	0	0	0	0	35	0	0	0	15

69	assemblage-175-734	0	0	0	0	3	0	0	0	0	145	0	0	0	0	0	0	0	0	0	0	0	0	0	0	0	0	0	0	204	0	0	81	0	0	0	0	0	0	0	0	0	0	0	0	0	26	0	0	0	0	0	0	0	0	10	0	0	0	0	0	0	0	0	0	15	0	0	0	0	0	0	6	0	0	0	10
69	assemblage-788-124	0	0	0	0	0	0	0	0	0	0	0	0	0	0	0	0	0	0	0	0	0	0	0	0	0	0	0	0	0	0	0	323	0	0	0	0	0	0	0	0	0	0	0	0	96	45	0	0	0	0	0	0	0	4	0	0	0	0	0	0	0	0	0	0	0	0	0	0	0	0	0	9	0	0	0	23
69	assemblage-685-371	0	0	0	0	0	0	0	0	0	0	0	0	0	0	0	0	0	0	0	0	0	0	0	0	30	0	0	0	0	0	0	44	0	0	0	0	0	0	0	0	0	0	0	0	10	22	0	0	0	0	9	0	0	0	0	0	0	0	0	0	0	0	0	0	0	0	0	0	0	0	0	359	17	0	0	9

70	assemblage-175-734	0	0	0	0	3	0	0	0	0	145	0	0	0	0	0	0	0	0	0	0	0	0	0	0	0	0	0	0	204	0	0	81	0	0	0	0	0	0	0	0	0	0	0	0	0	26	0	0	0	0	0	0	0	0	10	0	0	0	0	0	0	0	0	0	15	0	0	0	0	0	0	6	0	0	0	10
70	assemblage-788-124	0	0	0	0	0	0	0	0	0	0	0	0	0	0	0	0	0	0	0	0	0	0	0	0	0	0	0	0	0	0	0	323	0	0	0	0	0	0	0	0	0	0	0	0	96	45	0	0	0	0	0	0	0	4	0	0	0	0	0	0	0	0	0	0	0	0	0	0	0	0	0	9	0	0	0	23
70	assemblage-708-786	0	0	0	0	0	0	0	0	0	0	0	0	0	0	0	0	0	0	0	0	0	0	0	0	0	0	0	0	0	0	0	0	0	0	163	0	0	13	0	0	0	0	0	154	0	0	0	0	0	0	0	136	0	0	0	0	0	0	0	9	6	0	0	0	0	0	0	0	0	0	0	0	0	0	0	19

71	assemblage-175-734	0	0	0	0	3	0	0	0	0	145	0	0	0	0	0	0	0	0	0	0	0	0	0	0	0	0	0	0	204	0	0	81	0	0	0	0	0	0	0	0	0	0	0	0	0	26	0	0	0	0	0	0	0	0	10	0	0	0	0	0	0	0	0	0	15	0	0	0	0	0	0	6	0	0	0	10
71	assemblage-788-124	0	0	0	0	0	0	0	0	0	0	0	0	0	0	0	0	0	0	0	0	0	0	0	0	0	0	0	0	0	0	0	323	0	0	0	0	0	0	0	0	0	0	0	0	96	45	0	0	0	0	0	0	0	4	0	0	0	0	0	0	0	0	0	0	0	0	0	0	0	0	0	9	0	0	0	23
71	assemblage-262-403	0	0	0	0	0	0	0	0	0	0	0	0	0	0	112	14	0	0	0	0	9	0	0	0	0	0	0	0	0	0	0	0	0	0	230	0	0	0	0	0	0	0	14	29	0	0	0	0	0	0	0	0	0	0	0	0	0	8	0	0	54	15	0	0	0	0	0	0	0	0	0	0	0	0	0	15

72	assemblage-175-734	0	0	0	0	3	0	0	0	0	145	0	0	0	0	0	0	0	0	0	0	0	0	0	0	0	0	0	0	204	0	0	81	0	0	0	0	0	0	0	0	0	0	0	0	0	26	0	0	0	0	0	0	0	0	10	0	0	0	0	0	0	0	0	0	15	0	0	0	0	0	0	6	0	0	0	10
72	assemblage-608-784	0	0	0	0	253	0	0	0	0	10	0	0	0	0	0	0	0	0	0	0	0	0	0	0	0	0	0	0	0	0	0	37	0	0	0	0	0	0	0	0	0	0	0	0	0	0	0	0	0	0	0	0	0	0	0	0	0	0	0	0	0	0	0	0	0	0	0	0	0	0	0	173	0	0	0	27
72	assemblage-920-847	0	0	0	0	0	0	0	0	0	0	0	0	0	0	339	0	0	0	0	0	0	0	0	0	0	0	0	0	0	0	0	0	0	0	8	0	0	0	0	0	0	0	0	0	0	0	0	0	0	0	0	0	0	0	0	0	106	0	0	0	19	0	0	0	0	0	0	0	0	0	0	0	0	5	0	23

73	assemblage-175-734	0	0	0	0	3	0	0	0	0	145	0	0	0	0	0	0	0	0	0	0	0	0	0	0	0	0	0	0	204	0	0	81	0	0	0	0	0	0	0	0	0	0	0	0	0	26	0	0	0	0	0	0	0	0	10	0	0	0	0	0	0	0	0	0	15	0	0	0	0	0	0	6	0	0	0	10
73	assemblage-608-784	0	0	0	0	253	0	0	0	0	10	0	0	0	0	0	0	0	0	0	0	0	0	0	0	0	0	0	0	0	0	0	37	0	0	0	0	0	0	0	0	0	0	0	0	0	0	0	0	0	0	0	0	0	0	0	0	0	0	0	0	0	0	0	0	0	0	0	0	0	0	0	173	0	0	0	27
73	assemblage-619-223	0	0	0	0	0	0	0	0	0	0	0	0	0	0	0	0	0	0	0	0	0	0	0	0	0	0	0	0	0	0	0	0	0	0	159	0	0	0	0	0	0	0	0	36	0	0	0	0	0	0	0	0	0	0	0	0	0	0	0	0	0	0	0	0	0	0	0	0	0	0	0	289	0	0	0	16

74	assemblage-175-734	0	0	0	0	3	0	0	0	0	145	0	0	0	0	0	0	0	0	0	0	0	0	0	0	0	0	0	0	204	0	0	81	0	0	0	0	0	0	0	0	0	0	0	0	0	26	0	0	0	0	0	0	0	0	10	0	0	0	0	0	0	0	0	0	15	0	0	0	0	0	0	6	0	0	0	10
74	assemblage-608-784	0	0	0	0	253	0	0	0	0	10	0	0	0	0	0	0	0	0	0	0	0	0	0	0	0	0	0	0	0	0	0	37	0	0	0	0	0	0	0	0	0	0	0	0	0	0	0	0	0	0	0	0	0	0	0	0	0	0	0	0	0	0	0	0	0	0	0	0	0	0	0	173	0	0	0	27
74	assemblage-708-786	0	0	0	0	0	0	0	0	0	0	0	0	0	0	0	0	0	0	0	0	0	0	0	0	0	0	0	0	0	0	0	0	0	0	163	0	0	13	0	0	0	0	0	154	0	0	0	0	0	0	0	136	0	0	0	0	0	0	0	9	6	0	0	0	0	0	0	0	0	0	0	0	0	0	0	19

75	assemblage-175-734	0	0	0	0	3	0	0	0	0	145	0	0	0	0	0	0	0	0	0	0	0	0	0	0	0	0	0	0	204	0	0	81	0	0	0	0	0	0	0	0	0	0	0	0	0	26	0	0	0	0	0	0	0	0	10	0	0	0	0	0	0	0	0	0	15	0	0	0	0	0	0	6	0	0	0	10
75	assemblage-608-784	0	0	0	0	253	0	0	0	0	10	0	0	0	0	0	0	0	0	0	0	0	0	0	0	0	0	0	0	0	0	0	37	0	0	0	0	0	0	0	0	0	0	0	0	0	0	0	0	0	0	0	0	0	0	0	0	0	0	0	0	0	0	0	0	0	0	0	0	0	0	0	173	0	0	0	27
75	assemblage-262-403	0	0	0	0	0	0	0	0	0	0	0	0	0	0	112	14	0	0	0	0	9	0	0	0	0	0	0	0	0	0	0	0	0	0	230	0	0	0	0	0	0	0	14	29	0	0	0	0	0	0	0	0	0	0	0	0	0	8	0	0	54	15	0	0	0	0	0	0	0	0	0	0	0	0	0	15

76	assemblage-175-734	0	0	0	0	3	0	0	0	0	145	0	0	0	0	0	0	0	0	0	0	0	0	0	0	0	0	0	0	204	0	0	81	0	0	0	0	0	0	0	0	0	0	0	0	0	26	0	0	0	0	0	0	0	0	10	0	0	0	0	0	0	0	0	0	15	0	0	0	0	0	0	6	0	0	0	10
76	assemblage-984-844	0	0	0	0	0	0	0	0	0	0	0	0	0	0	14	0	0	0	0	0	0	0	0	0	0	0	0	0	0	0	0	172	0	0	87	0	0	0	0	0	0	0	0	163	0	27	0	0	0	0	0	0	0	0	0	0	0	0	0	0	0	0	0	0	0	0	0	0	0	0	0	21	0	0	0	16
76	assemblage-619-223	0	0	0	0	0	0	0	0	0	0	0	0	0	0	0	0	0	0	0	0	0	0	0	0	0	0	0	0	0	0	0	0	0	0	159	0	0	0	0	0	0	0	0	36	0	0	0	0	0	0	0	0	0	0	0	0	0	0	0	0	0	0	0	0	0	0	0	0	0	0	0	289	0	0	0	16

77	assemblage-175-734	0	0	0	0	3	0	0	0	0	145	0	0	0	0	0	0	0	0	0	0	0	0	0	0	0	0	0	0	204	0	0	81	0	0	0	0	0	0	0	0	0	0	0	0	0	26	0	0	0	0	0	0	0	0	10	0	0	0	0	0	0	0	0	0	15	0	0	0	0	0	0	6	0	0	0	10
77	assemblage-984-844	0	0	0	0	0	0	0	0	0	0	0	0	0	0	14	0	0	0	0	0	0	0	0	0	0	0	0	0	0	0	0	172	0	0	87	0	0	0	0	0	0	0	0	163	0	27	0	0	0	0	0	0	0	0	0	0	0	0	0	0	0	0	0	0	0	0	0	0	0	0	0	21	0	0	0	16
77	assemblage-261-408	0	0	0	0	0	0	0	0	0	0	0	0	0	0	118	0	0	0	0	0	0	0	0	0	0	0	0	0	0	0	0	262	0	0	4	0	0	0	0	0	35	0	20	0	0	0	0	0	0	0	0	0	0	0	0	0	0	0	0	0	11	0	0	0	0	0	0	0	0	0	0	35	0	0	0	15

78	assemblage-175-734	0	0	0	0	3	0	0	0	0	145	0	0	0	0	0	0	0	0	0	0	0	0	0	0	0	0	0	0	204	0	0	81	0	0	0	0	0	0	0	0	0	0	0	0	0	26	0	0	0	0	0	0	0	0	10	0	0	0	0	0	0	0	0	0	15	0	0	0	0	0	0	6	0	0	0	10
78	assemblage-984-844	0	0	0	0	0	0	0	0	0	0	0	0	0	0	14	0	0	0	0	0	0	0	0	0	0	0	0	0	0	0	0	172	0	0	87	0	0	0	0	0	0	0	0	163	0	27	0	0	0	0	0	0	0	0	0	0	0	0	0	0	0	0	0	0	0	0	0	0	0	0	0	21	0	0	0	16
78	assemblage-685-371	0	0	0	0	0	0	0	0	0	0	0	0	0	0	0	0	0	0	0	0	0	0	0	0	30	0	0	0	0	0	0	44	0	0	0	0	0	0	0	0	0	0	0	0	10	22	0	0	0	0	9	0	0	0	0	0	0	0	0	0	0	0	0	0	0	0	0	0	0	0	0	359	17	0	0	9

79	assemblage-175-734	0	0	0	0	3	0	0	0	0	145	0	0	0	0	0	0	0	0	0	0	0	0	0	0	0	0	0	0	204	0	0	81	0	0	0	0	0	0	0	0	0	0	0	0	0	26	0	0	0	0	0	0	0	0	10	0	0	0	0	0	0	0	0	0	15	0	0	0	0	0	0	6	0	0	0	10
79	assemblage-984-844	0	0	0	0	0	0	0	0	0	0	0	0	0	0	14	0	0	0	0	0	0	0	0	0	0	0	0	0	0	0	0	172	0	0	87	0	0	0	0	0	0	0	0	163	0	27	0	0	0	0	0	0	0	0	0	0	0	0	0	0	0	0	0	0	0	0	0	0	0	0	0	21	0	0	0	16
79	assemblage-262-403	0	0	0	0	0	0	0	0	0	0	0	0	0	0	112	14	0	0	0	0	9	0	0	0	0	0	0	0	0	0	0	0	0	0	230	0	0	0	0	0	0	0	14	29	0	0	0	0	0	0	0	0	0	0	0	0	0	8	0	0	54	15	0	0	0	0	0	0	0	0	0	0	0	0	0	15

