Assemblage_Name	3-2-0	3-2530791-2	2-2589167-4	2-3013581-4	734333-4-4	3-7963108-2	795512-4-4	3-5972713-2	0-2-4	2-4-4816344	2-5646354-4	9939170-4-4	5249610-4-2	5098138-4-4	2-4-4532899	2-702178-4	3-1807285-2	6904333-2661141-4	3-5623195-2	3-7972352-2	1799529-4-2	3-5345525-2	2-3953254-4	9780433-2-4	2-4-4076688	2-1-4	3-4088199-2	2-7783660-4	6040132-4-4	3-4-2742203	7086763-4-2	3-4-2	3-4-5650322	2-6908559-4	9955001-2-4	317173-4-4	2-4292597-4	3310522-4-2	6842674-4-4	3-4-3099159	2-4-4	3-6460983-2	5314562-4-2	2-327688-4	186010-4-4	6904333-4-4	3-1049934-2	8956863-4-4	7006762-2-4	3-4150264-2	5218087-4-4	2-8465441-4	5893755-4-4	0-2-7369572	2339304-4-4	2-9795452-4	3-113056-2	2-5677280-4	0-2-6248925
assemblage-37-7	0	0	0	0	0	0	0	0	0	0	0	0	0	0	0	0	0	0	0	0	0	0	0	0	0	0	0	0	0	0	0	26667	3	0	0	0	0	0	0	0	2274	0	0	0	0	0	0	0	0	0	0	0	0	0	0	0	0	0	0
assemblage-54-10	0	0	0	0	0	0	0	0	7644	0	0	0	0	0	0	0	0	0	0	1	0	0	0	0	0	0	0	0	0	0	0	12933	0	0	0	0	0	0	0	0	8286	0	0	0	0	1508	0	0	0	0	316	0	0	0	0	0	0	0	0
assemblage-32-54	0	0	0	0	0	0	0	0	0	0	0	0	0	0	0	0	0	0	0	0	0	0	0	0	0	0	0	0	0	0	0	8907	0	0	0	0	0	0	0	0	20037	0	0	0	0	0	0	0	0	0	0	0	0	0	0	0	0	0	0
assemblage-2-12	0	0	0	0	0	0	0	0	0	0	0	0	0	0	0	0	0	0	0	0	0	0	0	0	0	0	0	0	0	0	4110	9316	0	0	0	0	0	0	0	0	15440	0	0	0	0	0	0	0	0	0	0	0	0	0	0	0	0	0	0
assemblage-64-65	0	0	0	0	0	0	0	0	6192	0	0	0	0	0	0	0	0	0	0	0	0	0	0	0	0	0	0	0	0	1	5197	49751	0	0	0	0	1	0	0	0	55321	0	0	0	0	38	0	0	0	0	220	0	0	0	0	0	2	0	0
assemblage-32-21	0	0	0	0	0	0	0	0	0	0	0	0	0	0	0	0	0	0	0	0	0	0	0	0	0	0	0	0	0	0	438	9	0	0	0	0	0	0	0	0	28419	0	0	0	0	0	0	0	0	0	0	0	0	0	0	0	0	0	0
assemblage-44-36	0	0	0	0	0	0	0	0	15145	0	0	0	0	0	0	0	0	0	0	0	0	0	0	0	0	11357	0	0	0	0	0	1995	0	0	0	0	0	0	0	1	2181	0	0	0	0	8	0	0	0	0	0	0	0	0	0	0	0	1	0
assemblage-16-33	0	0	0	0	0	0	0	0	0	0	0	0	0	0	0	0	0	0	0	0	0	0	0	0	0	0	0	0	0	0	0	20372	0	0	0	0	0	0	0	0	8568	0	0	0	0	0	0	0	0	0	4	0	0	0	0	0	0	0	0
assemblage-44-10	0	0	0	0	0	0	0	0	0	0	0	0	0	0	0	0	0	0	0	0	0	0	0	0	0	0	0	0	0	0	3704	1153	0	0	0	0	0	0	0	0	24009	0	0	0	0	0	0	0	0	0	0	0	0	0	0	0	0	0	0
assemblage-55-5	0	0	0	0	0	0	0	0	0	0	0	0	0	0	0	0	0	0	0	0	0	0	0	0	0	0	0	0	0	0	3745	2065	0	0	0	0	0	0	0	0	23056	0	0	0	0	0	0	0	0	0	0	0	0	0	0	0	0	0	0
assemblage-59-43	0	0	0	0	0	0	0	0	0	0	0	0	0	0	0	0	0	0	0	0	0	0	0	0	0	0	0	0	0	0	0	19240	0	0	0	0	0	0	0	0	9704	0	0	0	0	0	0	0	0	0	0	0	0	0	0	0	0	0	0
assemblage-53-62	288	0	0	0	0	0	0	0	1570	0	0	0	0	0	0	0	0	0	0	0	0	0	0	0	0	87	0	0	0	0	0	939	0	0	0	0	0	0	0	0	2194	0	0	0	0	141	0	0	0	0	0	0	0	0	0	0	0	0	0
assemblage-11-3	0	0	0	0	0	0	0	0	0	0	0	0	0	0	0	0	0	0	0	0	0	0	0	0	0	0	0	0	0	0	152	571	0	0	0	0	0	0	0	0	28143	0	0	0	0	0	0	0	0	0	0	0	0	0	0	0	0	0	0
assemblage-57-35	0	0	0	0	0	0	0	0	0	0	0	0	0	0	0	0	0	0	0	0	0	0	0	0	0	0	0	0	0	0	0	26218	0	0	0	0	0	0	0	0	2726	0	0	0	0	0	0	0	0	0	0	0	0	0	0	0	0	0	0
assemblage-31-23	0	0	0	0	0	0	0	0	4528	0	0	0	0	0	0	0	0	0	0	0	0	0	0	0	0	0	0	0	0	0	0	23190	0	0	0	0	0	0	0	0	31602	0	0	0	0	262	0	0	0	1	49	0	0	0	0	0	0	0	0
assemblage-17-26	0	0	0	0	0	0	0	0	0	0	0	0	0	0	0	0	0	0	0	0	0	0	0	0	0	0	0	0	0	0	0	27562	0	0	0	0	0	0	0	0	1366	0	0	0	0	0	16	0	0	0	0	0	0	0	0	0	0	0	0
assemblage-48-41	24	0	0	0	0	0	0	0	1123	0	0	0	0	0	0	0	0	0	0	0	0	0	0	0	0	989	0	0	0	0	0	1030	0	0	0	0	0	0	0	0	1033	0	0	0	0	1020	0	0	0	0	0	0	0	0	0	0	0	0	0
assemblage-51-49	134	0	0	0	0	0	0	0	6116	0	0	0	0	0	0	1	0	0	0	0	0	0	0	0	0	90	0	0	0	0	0	9563	0	0	0	0	0	0	0	0	18996	0	0	0	0	1007	0	0	0	0	0	0	0	0	0	0	0	0	0
assemblage-6-20	0	0	0	0	0	0	0	0	5174	0	0	0	0	0	0	0	0	0	0	0	0	0	0	0	0	0	0	0	0	0	0	42	0	0	1	0	0	0	0	0	2	0	0	0	0	0	0	0	0	0	0	0	0	0	0	0	0	0	0
assemblage-17-73	0	0	0	0	0	0	0	0	0	0	0	0	0	0	0	0	0	0	0	0	0	0	0	0	0	0	0	0	0	0	315	1046	0	0	0	0	0	0	0	0	27505	0	0	0	0	0	0	0	0	0	0	0	0	0	0	0	0	0	0
assemblage-12-37	0	0	0	0	0	0	0	0	0	0	0	0	0	0	0	0	0	0	0	0	0	0	0	0	0	0	0	0	0	0	0	24827	0	0	0	0	0	0	0	0	3398	0	0	0	0	0	0	0	0	0	0	0	0	0	0	0	0	0	0
assemblage-66-2	0	0	0	0	0	0	0	0	0	0	0	0	0	0	0	0	0	0	0	0	0	0	0	0	0	0	0	0	0	0	3828	3410	0	0	0	0	0	0	0	0	21628	0	0	0	0	0	0	0	0	0	0	0	0	0	0	0	0	0	0
assemblage-6-68	0	0	0	0	0	0	0	1	3942	0	0	0	0	0	0	0	0	0	0	0	0	0	0	0	0	0	0	0	0	0	0	17391	0	0	0	1	0	0	0	0	9080	0	0	0	0	273	0	0	0	0	0	0	0	0	0	0	0	0	0
assemblage-28-48	0	0	0	0	0	0	0	0	0	0	0	0	0	0	0	0	0	0	0	0	0	0	0	0	0	0	0	0	0	0	1475	26841	0	0	0	0	0	0	0	0	57554	0	0	0	0	0	0	0	0	0	164	1	0	0	0	0	0	0	0
assemblage-67-71	0	0	0	8	0	0	0	0	0	0	0	0	0	0	0	0	0	0	0	0	0	0	0	0	0	0	0	0	0	0	242	4090	0	0	0	0	0	0	0	0	24526	0	0	0	0	0	0	0	0	0	0	0	0	0	0	0	0	0	0
assemblage-17-56	0	0	0	0	0	0	0	0	22958	0	0	0	0	0	0	0	0	0	0	0	0	0	0	0	0	67	0	0	0	0	0	9802	0	0	0	0	0	0	0	0	2363	0	0	0	0	717	0	0	0	0	0	0	0	0	0	0	0	0	0
assemblage-7-33	46	0	0	0	0	0	0	0	38	0	0	0	0	0	0	0	0	0	0	0	0	0	0	0	0	91	0	0	0	0	0	4	0	0	0	0	0	0	0	0	5040	0	0	0	0	0	0	0	0	0	0	0	0	0	0	0	0	0	0
assemblage-48-10	0	0	0	0	0	0	0	0	10190	0	0	0	0	0	0	0	0	0	0	0	0	0	0	0	0	0	0	0	0	0	0	10083	0	0	0	0	0	0	0	0	10409	0	0	0	0	6	0	0	0	0	0	0	0	0	0	0	0	0	0
assemblage-72-67	0	0	0	0	0	1	0	0	0	0	0	0	0	0	0	0	0	0	0	0	0	0	0	0	0	0	0	0	0	0	62	17618	0	0	0	0	0	0	0	0	10544	0	0	0	0	0	0	0	0	0	0	0	0	0	0	0	0	0	0
assemblage-38-27	0	0	0	0	0	0	0	0	0	0	0	0	0	0	0	0	0	0	0	0	0	0	0	0	0	0	0	0	0	0	9520	56215	0	0	0	0	0	0	0	0	20298	0	0	0	1	0	0	0	0	0	0	0	0	0	0	1	0	0	0
assemblage-15-49	0	0	0	0	0	0	0	0	0	0	0	0	0	0	0	0	0	0	0	0	0	0	0	0	0	0	0	0	0	0	0	22396	0	0	0	0	0	0	0	0	6548	0	0	0	0	0	0	0	0	0	0	0	0	0	0	0	0	0	0
assemblage-43-49	0	0	0	0	0	0	0	0	0	0	0	0	0	0	3	0	0	0	0	0	0	0	0	0	0	0	0	0	0	0	169	5231	0	0	0	0	0	0	0	0	23462	0	1	0	0	0	0	0	0	0	0	0	0	0	0	0	0	0	0
assemblage-71-21	0	0	0	0	0	0	0	0	2090	0	0	0	0	0	0	0	0	0	0	0	0	0	0	0	0	9	0	0	0	0	0	708	0	0	0	0	0	0	0	0	340	0	0	0	0	2072	0	0	0	0	0	0	0	0	0	0	0	0	0
assemblage-39-44	0	0	0	0	0	0	0	0	3250	0	0	0	0	0	0	0	0	0	0	0	0	23	0	0	0	105	0	0	0	0	0	24497	0	0	0	0	0	0	0	0	2289	0	0	0	0	524	0	0	0	0	0	0	0	0	0	0	0	0	0
assemblage-33-69	0	0	0	0	0	0	0	0	5141	0	0	0	0	0	0	0	0	0	0	0	0	0	0	1	0	0	0	0	0	0	0	72	0	0	5	0	0	0	0	0	0	0	0	0	0	0	0	0	0	0	0	0	0	0	0	0	0	0	0
assemblage-54-47	0	0	0	0	0	0	0	0	0	0	0	0	0	0	0	0	0	0	0	0	0	0	0	0	0	0	0	0	0	0	490	31	0	0	0	0	0	0	0	0	28345	0	0	0	0	0	0	0	0	0	0	0	0	0	0	0	0	0	0
assemblage-70-50	0	0	0	0	0	0	0	0	0	0	0	0	0	0	0	0	0	0	0	0	0	0	2	0	0	0	0	0	0	0	0	50679	0	0	0	0	0	0	0	0	6482	1	0	0	0	0	1	0	0	0	4	0	0	0	0	0	0	0	0
assemblage-42-61	0	0	0	0	0	0	0	0	519	0	0	0	0	0	0	0	0	0	0	0	0	0	0	0	0	2148	0	0	0	0	0	266	0	0	0	0	0	0	0	0	2263	0	0	0	0	23	0	0	0	0	0	0	0	0	0	0	0	0	0
assemblage-25-74	0	0	0	0	0	0	0	0	0	0	0	0	0	0	0	0	0	0	0	0	0	0	0	0	0	0	0	0	0	0	69	23834	0	0	0	0	0	1	0	0	4321	0	0	0	0	0	0	0	0	0	0	0	0	0	0	0	0	0	0
assemblage-63-62	0	0	0	0	0	0	0	0	0	0	0	0	0	0	0	0	0	0	0	0	0	0	0	0	0	5216	0	0	0	0	0	0	0	0	0	0	0	0	0	0	3	0	0	0	0	0	0	0	0	0	0	0	0	0	0	0	0	0	0
assemblage-24-5	0	0	0	0	0	0	0	0	6110	0	0	0	0	0	0	0	0	0	0	0	0	0	0	0	0	25790	0	0	0	0	0	2784	0	0	0	0	0	0	0	0	1223	0	0	0	0	0	0	0	0	0	0	0	0	0	0	0	0	0	0
assemblage-3-42	0	0	0	0	0	0	0	0	0	0	0	0	0	0	0	0	0	0	0	0	0	0	0	0	0	5218	0	0	0	0	0	0	0	0	0	0	0	0	0	0	1	0	0	0	0	0	0	0	0	0	0	0	0	0	0	0	0	0	0
assemblage-29-52	0	0	0	0	0	0	0	0	0	0	0	0	0	0	0	0	0	0	0	0	1	0	0	0	0	0	0	0	0	0	788	7	0	0	0	0	0	0	0	0	28070	0	0	0	0	0	0	0	0	0	0	0	0	0	0	0	0	0	0
assemblage-21-17	0	0	0	0	0	0	0	0	5386	0	0	0	0	0	0	0	0	0	0	0	0	0	0	0	0	0	0	0	0	0	0	16142	0	0	0	0	0	0	0	0	9124	0	0	0	0	12	0	0	0	0	24	0	0	0	0	0	0	0	0
assemblage-73-43	0	0	0	0	0	0	0	0	0	0	0	0	0	0	0	0	0	0	0	0	0	0	0	0	0	0	0	0	0	0	31	10553	0	0	0	0	0	0	0	0	17641	0	0	0	0	0	0	0	0	0	0	0	0	0	0	0	0	0	0
assemblage-10-51	0	0	0	0	0	0	0	0	0	0	0	0	0	0	0	0	0	0	0	0	0	0	0	0	0	0	0	0	0	0	4529	47351	0	0	0	0	0	0	0	0	5210	0	0	1	0	0	0	0	0	0	0	0	0	0	0	0	0	0	0
assemblage-36-54	0	0	0	0	0	0	0	0	13923	0	0	0	0	0	0	0	0	0	0	0	0	0	0	0	0	0	0	0	0	0	0	11607	0	0	0	0	0	0	0	0	5145	0	0	0	0	13	0	0	0	0	0	0	0	0	0	0	0	0	0
assemblage-16-44	0	0	0	0	0	0	1	0	11617	0	0	0	0	0	0	0	0	1	0	0	0	0	0	0	0	5	0	0	2	0	0	10180	0	0	0	0	0	0	0	0	2633	0	0	0	0	11450	0	0	0	0	0	0	0	18	0	0	0	0	0
assemblage-15-32	0	0	0	0	0	0	0	0	5181	0	0	0	0	0	0	0	0	0	0	0	0	0	0	0	0	0	0	0	0	0	0	38	0	0	0	0	0	0	0	0	0	0	0	0	0	0	0	0	0	0	0	0	0	0	0	0	0	0	0
assemblage-32-65	0	0	0	0	0	0	0	0	0	0	0	0	0	0	0	0	0	0	0	0	0	0	0	0	0	0	0	0	0	0	174	17691	0	0	0	0	0	0	0	0	10360	0	0	0	0	0	0	0	0	0	0	0	0	0	0	0	0	0	0
assemblage-60-61	0	0	0	0	0	0	0	0	10	0	0	0	0	0	0	0	0	0	0	0	0	0	0	0	0	0	0	0	0	0	0	0	0	0	0	0	0	0	0	0	0	0	0	0	0	5209	0	0	0	0	0	0	0	0	0	0	0	0	0
assemblage-69-65	0	0	0	0	0	0	0	0	4265	0	0	0	0	0	0	0	0	0	0	0	0	0	0	0	0	119	0	0	0	0	0	634	0	0	0	0	0	0	0	0	68	0	0	0	0	133	0	0	0	0	0	0	0	0	0	0	0	0	0
assemblage-9-27	0	0	0	0	0	0	0	0	12684	0	0	0	0	0	0	0	0	0	0	0	0	0	0	0	0	0	0	0	0	0	0	14656	0	0	0	0	0	0	0	0	3071	0	0	0	0	273	0	0	1	0	3	0	0	0	0	0	0	0	0
assemblage-59-14	0	0	0	0	0	0	0	0	0	0	0	0	0	0	0	0	0	0	0	0	0	0	0	0	0	0	0	0	0	0	0	13210	0	0	0	0	0	0	0	0	15488	0	0	0	0	0	0	5	0	0	241	0	0	0	0	0	0	0	0
assemblage-61-65	0	0	0	0	0	0	0	0	0	0	0	0	0	0	0	0	0	0	0	0	0	0	0	0	0	0	4	0	0	0	33	17142	0	0	0	0	0	0	0	0	11046	0	0	0	0	0	0	0	0	0	0	0	0	0	0	0	0	0	0
assemblage-61-64	0	0	0	0	0	0	0	0	0	0	0	7	0	0	0	0	0	0	0	0	0	0	0	0	0	0	0	0	0	0	52	9476	0	0	0	0	0	0	0	0	18690	0	0	0	0	0	0	0	0	0	0	0	0	0	0	0	0	0	0
assemblage-58-31	0	3	0	0	0	0	0	0	5228	0	0	0	1	0	0	0	6	0	0	0	0	0	0	0	0	0	0	0	0	0	0	46155	0	0	0	0	0	0	0	0	8061	0	0	0	0	171	7	0	0	0	0	0	0	0	0	0	0	0	0
assemblage-39-33	0	0	0	0	0	0	0	0	0	0	0	0	0	0	0	0	0	0	0	0	0	0	0	0	0	0	0	0	0	0	0	18229	0	0	0	0	0	0	0	0	10713	0	0	0	0	0	0	0	0	0	2	0	0	0	0	0	0	0	0
assemblage-47-50	0	0	0	2	1	0	0	0	0	1	1	0	0	0	0	0	0	0	0	0	0	0	0	0	0	0	0	0	0	0	1040	2950	0	0	0	0	0	0	0	0	24870	0	0	0	0	0	0	0	0	0	0	0	1	0	0	0	0	0	0
assemblage-25-2	0	0	0	0	0	0	0	0	0	0	0	0	0	0	0	0	0	0	0	0	0	0	0	0	0	0	0	0	0	0	42	14345	0	0	0	0	0	0	0	0	13838	0	0	0	0	0	0	0	0	0	0	0	0	0	0	0	0	0	0
assemblage-41-54	0	0	0	0	0	0	0	0	0	0	0	0	0	0	0	0	0	0	2	0	0	0	0	0	11	0	0	0	0	0	0	15154	0	0	0	0	0	0	0	0	13058	0	0	0	0	0	0	0	0	0	0	0	0	0	0	0	0	0	0
assemblage-74-56	0	0	0	0	0	0	0	0	1	0	0	0	0	0	0	0	0	0	0	0	0	0	0	0	0	0	0	0	0	0	0	5217	0	0	0	0	0	0	0	0	1	0	0	0	0	0	0	0	0	0	0	0	0	0	0	0	0	0	0
assemblage-2-62	0	0	0	0	0	0	0	0	8950	0	0	0	0	0	0	0	0	0	0	0	0	3	0	0	0	3307	0	0	0	0	0	10533	0	0	0	0	0	0	0	0	7157	0	0	0	0	691	0	0	0	0	45	0	0	2	0	0	0	0	0
assemblage-28-72	0	0	0	0	0	0	0	0	1	0	0	0	0	0	0	0	0	0	0	0	0	0	0	0	0	0	0	0	0	0	0	3	0	0	0	0	0	0	0	0	1	0	0	0	0	5214	0	0	0	0	0	0	0	0	0	0	0	0	0
assemblage-26-20	0	0	0	0	0	0	0	0	13906	0	0	0	0	0	0	0	0	0	0	0	0	0	0	0	0	14045	0	0	0	0	0	1583	0	0	0	0	0	0	0	0	1153	0	0	0	0	1	0	0	0	0	0	0	0	0	0	0	0	0	0
assemblage-30-22	0	0	0	0	0	0	0	0	0	0	0	0	0	0	0	0	0	0	17	0	0	0	0	0	0	0	0	0	0	0	0	10435	0	0	0	0	0	0	0	0	17769	0	0	0	0	0	0	0	0	0	0	0	0	0	4	0	0	0	0
assemblage-27-51	0	0	0	0	0	0	0	0	0	0	0	0	0	0	0	0	0	0	0	0	0	0	0	0	0	0	0	0	0	0	4793	18252	0	0	0	0	0	0	0	0	34046	0	0	0	0	0	0	0	0	0	0	0	0	0	0	0	0	0	0
assemblage-10-6	0	0	0	0	0	0	0	0	4	0	0	0	0	0	0	0	0	0	0	0	0	0	0	0	0	0	0	0	0	0	0	5214	0	0	0	0	0	0	0	0	1	0	0	0	0	0	0	0	0	0	0	0	0	0	0	0	0	0	0
assemblage-46-24	0	0	2	0	2	0	0	0	0	0	0	0	0	2	0	0	0	0	0	0	0	0	0	0	0	0	0	0	0	0	201	2078	0	1	0	0	0	0	0	0	26580	0	0	0	0	0	0	0	0	0	0	0	0	0	0	0	0	0	0
assemblage-66-45	0	0	0	0	0	0	0	0	0	0	0	0	0	0	0	0	0	0	0	0	0	0	0	0	0	0	0	0	0	0	0	5984	0	0	0	0	0	0	0	0	22241	0	0	0	0	0	0	0	0	0	0	0	0	0	0	0	0	0	0
assemblage-68-49	120	0	0	0	0	0	0	0	8446	0	0	0	0	0	0	0	0	0	0	0	0	0	0	0	0	46	0	24	0	0	0	30752	0	0	0	0	0	0	1	0	25394	0	0	0	0	30	0	0	0	0	28	0	0	0	0	0	0	0	10
assemblage-54-71	0	0	0	0	0	0	0	0	0	0	0	0	0	0	0	0	0	0	0	0	0	0	0	0	0	0	0	1	0	0	0	19550	0	0	0	0	0	0	0	0	9354	0	0	0	0	0	2	0	0	0	37	0	0	0	0	0	0	0	0
assemblage-20-62	0	0	0	0	0	0	0	0	83	0	0	0	0	0	0	0	0	0	0	0	0	0	0	0	0	0	0	0	0	0	0	5136	0	0	0	0	0	0	0	0	0	0	0	0	0	0	0	0	0	0	0	0	0	0	0	0	0	0	0
assemblage-13-67	0	0	0	0	0	0	0	0	0	0	0	0	0	0	0	0	0	0	0	0	0	0	0	0	0	0	0	0	0	0	0	17534	0	0	0	0	0	0	0	0	10691	0	0	0	0	0	0	0	0	0	0	0	0	0	0	0	0	0	0
assemblage-37-15	0	0	0	0	0	0	0	0	0	12	0	0	0	0	0	0	0	0	0	0	0	0	0	0	0	0	0	0	0	0	381	710	0	0	0	0	0	0	0	0	27760	0	0	0	0	0	0	0	0	0	0	0	3	0	0	0	0	0	0
