Assemblage_Name	6278862-0-4	1-1-1	3-5437308-1	4122708-6092088-1	3137862-0-4	1-0-4	4122708-7696843-9020058	4122708-9524480-1	7994592-7057881-4798394	4122708-8858550-9020058	4122708-368458-1	4122708-7057881-8728393	4122708-5054630-1	4122708-533743-4183744	8291512-5796611-5909726	3-0-885661	4122708-4111701-1	4451947-7057881-9020058	3156360-0-1	0-7182328-3	5901222-8746381-1	7994592-7057881-9020058	0-1-3	8593696-7057881-7668173	5901222-7057881-1	4122708-4512747-1	6877217-0-1	4979587-7057881-1	1-1419806-4	7994592-5945578-9020058	1-1-6445342	3-7056631-1	2-2-4	3-4646215-1	4122708-2548673-1	4122708-9173726-3597671	5901222-8819837-1	9982968-7057881-1	3-1-1	3-1-4	3100670-7057881-1	4122708-6764257-1	240441-0-4	4122708-7057881-7668173	4122708-7057881-9318974	4122708-7057881-7880574	4122708-9173726-1	4122708-2229869-9020058	8223918-7057881-9020058	1-0-7788596	0-5796611-3	4122708-7057881-1	4122708-7057881-9020058	2071973-0-4	2936605-5796611-3	0-5796611-6495450	3-0-1	4122708-7057881-4183744	4122708-8447117-1	4122708-8378225-1	1326126-7057881-1	1326126-6150652-1	6688220-7057881-9020058	4122708-3410732-1	9438794-7057881-1	3-3-4	4122708-5387930-1	0-5796611-5909726	9704867-7057881-9020058	1017114-5796611-5909726	4122708-9173726-505969	4122708-9173726-3063168
assemblage-762-980	0	0	0	0	0	161	0	0	0	0	0	0	0	0	0	0	0	0	0	0	0	0	0	0	0	0	0	0	0	0	0	0	0	0	0	0	0	0	0	0	0	0	0	0	0	0	0	0	0	0	0	330	0	0	0	0	0	0	0	0	0	0	0	0	0	0	0	0	0	0	0	9
assemblage-439-709	0	0	0	0	0	0	0	0	0	0	18	0	0	0	0	0	5	0	0	0	0	0	0	0	0	0	0	0	0	0	0	0	0	0	0	0	0	0	0	0	0	0	0	0	0	0	0	0	0	0	0	336	19	0	0	0	0	101	0	0	0	0	0	0	0	0	0	0	0	0	0	21
assemblage-978-616	0	0	0	0	0	440	0	0	0	0	0	0	0	0	0	0	0	0	0	0	0	0	0	0	0	0	0	0	40	0	0	0	0	0	0	0	0	0	0	0	0	0	0	0	0	0	0	0	0	0	0	0	0	0	0	0	0	0	0	0	0	0	0	0	0	5	0	0	0	0	0	15
assemblage-1011-185	0	0	0	0	0	0	0	0	0	0	0	0	0	0	0	0	0	23	0	0	0	0	0	0	0	0	0	0	0	0	0	0	0	0	0	0	0	0	0	0	0	0	0	0	0	0	183	46	0	0	0	8	225	0	0	0	0	0	0	0	0	0	0	0	0	0	7	0	0	0	0	8
assemblage-699-477	0	0	0	0	0	14	0	0	0	0	0	0	0	0	0	0	0	0	0	0	0	0	0	0	0	0	0	0	0	0	0	0	0	0	0	0	0	0	0	0	0	29	0	0	0	0	0	0	0	0	0	374	63	0	0	0	0	0	0	0	0	0	0	13	0	0	0	0	0	0	0	7
assemblage-945-543	0	0	0	0	0	0	0	0	0	0	0	0	0	0	0	0	0	0	0	0	0	0	0	0	0	0	0	2	0	0	0	0	0	0	0	0	0	0	0	0	0	0	0	0	0	0	111	0	0	0	0	239	107	0	0	0	0	0	0	21	0	0	0	0	0	0	0	0	0	0	0	20
assemblage-975-608	0	0	0	0	0	437	0	0	0	0	0	0	0	0	0	0	0	0	0	0	0	0	0	0	0	0	0	0	40	0	0	0	0	0	0	0	0	0	0	0	0	0	10	0	0	0	0	0	0	0	0	0	0	0	0	0	0	0	0	0	0	0	0	0	0	0	0	0	0	0	0	13
assemblage-836-341	0	0	0	0	0	0	0	0	0	0	0	0	0	0	0	0	0	0	0	0	0	0	0	20	0	0	0	0	0	0	0	0	0	0	0	20	0	0	0	0	0	0	0	19	0	0	307	0	0	0	0	107	17	0	0	0	0	0	0	0	0	0	0	0	0	0	0	0	0	0	0	10
assemblage-543-454	0	0	0	15	0	0	0	0	10	0	0	0	0	0	0	0	0	0	0	0	0	95	0	0	0	0	0	0	0	59	0	0	0	0	0	0	0	0	0	0	0	0	0	0	0	0	0	0	0	0	0	124	183	0	0	0	0	0	0	0	0	0	0	6	0	0	0	0	0	0	0	8
assemblage-716-481	0	0	0	0	0	161	0	0	0	0	0	0	0	0	0	0	0	0	0	0	0	0	0	0	0	0	0	0	0	0	0	0	0	0	0	0	0	0	0	0	0	0	0	0	0	0	0	0	0	0	0	322	0	0	0	0	0	0	0	0	0	0	0	0	0	0	0	0	0	0	0	17
assemblage-293-730	0	0	0	0	0	0	0	0	0	0	0	0	8	0	0	0	0	0	0	0	0	0	0	0	0	0	0	0	0	0	0	0	0	0	0	0	20	0	0	0	0	0	0	0	0	0	0	0	6	0	0	17	371	0	0	0	0	0	0	0	38	0	0	0	0	0	0	0	31	0	0	9
assemblage-644-313	0	0	0	0	0	0	0	0	0	0	0	0	0	0	0	0	0	0	0	0	0	0	0	0	0	0	0	0	0	0	0	0	0	57	0	0	0	0	0	0	0	0	0	0	0	0	0	0	0	0	0	0	0	0	0	0	420	0	0	0	0	0	0	0	0	0	0	0	0	0	0	23
assemblage-321-414	0	0	0	0	7	9	0	0	0	0	0	0	0	0	0	0	0	0	0	0	0	0	0	0	0	0	0	0	0	0	0	0	0	0	0	0	0	0	0	0	0	33	0	0	0	6	0	0	0	0	0	359	65	0	0	0	0	0	0	0	0	0	0	17	0	0	0	0	0	0	0	4
assemblage-635-293	0	0	0	0	0	0	0	0	0	0	0	0	0	0	0	0	0	0	0	0	0	0	0	0	0	0	0	0	0	0	0	0	0	57	0	0	0	0	0	0	0	0	0	0	0	0	0	0	0	0	0	0	0	0	0	0	424	0	0	0	0	0	0	0	0	0	0	0	0	0	0	19
assemblage-688-473	0	0	0	0	0	122	0	0	0	0	0	0	0	0	0	0	0	0	0	0	0	0	0	0	0	0	0	0	0	0	0	0	0	0	0	0	0	0	0	0	0	0	0	0	0	0	0	0	0	0	0	361	0	0	0	0	0	0	0	0	0	0	0	0	0	0	0	0	0	0	0	17
assemblage-752-785	0	0	0	0	0	24	0	0	0	0	0	0	0	0	0	0	0	0	0	0	0	0	0	0	0	0	0	0	0	0	0	0	0	0	0	0	0	0	0	0	0	0	0	0	0	0	0	0	0	0	0	410	0	0	0	0	14	0	0	0	0	0	0	0	0	0	0	35	0	0	0	17
