Seriation_Number	Assemblage	3-825984-2	1-2-600017	667985-2-0	1581759-2-4160978	4779043-2-0	1-2-8508308	1-2496825-3	2-8600665-1	3-3-2	887277-2496825-3	3-7628619-2	1-2-210006	2-4-7177737	3-3-5674464	3840620-4-6094288	0-1-0	1-2-2509824	0-2142910-0	0-2980545-0	3988491-3-2	0-5801320-1	7129940-2-0	3-3-8280483	0-1-6432484	7202287-3-2	5220143-3-2	5817480-1-0	3840620-335903-1	1-9391180-0	0-6040300-0	2-9250355-4	0-1-2788888	0-2-1	807526-2-0	2197359-3-5674464	3840620-4-1	2-3092540-1	1-1880518-0	2-4-1	2-4-4	2-0-4	1-4007708-0	1-2496825-6154100	2-4-1098832	2-1940404-1	1-9977624-3	2-9501971-1	7386862-0-4	1-2-5838455	650636-4-1	1-749490-3	1-2-3	1-2-0	3906497-2-0	0-2-4380871	0-2399781-0	1-2-3323407	1-2496825-5460886	2885977-4-1	1-2-5099040	3-4575315-2	1-6649167-0	3889758-1-0	1-761108-0	3134806-2-3
1	assemblage-820-494	0	0	0	0	0	0	0	0	0	0	0	0	0	0	0	0	0	0	0	0	0	0	0	0	0	0	0	0	0	0	0	0	0	0	0	0	0	0	0	0	218	0	0	0	0	0	0	24	0	0	0	0	242	0	0	0	0	0	0	0	0	0	0	0	16
1	assemblage-751-198	0	0	0	0	0	0	30	0	0	0	0	0	0	0	7	0	0	0	0	0	0	0	0	0	0	0	0	0	0	0	0	0	10	0	0	195	0	0	0	0	0	0	10	0	0	0	0	0	0	0	0	77	156	0	0	0	0	0	0	0	0	0	0	0	15
1	assemblage-691-193	0	0	0	0	0	0	32	0	76	0	0	0	0	0	0	0	0	0	0	0	0	0	0	0	0	0	0	0	0	0	0	0	139	0	0	15	0	0	46	0	0	0	0	0	0	0	0	0	0	0	8	71	54	0	0	0	0	51	0	0	0	0	0	0	8

2	assemblage-240-440	0	0	0	0	0	0	0	0	60	0	0	0	0	40	0	123	0	0	4	0	0	0	0	2	0	0	0	0	0	0	0	0	0	0	0	0	0	0	0	0	5	0	0	0	0	0	0	0	0	0	0	122	137	0	0	0	0	0	0	0	0	0	0	0	7
2	assemblage-751-198	0	0	0	0	0	0	30	0	0	0	0	0	0	0	7	0	0	0	0	0	0	0	0	0	0	0	0	0	0	0	0	0	10	0	0	195	0	0	0	0	0	0	10	0	0	0	0	0	0	0	0	77	156	0	0	0	0	0	0	0	0	0	0	0	15
2	assemblage-211-394	0	0	0	0	0	0	0	0	0	0	0	0	0	0	0	0	0	0	0	0	0	0	0	0	0	0	0	0	0	0	0	0	32	0	0	60	0	0	0	0	0	0	0	0	0	0	0	0	0	0	0	0	390	9	0	0	0	0	0	0	0	0	0	0	9

3	assemblage-240-440	0	0	0	0	0	0	0	0	60	0	0	0	0	40	0	123	0	0	4	0	0	0	0	2	0	0	0	0	0	0	0	0	0	0	0	0	0	0	0	0	5	0	0	0	0	0	0	0	0	0	0	122	137	0	0	0	0	0	0	0	0	0	0	0	7
3	assemblage-820-494	0	0	0	0	0	0	0	0	0	0	0	0	0	0	0	0	0	0	0	0	0	0	0	0	0	0	0	0	0	0	0	0	0	0	0	0	0	0	0	0	218	0	0	0	0	0	0	24	0	0	0	0	242	0	0	0	0	0	0	0	0	0	0	0	16
3	assemblage-211-394	0	0	0	0	0	0	0	0	0	0	0	0	0	0	0	0	0	0	0	0	0	0	0	0	0	0	0	0	0	0	0	0	32	0	0	60	0	0	0	0	0	0	0	0	0	0	0	0	0	0	0	0	390	9	0	0	0	0	0	0	0	0	0	0	9

4	assemblage-155-332	0	0	0	0	0	0	0	0	111	0	0	0	0	29	0	126	0	0	14	0	0	0	0	0	0	0	0	0	0	0	0	0	0	0	0	0	0	0	0	0	28	0	0	0	0	0	0	0	0	0	0	98	77	0	0	0	0	0	0	0	0	0	0	0	17
4	assemblage-751-198	0	0	0	0	0	0	30	0	0	0	0	0	0	0	7	0	0	0	0	0	0	0	0	0	0	0	0	0	0	0	0	0	10	0	0	195	0	0	0	0	0	0	10	0	0	0	0	0	0	0	0	77	156	0	0	0	0	0	0	0	0	0	0	0	15
4	assemblage-211-394	0	0	0	0	0	0	0	0	0	0	0	0	0	0	0	0	0	0	0	0	0	0	0	0	0	0	0	0	0	0	0	0	32	0	0	60	0	0	0	0	0	0	0	0	0	0	0	0	0	0	0	0	390	9	0	0	0	0	0	0	0	0	0	0	9

5	assemblage-155-332	0	0	0	0	0	0	0	0	111	0	0	0	0	29	0	126	0	0	14	0	0	0	0	0	0	0	0	0	0	0	0	0	0	0	0	0	0	0	0	0	28	0	0	0	0	0	0	0	0	0	0	98	77	0	0	0	0	0	0	0	0	0	0	0	17
5	assemblage-820-494	0	0	0	0	0	0	0	0	0	0	0	0	0	0	0	0	0	0	0	0	0	0	0	0	0	0	0	0	0	0	0	0	0	0	0	0	0	0	0	0	218	0	0	0	0	0	0	24	0	0	0	0	242	0	0	0	0	0	0	0	0	0	0	0	16
5	assemblage-211-394	0	0	0	0	0	0	0	0	0	0	0	0	0	0	0	0	0	0	0	0	0	0	0	0	0	0	0	0	0	0	0	0	32	0	0	60	0	0	0	0	0	0	0	0	0	0	0	0	0	0	0	0	390	9	0	0	0	0	0	0	0	0	0	0	9

6	assemblage-155-332	0	0	0	0	0	0	0	0	111	0	0	0	0	29	0	126	0	0	14	0	0	0	0	0	0	0	0	0	0	0	0	0	0	0	0	0	0	0	0	0	28	0	0	0	0	0	0	0	0	0	0	98	77	0	0	0	0	0	0	0	0	0	0	0	17
6	assemblage-240-440	0	0	0	0	0	0	0	0	60	0	0	0	0	40	0	123	0	0	4	0	0	0	0	2	0	0	0	0	0	0	0	0	0	0	0	0	0	0	0	0	5	0	0	0	0	0	0	0	0	0	0	122	137	0	0	0	0	0	0	0	0	0	0	0	7
6	assemblage-466-814	0	0	0	0	0	0	36	0	51	0	0	0	0	0	0	0	0	0	0	0	0	0	0	0	0	0	0	0	0	0	0	0	13	0	0	48	0	0	59	0	0	0	0	0	0	0	0	0	0	0	0	21	204	0	0	0	0	0	0	0	63	0	0	0	5

7	assemblage-830-468	0	0	0	0	0	0	0	0	0	0	0	0	0	0	0	0	0	0	0	0	0	0	0	0	0	0	0	0	0	0	0	0	0	0	0	240	0	0	0	0	0	0	0	0	0	0	0	0	0	0	0	75	183	0	0	0	0	0	0	0	0	0	0	0	2
7	assemblage-751-198	0	0	0	0	0	0	30	0	0	0	0	0	0	0	7	0	0	0	0	0	0	0	0	0	0	0	0	0	0	0	0	0	10	0	0	195	0	0	0	0	0	0	10	0	0	0	0	0	0	0	0	77	156	0	0	0	0	0	0	0	0	0	0	0	15
7	assemblage-691-193	0	0	0	0	0	0	32	0	76	0	0	0	0	0	0	0	0	0	0	0	0	0	0	0	0	0	0	0	0	0	0	0	139	0	0	15	0	0	46	0	0	0	0	0	0	0	0	0	0	0	8	71	54	0	0	0	0	51	0	0	0	0	0	0	8

8	assemblage-830-468	0	0	0	0	0	0	0	0	0	0	0	0	0	0	0	0	0	0	0	0	0	0	0	0	0	0	0	0	0	0	0	0	0	0	0	240	0	0	0	0	0	0	0	0	0	0	0	0	0	0	0	75	183	0	0	0	0	0	0	0	0	0	0	0	2
8	assemblage-637-327	0	0	0	0	0	0	0	0	146	0	0	0	0	0	0	0	0	0	0	0	0	0	25	0	0	0	0	0	0	0	0	0	51	0	0	42	0	0	0	0	0	0	0	0	0	0	0	0	0	0	0	8	198	0	0	0	0	0	0	0	28	0	0	0	2
8	assemblage-820-494	0	0	0	0	0	0	0	0	0	0	0	0	0	0	0	0	0	0	0	0	0	0	0	0	0	0	0	0	0	0	0	0	0	0	0	0	0	0	0	0	218	0	0	0	0	0	0	24	0	0	0	0	242	0	0	0	0	0	0	0	0	0	0	0	16

9	assemblage-418-394	4	0	0	0	0	0	9	0	11	0	0	0	0	0	0	149	0	0	0	0	0	0	0	0	0	0	0	0	0	0	0	0	53	0	0	8	0	0	129	0	14	0	0	0	0	0	0	0	0	0	0	106	0	0	0	0	0	0	0	0	0	0	0	0	17
9	assemblage-691-193	0	0	0	0	0	0	32	0	76	0	0	0	0	0	0	0	0	0	0	0	0	0	0	0	0	0	0	0	0	0	0	0	139	0	0	15	0	0	46	0	0	0	0	0	0	0	0	0	0	0	8	71	54	0	0	0	0	51	0	0	0	0	0	0	8
9	assemblage-211-394	0	0	0	0	0	0	0	0	0	0	0	0	0	0	0	0	0	0	0	0	0	0	0	0	0	0	0	0	0	0	0	0	32	0	0	60	0	0	0	0	0	0	0	0	0	0	0	0	0	0	0	0	390	9	0	0	0	0	0	0	0	0	0	0	9

10	assemblage-418-394	4	0	0	0	0	0	9	0	11	0	0	0	0	0	0	149	0	0	0	0	0	0	0	0	0	0	0	0	0	0	0	0	53	0	0	8	0	0	129	0	14	0	0	0	0	0	0	0	0	0	0	106	0	0	0	0	0	0	0	0	0	0	0	0	17
10	assemblage-155-332	0	0	0	0	0	0	0	0	111	0	0	0	0	29	0	126	0	0	14	0	0	0	0	0	0	0	0	0	0	0	0	0	0	0	0	0	0	0	0	0	28	0	0	0	0	0	0	0	0	0	0	98	77	0	0	0	0	0	0	0	0	0	0	0	17
10	assemblage-820-494	0	0	0	0	0	0	0	0	0	0	0	0	0	0	0	0	0	0	0	0	0	0	0	0	0	0	0	0	0	0	0	0	0	0	0	0	0	0	0	0	218	0	0	0	0	0	0	24	0	0	0	0	242	0	0	0	0	0	0	0	0	0	0	0	16

11	assemblage-418-394	4	0	0	0	0	0	9	0	11	0	0	0	0	0	0	149	0	0	0	0	0	0	0	0	0	0	0	0	0	0	0	0	53	0	0	8	0	0	129	0	14	0	0	0	0	0	0	0	0	0	0	106	0	0	0	0	0	0	0	0	0	0	0	0	17
11	assemblage-575-481	0	0	0	0	0	0	0	0	82	0	0	0	0	0	0	0	0	0	0	0	11	0	0	0	0	0	0	0	0	0	0	0	98	0	0	58	0	0	0	0	0	0	0	0	0	0	0	0	0	0	0	25	201	0	0	0	0	0	0	0	19	0	0	0	6
11	assemblage-637-327	0	0	0	0	0	0	0	0	146	0	0	0	0	0	0	0	0	0	0	0	0	0	25	0	0	0	0	0	0	0	0	0	51	0	0	42	0	0	0	0	0	0	0	0	0	0	0	0	0	0	0	8	198	0	0	0	0	0	0	0	28	0	0	0	2

12	assemblage-425-389	0	0	0	0	0	0	0	0	33	0	0	0	0	0	0	73	0	0	0	0	0	0	0	0	0	0	0	0	0	0	0	0	37	0	0	0	0	0	0	0	0	0	0	0	0	0	0	0	0	0	0	0	264	0	0	0	0	0	0	73	0	0	0	0	20
12	assemblage-575-481	0	0	0	0	0	0	0	0	82	0	0	0	0	0	0	0	0	0	0	0	11	0	0	0	0	0	0	0	0	0	0	0	98	0	0	58	0	0	0	0	0	0	0	0	0	0	0	0	0	0	0	25	201	0	0	0	0	0	0	0	19	0	0	0	6
12	assemblage-466-814	0	0	0	0	0	0	36	0	51	0	0	0	0	0	0	0	0	0	0	0	0	0	0	0	0	0	0	0	0	0	0	0	13	0	0	48	0	0	59	0	0	0	0	0	0	0	0	0	0	0	0	21	204	0	0	0	0	0	0	0	63	0	0	0	5

13	assemblage-425-389	0	0	0	0	0	0	0	0	33	0	0	0	0	0	0	73	0	0	0	0	0	0	0	0	0	0	0	0	0	0	0	0	37	0	0	0	0	0	0	0	0	0	0	0	0	0	0	0	0	0	0	0	264	0	0	0	0	0	0	73	0	0	0	0	20
13	assemblage-575-481	0	0	0	0	0	0	0	0	82	0	0	0	0	0	0	0	0	0	0	0	11	0	0	0	0	0	0	0	0	0	0	0	98	0	0	58	0	0	0	0	0	0	0	0	0	0	0	0	0	0	0	25	201	0	0	0	0	0	0	0	19	0	0	0	6
13	assemblage-637-327	0	0	0	0	0	0	0	0	146	0	0	0	0	0	0	0	0	0	0	0	0	0	25	0	0	0	0	0	0	0	0	0	51	0	0	42	0	0	0	0	0	0	0	0	0	0	0	0	0	0	0	8	198	0	0	0	0	0	0	0	28	0	0	0	2

14	assemblage-425-389	0	0	0	0	0	0	0	0	33	0	0	0	0	0	0	73	0	0	0	0	0	0	0	0	0	0	0	0	0	0	0	0	37	0	0	0	0	0	0	0	0	0	0	0	0	0	0	0	0	0	0	0	264	0	0	0	0	0	0	73	0	0	0	0	20
14	assemblage-575-481	0	0	0	0	0	0	0	0	82	0	0	0	0	0	0	0	0	0	0	0	11	0	0	0	0	0	0	0	0	0	0	0	98	0	0	58	0	0	0	0	0	0	0	0	0	0	0	0	0	0	0	25	201	0	0	0	0	0	0	0	19	0	0	0	6
14	assemblage-830-468	0	0	0	0	0	0	0	0	0	0	0	0	0	0	0	0	0	0	0	0	0	0	0	0	0	0	0	0	0	0	0	0	0	0	0	240	0	0	0	0	0	0	0	0	0	0	0	0	0	0	0	75	183	0	0	0	0	0	0	0	0	0	0	0	2

15	assemblage-128-357	0	0	0	0	0	0	0	0	85	0	0	0	0	24	0	152	0	0	0	0	0	0	0	19	0	0	0	0	0	0	0	0	0	0	0	0	0	0	0	0	28	0	0	0	0	0	0	0	0	0	0	65	110	0	0	0	0	0	0	0	0	0	0	0	17
15	assemblage-751-198	0	0	0	0	0	0	30	0	0	0	0	0	0	0	7	0	0	0	0	0	0	0	0	0	0	0	0	0	0	0	0	0	10	0	0	195	0	0	0	0	0	0	10	0	0	0	0	0	0	0	0	77	156	0	0	0	0	0	0	0	0	0	0	0	15
15	assemblage-211-394	0	0	0	0	0	0	0	0	0	0	0	0	0	0	0	0	0	0	0	0	0	0	0	0	0	0	0	0	0	0	0	0	32	0	0	60	0	0	0	0	0	0	0	0	0	0	0	0	0	0	0	0	390	9	0	0	0	0	0	0	0	0	0	0	9

16	assemblage-128-357	0	0	0	0	0	0	0	0	85	0	0	0	0	24	0	152	0	0	0	0	0	0	0	19	0	0	0	0	0	0	0	0	0	0	0	0	0	0	0	0	28	0	0	0	0	0	0	0	0	0	0	65	110	0	0	0	0	0	0	0	0	0	0	0	17
16	assemblage-820-494	0	0	0	0	0	0	0	0	0	0	0	0	0	0	0	0	0	0	0	0	0	0	0	0	0	0	0	0	0	0	0	0	0	0	0	0	0	0	0	0	218	0	0	0	0	0	0	24	0	0	0	0	242	0	0	0	0	0	0	0	0	0	0	0	16
16	assemblage-211-394	0	0	0	0	0	0	0	0	0	0	0	0	0	0	0	0	0	0	0	0	0	0	0	0	0	0	0	0	0	0	0	0	32	0	0	60	0	0	0	0	0	0	0	0	0	0	0	0	0	0	0	0	390	9	0	0	0	0	0	0	0	0	0	0	9

17	assemblage-128-357	0	0	0	0	0	0	0	0	85	0	0	0	0	24	0	152	0	0	0	0	0	0	0	19	0	0	0	0	0	0	0	0	0	0	0	0	0	0	0	0	28	0	0	0	0	0	0	0	0	0	0	65	110	0	0	0	0	0	0	0	0	0	0	0	17
17	assemblage-240-440	0	0	0	0	0	0	0	0	60	0	0	0	0	40	0	123	0	0	4	0	0	0	0	2	0	0	0	0	0	0	0	0	0	0	0	0	0	0	0	0	5	0	0	0	0	0	0	0	0	0	0	122	137	0	0	0	0	0	0	0	0	0	0	0	7
17	assemblage-466-814	0	0	0	0	0	0	36	0	51	0	0	0	0	0	0	0	0	0	0	0	0	0	0	0	0	0	0	0	0	0	0	0	13	0	0	48	0	0	59	0	0	0	0	0	0	0	0	0	0	0	0	21	204	0	0	0	0	0	0	0	63	0	0	0	5

18	assemblage-128-357	0	0	0	0	0	0	0	0	85	0	0	0	0	24	0	152	0	0	0	0	0	0	0	19	0	0	0	0	0	0	0	0	0	0	0	0	0	0	0	0	28	0	0	0	0	0	0	0	0	0	0	65	110	0	0	0	0	0	0	0	0	0	0	0	17
18	assemblage-155-332	0	0	0	0	0	0	0	0	111	0	0	0	0	29	0	126	0	0	14	0	0	0	0	0	0	0	0	0	0	0	0	0	0	0	0	0	0	0	0	0	28	0	0	0	0	0	0	0	0	0	0	98	77	0	0	0	0	0	0	0	0	0	0	0	17
18	assemblage-691-193	0	0	0	0	0	0	32	0	76	0	0	0	0	0	0	0	0	0	0	0	0	0	0	0	0	0	0	0	0	0	0	0	139	0	0	15	0	0	46	0	0	0	0	0	0	0	0	0	0	0	8	71	54	0	0	0	0	51	0	0	0	0	0	0	8

19	assemblage-128-357	0	0	0	0	0	0	0	0	85	0	0	0	0	24	0	152	0	0	0	0	0	0	0	19	0	0	0	0	0	0	0	0	0	0	0	0	0	0	0	0	28	0	0	0	0	0	0	0	0	0	0	65	110	0	0	0	0	0	0	0	0	0	0	0	17
19	assemblage-575-481	0	0	0	0	0	0	0	0	82	0	0	0	0	0	0	0	0	0	0	0	11	0	0	0	0	0	0	0	0	0	0	0	98	0	0	58	0	0	0	0	0	0	0	0	0	0	0	0	0	0	0	25	201	0	0	0	0	0	0	0	19	0	0	0	6
19	assemblage-466-814	0	0	0	0	0	0	36	0	51	0	0	0	0	0	0	0	0	0	0	0	0	0	0	0	0	0	0	0	0	0	0	0	13	0	0	48	0	0	59	0	0	0	0	0	0	0	0	0	0	0	0	21	204	0	0	0	0	0	0	0	63	0	0	0	5

20	assemblage-128-357	0	0	0	0	0	0	0	0	85	0	0	0	0	24	0	152	0	0	0	0	0	0	0	19	0	0	0	0	0	0	0	0	0	0	0	0	0	0	0	0	28	0	0	0	0	0	0	0	0	0	0	65	110	0	0	0	0	0	0	0	0	0	0	0	17
20	assemblage-575-481	0	0	0	0	0	0	0	0	82	0	0	0	0	0	0	0	0	0	0	0	11	0	0	0	0	0	0	0	0	0	0	0	98	0	0	58	0	0	0	0	0	0	0	0	0	0	0	0	0	0	0	25	201	0	0	0	0	0	0	0	19	0	0	0	6
20	assemblage-637-327	0	0	0	0	0	0	0	0	146	0	0	0	0	0	0	0	0	0	0	0	0	0	25	0	0	0	0	0	0	0	0	0	51	0	0	42	0	0	0	0	0	0	0	0	0	0	0	0	0	0	0	8	198	0	0	0	0	0	0	0	28	0	0	0	2

21	assemblage-128-357	0	0	0	0	0	0	0	0	85	0	0	0	0	24	0	152	0	0	0	0	0	0	0	19	0	0	0	0	0	0	0	0	0	0	0	0	0	0	0	0	28	0	0	0	0	0	0	0	0	0	0	65	110	0	0	0	0	0	0	0	0	0	0	0	17
21	assemblage-425-389	0	0	0	0	0	0	0	0	33	0	0	0	0	0	0	73	0	0	0	0	0	0	0	0	0	0	0	0	0	0	0	0	37	0	0	0	0	0	0	0	0	0	0	0	0	0	0	0	0	0	0	0	264	0	0	0	0	0	0	73	0	0	0	0	20
21	assemblage-211-394	0	0	0	0	0	0	0	0	0	0	0	0	0	0	0	0	0	0	0	0	0	0	0	0	0	0	0	0	0	0	0	0	32	0	0	60	0	0	0	0	0	0	0	0	0	0	0	0	0	0	0	0	390	9	0	0	0	0	0	0	0	0	0	0	9

22	assemblage-679-193	0	0	0	0	0	0	94	0	85	0	0	0	0	0	0	0	0	0	0	0	0	0	0	0	0	0	0	0	0	0	0	0	103	0	0	7	0	0	75	0	0	0	0	0	0	0	0	0	0	0	6	37	50	0	0	0	0	35	0	0	0	0	0	0	8
22	assemblage-691-193	0	0	0	0	0	0	32	0	76	0	0	0	0	0	0	0	0	0	0	0	0	0	0	0	0	0	0	0	0	0	0	0	139	0	0	15	0	0	46	0	0	0	0	0	0	0	0	0	0	0	8	71	54	0	0	0	0	51	0	0	0	0	0	0	8
22	assemblage-211-394	0	0	0	0	0	0	0	0	0	0	0	0	0	0	0	0	0	0	0	0	0	0	0	0	0	0	0	0	0	0	0	0	32	0	0	60	0	0	0	0	0	0	0	0	0	0	0	0	0	0	0	0	390	9	0	0	0	0	0	0	0	0	0	0	9

23	assemblage-679-193	0	0	0	0	0	0	94	0	85	0	0	0	0	0	0	0	0	0	0	0	0	0	0	0	0	0	0	0	0	0	0	0	103	0	0	7	0	0	75	0	0	0	0	0	0	0	0	0	0	0	6	37	50	0	0	0	0	35	0	0	0	0	0	0	8
23	assemblage-240-440	0	0	0	0	0	0	0	0	60	0	0	0	0	40	0	123	0	0	4	0	0	0	0	2	0	0	0	0	0	0	0	0	0	0	0	0	0	0	0	0	5	0	0	0	0	0	0	0	0	0	0	122	137	0	0	0	0	0	0	0	0	0	0	0	7
23	assemblage-820-494	0	0	0	0	0	0	0	0	0	0	0	0	0	0	0	0	0	0	0	0	0	0	0	0	0	0	0	0	0	0	0	0	0	0	0	0	0	0	0	0	218	0	0	0	0	0	0	24	0	0	0	0	242	0	0	0	0	0	0	0	0	0	0	0	16

24	assemblage-679-193	0	0	0	0	0	0	94	0	85	0	0	0	0	0	0	0	0	0	0	0	0	0	0	0	0	0	0	0	0	0	0	0	103	0	0	7	0	0	75	0	0	0	0	0	0	0	0	0	0	0	6	37	50	0	0	0	0	35	0	0	0	0	0	0	8
24	assemblage-155-332	0	0	0	0	0	0	0	0	111	0	0	0	0	29	0	126	0	0	14	0	0	0	0	0	0	0	0	0	0	0	0	0	0	0	0	0	0	0	0	0	28	0	0	0	0	0	0	0	0	0	0	98	77	0	0	0	0	0	0	0	0	0	0	0	17
24	assemblage-820-494	0	0	0	0	0	0	0	0	0	0	0	0	0	0	0	0	0	0	0	0	0	0	0	0	0	0	0	0	0	0	0	0	0	0	0	0	0	0	0	0	218	0	0	0	0	0	0	24	0	0	0	0	242	0	0	0	0	0	0	0	0	0	0	0	16

25	assemblage-679-193	0	0	0	0	0	0	94	0	85	0	0	0	0	0	0	0	0	0	0	0	0	0	0	0	0	0	0	0	0	0	0	0	103	0	0	7	0	0	75	0	0	0	0	0	0	0	0	0	0	0	6	37	50	0	0	0	0	35	0	0	0	0	0	0	8
25	assemblage-155-332	0	0	0	0	0	0	0	0	111	0	0	0	0	29	0	126	0	0	14	0	0	0	0	0	0	0	0	0	0	0	0	0	0	0	0	0	0	0	0	0	28	0	0	0	0	0	0	0	0	0	0	98	77	0	0	0	0	0	0	0	0	0	0	0	17
25	assemblage-240-440	0	0	0	0	0	0	0	0	60	0	0	0	0	40	0	123	0	0	4	0	0	0	0	2	0	0	0	0	0	0	0	0	0	0	0	0	0	0	0	0	5	0	0	0	0	0	0	0	0	0	0	122	137	0	0	0	0	0	0	0	0	0	0	0	7

26	assemblage-679-193	0	0	0	0	0	0	94	0	85	0	0	0	0	0	0	0	0	0	0	0	0	0	0	0	0	0	0	0	0	0	0	0	103	0	0	7	0	0	75	0	0	0	0	0	0	0	0	0	0	0	6	37	50	0	0	0	0	35	0	0	0	0	0	0	8
26	assemblage-575-481	0	0	0	0	0	0	0	0	82	0	0	0	0	0	0	0	0	0	0	0	11	0	0	0	0	0	0	0	0	0	0	0	98	0	0	58	0	0	0	0	0	0	0	0	0	0	0	0	0	0	0	25	201	0	0	0	0	0	0	0	19	0	0	0	6
26	assemblage-637-327	0	0	0	0	0	0	0	0	146	0	0	0	0	0	0	0	0	0	0	0	0	0	25	0	0	0	0	0	0	0	0	0	51	0	0	42	0	0	0	0	0	0	0	0	0	0	0	0	0	0	0	8	198	0	0	0	0	0	0	0	28	0	0	0	2

27	assemblage-679-193	0	0	0	0	0	0	94	0	85	0	0	0	0	0	0	0	0	0	0	0	0	0	0	0	0	0	0	0	0	0	0	0	103	0	0	7	0	0	75	0	0	0	0	0	0	0	0	0	0	0	6	37	50	0	0	0	0	35	0	0	0	0	0	0	8
27	assemblage-425-389	0	0	0	0	0	0	0	0	33	0	0	0	0	0	0	73	0	0	0	0	0	0	0	0	0	0	0	0	0	0	0	0	37	0	0	0	0	0	0	0	0	0	0	0	0	0	0	0	0	0	0	0	264	0	0	0	0	0	0	73	0	0	0	0	20
27	assemblage-820-494	0	0	0	0	0	0	0	0	0	0	0	0	0	0	0	0	0	0	0	0	0	0	0	0	0	0	0	0	0	0	0	0	0	0	0	0	0	0	0	0	218	0	0	0	0	0	0	24	0	0	0	0	242	0	0	0	0	0	0	0	0	0	0	0	16

28	assemblage-679-193	0	0	0	0	0	0	94	0	85	0	0	0	0	0	0	0	0	0	0	0	0	0	0	0	0	0	0	0	0	0	0	0	103	0	0	7	0	0	75	0	0	0	0	0	0	0	0	0	0	0	6	37	50	0	0	0	0	35	0	0	0	0	0	0	8
28	assemblage-128-357	0	0	0	0	0	0	0	0	85	0	0	0	0	24	0	152	0	0	0	0	0	0	0	19	0	0	0	0	0	0	0	0	0	0	0	0	0	0	0	0	28	0	0	0	0	0	0	0	0	0	0	65	110	0	0	0	0	0	0	0	0	0	0	0	17
28	assemblage-820-494	0	0	0	0	0	0	0	0	0	0	0	0	0	0	0	0	0	0	0	0	0	0	0	0	0	0	0	0	0	0	0	0	0	0	0	0	0	0	0	0	218	0	0	0	0	0	0	24	0	0	0	0	242	0	0	0	0	0	0	0	0	0	0	0	16

29	assemblage-679-193	0	0	0	0	0	0	94	0	85	0	0	0	0	0	0	0	0	0	0	0	0	0	0	0	0	0	0	0	0	0	0	0	103	0	0	7	0	0	75	0	0	0	0	0	0	0	0	0	0	0	6	37	50	0	0	0	0	35	0	0	0	0	0	0	8
29	assemblage-128-357	0	0	0	0	0	0	0	0	85	0	0	0	0	24	0	152	0	0	0	0	0	0	0	19	0	0	0	0	0	0	0	0	0	0	0	0	0	0	0	0	28	0	0	0	0	0	0	0	0	0	0	65	110	0	0	0	0	0	0	0	0	0	0	0	17
29	assemblage-240-440	0	0	0	0	0	0	0	0	60	0	0	0	0	40	0	123	0	0	4	0	0	0	0	2	0	0	0	0	0	0	0	0	0	0	0	0	0	0	0	0	5	0	0	0	0	0	0	0	0	0	0	122	137	0	0	0	0	0	0	0	0	0	0	0	7

30	assemblage-679-193	0	0	0	0	0	0	94	0	85	0	0	0	0	0	0	0	0	0	0	0	0	0	0	0	0	0	0	0	0	0	0	0	103	0	0	7	0	0	75	0	0	0	0	0	0	0	0	0	0	0	6	37	50	0	0	0	0	35	0	0	0	0	0	0	8
30	assemblage-128-357	0	0	0	0	0	0	0	0	85	0	0	0	0	24	0	152	0	0	0	0	0	0	0	19	0	0	0	0	0	0	0	0	0	0	0	0	0	0	0	0	28	0	0	0	0	0	0	0	0	0	0	65	110	0	0	0	0	0	0	0	0	0	0	0	17
30	assemblage-155-332	0	0	0	0	0	0	0	0	111	0	0	0	0	29	0	126	0	0	14	0	0	0	0	0	0	0	0	0	0	0	0	0	0	0	0	0	0	0	0	0	28	0	0	0	0	0	0	0	0	0	0	98	77	0	0	0	0	0	0	0	0	0	0	0	17

31	assemblage-427-379	0	0	0	0	0	0	0	0	43	0	0	0	0	33	0	123	0	0	0	0	0	0	0	0	0	0	0	0	0	0	0	0	0	0	0	7	0	0	6	0	3	0	0	0	0	0	0	0	0	0	0	143	125	0	0	0	0	0	0	0	0	0	0	0	17
31	assemblage-751-198	0	0	0	0	0	0	30	0	0	0	0	0	0	0	7	0	0	0	0	0	0	0	0	0	0	0	0	0	0	0	0	0	10	0	0	195	0	0	0	0	0	0	10	0	0	0	0	0	0	0	0	77	156	0	0	0	0	0	0	0	0	0	0	0	15
31	assemblage-211-394	0	0	0	0	0	0	0	0	0	0	0	0	0	0	0	0	0	0	0	0	0	0	0	0	0	0	0	0	0	0	0	0	32	0	0	60	0	0	0	0	0	0	0	0	0	0	0	0	0	0	0	0	390	9	0	0	0	0	0	0	0	0	0	0	9

32	assemblage-427-379	0	0	0	0	0	0	0	0	43	0	0	0	0	33	0	123	0	0	0	0	0	0	0	0	0	0	0	0	0	0	0	0	0	0	0	7	0	0	6	0	3	0	0	0	0	0	0	0	0	0	0	143	125	0	0	0	0	0	0	0	0	0	0	0	17
32	assemblage-575-481	0	0	0	0	0	0	0	0	82	0	0	0	0	0	0	0	0	0	0	0	11	0	0	0	0	0	0	0	0	0	0	0	98	0	0	58	0	0	0	0	0	0	0	0	0	0	0	0	0	0	0	25	201	0	0	0	0	0	0	0	19	0	0	0	6
32	assemblage-637-327	0	0	0	0	0	0	0	0	146	0	0	0	0	0	0	0	0	0	0	0	0	0	25	0	0	0	0	0	0	0	0	0	51	0	0	42	0	0	0	0	0	0	0	0	0	0	0	0	0	0	0	8	198	0	0	0	0	0	0	0	28	0	0	0	2

33	assemblage-837-467	0	0	0	0	0	0	29	0	77	0	0	0	0	0	0	0	0	0	0	0	0	0	0	0	0	0	0	0	0	0	0	0	108	0	0	37	0	0	102	0	0	0	0	0	0	0	0	0	0	0	0	54	34	0	0	0	0	51	0	0	0	0	0	0	8
33	assemblage-240-440	0	0	0	0	0	0	0	0	60	0	0	0	0	40	0	123	0	0	4	0	0	0	0	2	0	0	0	0	0	0	0	0	0	0	0	0	0	0	0	0	5	0	0	0	0	0	0	0	0	0	0	122	137	0	0	0	0	0	0	0	0	0	0	0	7
33	assemblage-820-494	0	0	0	0	0	0	0	0	0	0	0	0	0	0	0	0	0	0	0	0	0	0	0	0	0	0	0	0	0	0	0	0	0	0	0	0	0	0	0	0	218	0	0	0	0	0	0	24	0	0	0	0	242	0	0	0	0	0	0	0	0	0	0	0	16

34	assemblage-837-467	0	0	0	0	0	0	29	0	77	0	0	0	0	0	0	0	0	0	0	0	0	0	0	0	0	0	0	0	0	0	0	0	108	0	0	37	0	0	102	0	0	0	0	0	0	0	0	0	0	0	0	54	34	0	0	0	0	51	0	0	0	0	0	0	8
34	assemblage-155-332	0	0	0	0	0	0	0	0	111	0	0	0	0	29	0	126	0	0	14	0	0	0	0	0	0	0	0	0	0	0	0	0	0	0	0	0	0	0	0	0	28	0	0	0	0	0	0	0	0	0	0	98	77	0	0	0	0	0	0	0	0	0	0	0	17
34	assemblage-820-494	0	0	0	0	0	0	0	0	0	0	0	0	0	0	0	0	0	0	0	0	0	0	0	0	0	0	0	0	0	0	0	0	0	0	0	0	0	0	0	0	218	0	0	0	0	0	0	24	0	0	0	0	242	0	0	0	0	0	0	0	0	0	0	0	16

35	assemblage-837-467	0	0	0	0	0	0	29	0	77	0	0	0	0	0	0	0	0	0	0	0	0	0	0	0	0	0	0	0	0	0	0	0	108	0	0	37	0	0	102	0	0	0	0	0	0	0	0	0	0	0	0	54	34	0	0	0	0	51	0	0	0	0	0	0	8
35	assemblage-155-332	0	0	0	0	0	0	0	0	111	0	0	0	0	29	0	126	0	0	14	0	0	0	0	0	0	0	0	0	0	0	0	0	0	0	0	0	0	0	0	0	28	0	0	0	0	0	0	0	0	0	0	98	77	0	0	0	0	0	0	0	0	0	0	0	17
35	assemblage-240-440	0	0	0	0	0	0	0	0	60	0	0	0	0	40	0	123	0	0	4	0	0	0	0	2	0	0	0	0	0	0	0	0	0	0	0	0	0	0	0	0	5	0	0	0	0	0	0	0	0	0	0	122	137	0	0	0	0	0	0	0	0	0	0	0	7

36	assemblage-837-467	0	0	0	0	0	0	29	0	77	0	0	0	0	0	0	0	0	0	0	0	0	0	0	0	0	0	0	0	0	0	0	0	108	0	0	37	0	0	102	0	0	0	0	0	0	0	0	0	0	0	0	54	34	0	0	0	0	51	0	0	0	0	0	0	8
36	assemblage-575-481	0	0	0	0	0	0	0	0	82	0	0	0	0	0	0	0	0	0	0	0	11	0	0	0	0	0	0	0	0	0	0	0	98	0	0	58	0	0	0	0	0	0	0	0	0	0	0	0	0	0	0	25	201	0	0	0	0	0	0	0	19	0	0	0	6
36	assemblage-637-327	0	0	0	0	0	0	0	0	146	0	0	0	0	0	0	0	0	0	0	0	0	0	25	0	0	0	0	0	0	0	0	0	51	0	0	42	0	0	0	0	0	0	0	0	0	0	0	0	0	0	0	8	198	0	0	0	0	0	0	0	28	0	0	0	2

37	assemblage-837-467	0	0	0	0	0	0	29	0	77	0	0	0	0	0	0	0	0	0	0	0	0	0	0	0	0	0	0	0	0	0	0	0	108	0	0	37	0	0	102	0	0	0	0	0	0	0	0	0	0	0	0	54	34	0	0	0	0	51	0	0	0	0	0	0	8
37	assemblage-425-389	0	0	0	0	0	0	0	0	33	0	0	0	0	0	0	73	0	0	0	0	0	0	0	0	0	0	0	0	0	0	0	0	37	0	0	0	0	0	0	0	0	0	0	0	0	0	0	0	0	0	0	0	264	0	0	0	0	0	0	73	0	0	0	0	20
37	assemblage-820-494	0	0	0	0	0	0	0	0	0	0	0	0	0	0	0	0	0	0	0	0	0	0	0	0	0	0	0	0	0	0	0	0	0	0	0	0	0	0	0	0	218	0	0	0	0	0	0	24	0	0	0	0	242	0	0	0	0	0	0	0	0	0	0	0	16

38	assemblage-837-467	0	0	0	0	0	0	29	0	77	0	0	0	0	0	0	0	0	0	0	0	0	0	0	0	0	0	0	0	0	0	0	0	108	0	0	37	0	0	102	0	0	0	0	0	0	0	0	0	0	0	0	54	34	0	0	0	0	51	0	0	0	0	0	0	8
38	assemblage-128-357	0	0	0	0	0	0	0	0	85	0	0	0	0	24	0	152	0	0	0	0	0	0	0	19	0	0	0	0	0	0	0	0	0	0	0	0	0	0	0	0	28	0	0	0	0	0	0	0	0	0	0	65	110	0	0	0	0	0	0	0	0	0	0	0	17
38	assemblage-820-494	0	0	0	0	0	0	0	0	0	0	0	0	0	0	0	0	0	0	0	0	0	0	0	0	0	0	0	0	0	0	0	0	0	0	0	0	0	0	0	0	218	0	0	0	0	0	0	24	0	0	0	0	242	0	0	0	0	0	0	0	0	0	0	0	16

39	assemblage-837-467	0	0	0	0	0	0	29	0	77	0	0	0	0	0	0	0	0	0	0	0	0	0	0	0	0	0	0	0	0	0	0	0	108	0	0	37	0	0	102	0	0	0	0	0	0	0	0	0	0	0	0	54	34	0	0	0	0	51	0	0	0	0	0	0	8
39	assemblage-128-357	0	0	0	0	0	0	0	0	85	0	0	0	0	24	0	152	0	0	0	0	0	0	0	19	0	0	0	0	0	0	0	0	0	0	0	0	0	0	0	0	28	0	0	0	0	0	0	0	0	0	0	65	110	0	0	0	0	0	0	0	0	0	0	0	17
39	assemblage-240-440	0	0	0	0	0	0	0	0	60	0	0	0	0	40	0	123	0	0	4	0	0	0	0	2	0	0	0	0	0	0	0	0	0	0	0	0	0	0	0	0	5	0	0	0	0	0	0	0	0	0	0	122	137	0	0	0	0	0	0	0	0	0	0	0	7

40	assemblage-837-467	0	0	0	0	0	0	29	0	77	0	0	0	0	0	0	0	0	0	0	0	0	0	0	0	0	0	0	0	0	0	0	0	108	0	0	37	0	0	102	0	0	0	0	0	0	0	0	0	0	0	0	54	34	0	0	0	0	51	0	0	0	0	0	0	8
40	assemblage-128-357	0	0	0	0	0	0	0	0	85	0	0	0	0	24	0	152	0	0	0	0	0	0	0	19	0	0	0	0	0	0	0	0	0	0	0	0	0	0	0	0	28	0	0	0	0	0	0	0	0	0	0	65	110	0	0	0	0	0	0	0	0	0	0	0	17
40	assemblage-155-332	0	0	0	0	0	0	0	0	111	0	0	0	0	29	0	126	0	0	14	0	0	0	0	0	0	0	0	0	0	0	0	0	0	0	0	0	0	0	0	0	28	0	0	0	0	0	0	0	0	0	0	98	77	0	0	0	0	0	0	0	0	0	0	0	17

41	assemblage-837-467	0	0	0	0	0	0	29	0	77	0	0	0	0	0	0	0	0	0	0	0	0	0	0	0	0	0	0	0	0	0	0	0	108	0	0	37	0	0	102	0	0	0	0	0	0	0	0	0	0	0	0	54	34	0	0	0	0	51	0	0	0	0	0	0	8
41	assemblage-679-193	0	0	0	0	0	0	94	0	85	0	0	0	0	0	0	0	0	0	0	0	0	0	0	0	0	0	0	0	0	0	0	0	103	0	0	7	0	0	75	0	0	0	0	0	0	0	0	0	0	0	6	37	50	0	0	0	0	35	0	0	0	0	0	0	8
41	assemblage-820-494	0	0	0	0	0	0	0	0	0	0	0	0	0	0	0	0	0	0	0	0	0	0	0	0	0	0	0	0	0	0	0	0	0	0	0	0	0	0	0	0	218	0	0	0	0	0	0	24	0	0	0	0	242	0	0	0	0	0	0	0	0	0	0	0	16

42	assemblage-837-467	0	0	0	0	0	0	29	0	77	0	0	0	0	0	0	0	0	0	0	0	0	0	0	0	0	0	0	0	0	0	0	0	108	0	0	37	0	0	102	0	0	0	0	0	0	0	0	0	0	0	0	54	34	0	0	0	0	51	0	0	0	0	0	0	8
42	assemblage-679-193	0	0	0	0	0	0	94	0	85	0	0	0	0	0	0	0	0	0	0	0	0	0	0	0	0	0	0	0	0	0	0	0	103	0	0	7	0	0	75	0	0	0	0	0	0	0	0	0	0	0	6	37	50	0	0	0	0	35	0	0	0	0	0	0	8
42	assemblage-425-389	0	0	0	0	0	0	0	0	33	0	0	0	0	0	0	73	0	0	0	0	0	0	0	0	0	0	0	0	0	0	0	0	37	0	0	0	0	0	0	0	0	0	0	0	0	0	0	0	0	0	0	0	264	0	0	0	0	0	0	73	0	0	0	0	20

43	assemblage-837-467	0	0	0	0	0	0	29	0	77	0	0	0	0	0	0	0	0	0	0	0	0	0	0	0	0	0	0	0	0	0	0	0	108	0	0	37	0	0	102	0	0	0	0	0	0	0	0	0	0	0	0	54	34	0	0	0	0	51	0	0	0	0	0	0	8
43	assemblage-427-379	0	0	0	0	0	0	0	0	43	0	0	0	0	33	0	123	0	0	0	0	0	0	0	0	0	0	0	0	0	0	0	0	0	0	0	7	0	0	6	0	3	0	0	0	0	0	0	0	0	0	0	143	125	0	0	0	0	0	0	0	0	0	0	0	17
43	assemblage-820-494	0	0	0	0	0	0	0	0	0	0	0	0	0	0	0	0	0	0	0	0	0	0	0	0	0	0	0	0	0	0	0	0	0	0	0	0	0	0	0	0	218	0	0	0	0	0	0	24	0	0	0	0	242	0	0	0	0	0	0	0	0	0	0	0	16

44	assemblage-627-803	0	0	0	0	0	0	0	0	0	0	0	0	0	0	0	0	0	0	0	0	0	106	0	0	0	0	0	0	0	0	0	0	79	0	0	17	0	0	19	0	0	0	0	8	0	0	0	0	0	0	0	57	213	0	0	0	0	0	0	0	0	0	0	0	1
44	assemblage-575-481	0	0	0	0	0	0	0	0	82	0	0	0	0	0	0	0	0	0	0	0	11	0	0	0	0	0	0	0	0	0	0	0	98	0	0	58	0	0	0	0	0	0	0	0	0	0	0	0	0	0	0	25	201	0	0	0	0	0	0	0	19	0	0	0	6
44	assemblage-637-327	0	0	0	0	0	0	0	0	146	0	0	0	0	0	0	0	0	0	0	0	0	0	25	0	0	0	0	0	0	0	0	0	51	0	0	42	0	0	0	0	0	0	0	0	0	0	0	0	0	0	0	8	198	0	0	0	0	0	0	0	28	0	0	0	2

45	assemblage-627-803	0	0	0	0	0	0	0	0	0	0	0	0	0	0	0	0	0	0	0	0	0	106	0	0	0	0	0	0	0	0	0	0	79	0	0	17	0	0	19	0	0	0	0	8	0	0	0	0	0	0	0	57	213	0	0	0	0	0	0	0	0	0	0	0	1
45	assemblage-425-389	0	0	0	0	0	0	0	0	33	0	0	0	0	0	0	73	0	0	0	0	0	0	0	0	0	0	0	0	0	0	0	0	37	0	0	0	0	0	0	0	0	0	0	0	0	0	0	0	0	0	0	0	264	0	0	0	0	0	0	73	0	0	0	0	20
45	assemblage-820-494	0	0	0	0	0	0	0	0	0	0	0	0	0	0	0	0	0	0	0	0	0	0	0	0	0	0	0	0	0	0	0	0	0	0	0	0	0	0	0	0	218	0	0	0	0	0	0	24	0	0	0	0	242	0	0	0	0	0	0	0	0	0	0	0	16

46	assemblage-627-803	0	0	0	0	0	0	0	0	0	0	0	0	0	0	0	0	0	0	0	0	0	106	0	0	0	0	0	0	0	0	0	0	79	0	0	17	0	0	19	0	0	0	0	8	0	0	0	0	0	0	0	57	213	0	0	0	0	0	0	0	0	0	0	0	1
46	assemblage-128-357	0	0	0	0	0	0	0	0	85	0	0	0	0	24	0	152	0	0	0	0	0	0	0	19	0	0	0	0	0	0	0	0	0	0	0	0	0	0	0	0	28	0	0	0	0	0	0	0	0	0	0	65	110	0	0	0	0	0	0	0	0	0	0	0	17
46	assemblage-155-332	0	0	0	0	0	0	0	0	111	0	0	0	0	29	0	126	0	0	14	0	0	0	0	0	0	0	0	0	0	0	0	0	0	0	0	0	0	0	0	0	28	0	0	0	0	0	0	0	0	0	0	98	77	0	0	0	0	0	0	0	0	0	0	0	17

47	assemblage-627-803	0	0	0	0	0	0	0	0	0	0	0	0	0	0	0	0	0	0	0	0	0	106	0	0	0	0	0	0	0	0	0	0	79	0	0	17	0	0	19	0	0	0	0	8	0	0	0	0	0	0	0	57	213	0	0	0	0	0	0	0	0	0	0	0	1
47	assemblage-427-379	0	0	0	0	0	0	0	0	43	0	0	0	0	33	0	123	0	0	0	0	0	0	0	0	0	0	0	0	0	0	0	0	0	0	0	7	0	0	6	0	3	0	0	0	0	0	0	0	0	0	0	143	125	0	0	0	0	0	0	0	0	0	0	0	17
47	assemblage-155-332	0	0	0	0	0	0	0	0	111	0	0	0	0	29	0	126	0	0	14	0	0	0	0	0	0	0	0	0	0	0	0	0	0	0	0	0	0	0	0	0	28	0	0	0	0	0	0	0	0	0	0	98	77	0	0	0	0	0	0	0	0	0	0	0	17

48	assemblage-627-803	0	0	0	0	0	0	0	0	0	0	0	0	0	0	0	0	0	0	0	0	0	106	0	0	0	0	0	0	0	0	0	0	79	0	0	17	0	0	19	0	0	0	0	8	0	0	0	0	0	0	0	57	213	0	0	0	0	0	0	0	0	0	0	0	1
48	assemblage-427-379	0	0	0	0	0	0	0	0	43	0	0	0	0	33	0	123	0	0	0	0	0	0	0	0	0	0	0	0	0	0	0	0	0	0	0	7	0	0	6	0	3	0	0	0	0	0	0	0	0	0	0	143	125	0	0	0	0	0	0	0	0	0	0	0	17
48	assemblage-128-357	0	0	0	0	0	0	0	0	85	0	0	0	0	24	0	152	0	0	0	0	0	0	0	19	0	0	0	0	0	0	0	0	0	0	0	0	0	0	0	0	28	0	0	0	0	0	0	0	0	0	0	65	110	0	0	0	0	0	0	0	0	0	0	0	17

49	assemblage-600-360	0	0	0	0	0	0	0	0	0	0	0	0	0	0	0	0	0	0	0	0	0	0	0	0	0	0	0	0	0	0	0	0	274	0	0	0	0	0	212	0	0	0	0	0	0	0	0	0	0	0	0	0	0	0	0	0	0	0	0	0	0	0	0	0	14
49	assemblage-691-193	0	0	0	0	0	0	32	0	76	0	0	0	0	0	0	0	0	0	0	0	0	0	0	0	0	0	0	0	0	0	0	0	139	0	0	15	0	0	46	0	0	0	0	0	0	0	0	0	0	0	8	71	54	0	0	0	0	51	0	0	0	0	0	0	8
49	assemblage-211-394	0	0	0	0	0	0	0	0	0	0	0	0	0	0	0	0	0	0	0	0	0	0	0	0	0	0	0	0	0	0	0	0	32	0	0	60	0	0	0	0	0	0	0	0	0	0	0	0	0	0	0	0	390	9	0	0	0	0	0	0	0	0	0	0	9

50	assemblage-600-360	0	0	0	0	0	0	0	0	0	0	0	0	0	0	0	0	0	0	0	0	0	0	0	0	0	0	0	0	0	0	0	0	274	0	0	0	0	0	212	0	0	0	0	0	0	0	0	0	0	0	0	0	0	0	0	0	0	0	0	0	0	0	0	0	14
50	assemblage-155-332	0	0	0	0	0	0	0	0	111	0	0	0	0	29	0	126	0	0	14	0	0	0	0	0	0	0	0	0	0	0	0	0	0	0	0	0	0	0	0	0	28	0	0	0	0	0	0	0	0	0	0	98	77	0	0	0	0	0	0	0	0	0	0	0	17
50	assemblage-820-494	0	0	0	0	0	0	0	0	0	0	0	0	0	0	0	0	0	0	0	0	0	0	0	0	0	0	0	0	0	0	0	0	0	0	0	0	0	0	0	0	218	0	0	0	0	0	0	24	0	0	0	0	242	0	0	0	0	0	0	0	0	0	0	0	16

51	assemblage-600-360	0	0	0	0	0	0	0	0	0	0	0	0	0	0	0	0	0	0	0	0	0	0	0	0	0	0	0	0	0	0	0	0	274	0	0	0	0	0	212	0	0	0	0	0	0	0	0	0	0	0	0	0	0	0	0	0	0	0	0	0	0	0	0	0	14
51	assemblage-155-332	0	0	0	0	0	0	0	0	111	0	0	0	0	29	0	126	0	0	14	0	0	0	0	0	0	0	0	0	0	0	0	0	0	0	0	0	0	0	0	0	28	0	0	0	0	0	0	0	0	0	0	98	77	0	0	0	0	0	0	0	0	0	0	0	17
51	assemblage-240-440	0	0	0	0	0	0	0	0	60	0	0	0	0	40	0	123	0	0	4	0	0	0	0	2	0	0	0	0	0	0	0	0	0	0	0	0	0	0	0	0	5	0	0	0	0	0	0	0	0	0	0	122	137	0	0	0	0	0	0	0	0	0	0	0	7

52	assemblage-600-360	0	0	0	0	0	0	0	0	0	0	0	0	0	0	0	0	0	0	0	0	0	0	0	0	0	0	0	0	0	0	0	0	274	0	0	0	0	0	212	0	0	0	0	0	0	0	0	0	0	0	0	0	0	0	0	0	0	0	0	0	0	0	0	0	14
52	assemblage-575-481	0	0	0	0	0	0	0	0	82	0	0	0	0	0	0	0	0	0	0	0	11	0	0	0	0	0	0	0	0	0	0	0	98	0	0	58	0	0	0	0	0	0	0	0	0	0	0	0	0	0	0	25	201	0	0	0	0	0	0	0	19	0	0	0	6
52	assemblage-240-440	0	0	0	0	0	0	0	0	60	0	0	0	0	40	0	123	0	0	4	0	0	0	0	2	0	0	0	0	0	0	0	0	0	0	0	0	0	0	0	0	5	0	0	0	0	0	0	0	0	0	0	122	137	0	0	0	0	0	0	0	0	0	0	0	7

53	assemblage-600-360	0	0	0	0	0	0	0	0	0	0	0	0	0	0	0	0	0	0	0	0	0	0	0	0	0	0	0	0	0	0	0	0	274	0	0	0	0	0	212	0	0	0	0	0	0	0	0	0	0	0	0	0	0	0	0	0	0	0	0	0	0	0	0	0	14
53	assemblage-575-481	0	0	0	0	0	0	0	0	82	0	0	0	0	0	0	0	0	0	0	0	11	0	0	0	0	0	0	0	0	0	0	0	98	0	0	58	0	0	0	0	0	0	0	0	0	0	0	0	0	0	0	25	201	0	0	0	0	0	0	0	19	0	0	0	6
53	assemblage-637-327	0	0	0	0	0	0	0	0	146	0	0	0	0	0	0	0	0	0	0	0	0	0	25	0	0	0	0	0	0	0	0	0	51	0	0	42	0	0	0	0	0	0	0	0	0	0	0	0	0	0	0	8	198	0	0	0	0	0	0	0	28	0	0	0	2

54	assemblage-600-360	0	0	0	0	0	0	0	0	0	0	0	0	0	0	0	0	0	0	0	0	0	0	0	0	0	0	0	0	0	0	0	0	274	0	0	0	0	0	212	0	0	0	0	0	0	0	0	0	0	0	0	0	0	0	0	0	0	0	0	0	0	0	0	0	14
54	assemblage-575-481	0	0	0	0	0	0	0	0	82	0	0	0	0	0	0	0	0	0	0	0	11	0	0	0	0	0	0	0	0	0	0	0	98	0	0	58	0	0	0	0	0	0	0	0	0	0	0	0	0	0	0	25	201	0	0	0	0	0	0	0	19	0	0	0	6
54	assemblage-830-468	0	0	0	0	0	0	0	0	0	0	0	0	0	0	0	0	0	0	0	0	0	0	0	0	0	0	0	0	0	0	0	0	0	0	0	240	0	0	0	0	0	0	0	0	0	0	0	0	0	0	0	75	183	0	0	0	0	0	0	0	0	0	0	0	2

55	assemblage-600-360	0	0	0	0	0	0	0	0	0	0	0	0	0	0	0	0	0	0	0	0	0	0	0	0	0	0	0	0	0	0	0	0	274	0	0	0	0	0	212	0	0	0	0	0	0	0	0	0	0	0	0	0	0	0	0	0	0	0	0	0	0	0	0	0	14
55	assemblage-418-394	4	0	0	0	0	0	9	0	11	0	0	0	0	0	0	149	0	0	0	0	0	0	0	0	0	0	0	0	0	0	0	0	53	0	0	8	0	0	129	0	14	0	0	0	0	0	0	0	0	0	0	106	0	0	0	0	0	0	0	0	0	0	0	0	17
55	assemblage-211-394	0	0	0	0	0	0	0	0	0	0	0	0	0	0	0	0	0	0	0	0	0	0	0	0	0	0	0	0	0	0	0	0	32	0	0	60	0	0	0	0	0	0	0	0	0	0	0	0	0	0	0	0	390	9	0	0	0	0	0	0	0	0	0	0	9

56	assemblage-600-360	0	0	0	0	0	0	0	0	0	0	0	0	0	0	0	0	0	0	0	0	0	0	0	0	0	0	0	0	0	0	0	0	274	0	0	0	0	0	212	0	0	0	0	0	0	0	0	0	0	0	0	0	0	0	0	0	0	0	0	0	0	0	0	0	14
56	assemblage-418-394	4	0	0	0	0	0	9	0	11	0	0	0	0	0	0	149	0	0	0	0	0	0	0	0	0	0	0	0	0	0	0	0	53	0	0	8	0	0	129	0	14	0	0	0	0	0	0	0	0	0	0	106	0	0	0	0	0	0	0	0	0	0	0	0	17
56	assemblage-466-814	0	0	0	0	0	0	36	0	51	0	0	0	0	0	0	0	0	0	0	0	0	0	0	0	0	0	0	0	0	0	0	0	13	0	0	48	0	0	59	0	0	0	0	0	0	0	0	0	0	0	0	21	204	0	0	0	0	0	0	0	63	0	0	0	5

57	assemblage-600-360	0	0	0	0	0	0	0	0	0	0	0	0	0	0	0	0	0	0	0	0	0	0	0	0	0	0	0	0	0	0	0	0	274	0	0	0	0	0	212	0	0	0	0	0	0	0	0	0	0	0	0	0	0	0	0	0	0	0	0	0	0	0	0	0	14
57	assemblage-418-394	4	0	0	0	0	0	9	0	11	0	0	0	0	0	0	149	0	0	0	0	0	0	0	0	0	0	0	0	0	0	0	0	53	0	0	8	0	0	129	0	14	0	0	0	0	0	0	0	0	0	0	106	0	0	0	0	0	0	0	0	0	0	0	0	17
57	assemblage-751-198	0	0	0	0	0	0	30	0	0	0	0	0	0	0	7	0	0	0	0	0	0	0	0	0	0	0	0	0	0	0	0	0	10	0	0	195	0	0	0	0	0	0	10	0	0	0	0	0	0	0	0	77	156	0	0	0	0	0	0	0	0	0	0	0	15

58	assemblage-600-360	0	0	0	0	0	0	0	0	0	0	0	0	0	0	0	0	0	0	0	0	0	0	0	0	0	0	0	0	0	0	0	0	274	0	0	0	0	0	212	0	0	0	0	0	0	0	0	0	0	0	0	0	0	0	0	0	0	0	0	0	0	0	0	0	14
58	assemblage-418-394	4	0	0	0	0	0	9	0	11	0	0	0	0	0	0	149	0	0	0	0	0	0	0	0	0	0	0	0	0	0	0	0	53	0	0	8	0	0	129	0	14	0	0	0	0	0	0	0	0	0	0	106	0	0	0	0	0	0	0	0	0	0	0	0	17
58	assemblage-820-494	0	0	0	0	0	0	0	0	0	0	0	0	0	0	0	0	0	0	0	0	0	0	0	0	0	0	0	0	0	0	0	0	0	0	0	0	0	0	0	0	218	0	0	0	0	0	0	24	0	0	0	0	242	0	0	0	0	0	0	0	0	0	0	0	16

59	assemblage-600-360	0	0	0	0	0	0	0	0	0	0	0	0	0	0	0	0	0	0	0	0	0	0	0	0	0	0	0	0	0	0	0	0	274	0	0	0	0	0	212	0	0	0	0	0	0	0	0	0	0	0	0	0	0	0	0	0	0	0	0	0	0	0	0	0	14
59	assemblage-418-394	4	0	0	0	0	0	9	0	11	0	0	0	0	0	0	149	0	0	0	0	0	0	0	0	0	0	0	0	0	0	0	0	53	0	0	8	0	0	129	0	14	0	0	0	0	0	0	0	0	0	0	106	0	0	0	0	0	0	0	0	0	0	0	0	17
59	assemblage-240-440	0	0	0	0	0	0	0	0	60	0	0	0	0	40	0	123	0	0	4	0	0	0	0	2	0	0	0	0	0	0	0	0	0	0	0	0	0	0	0	0	5	0	0	0	0	0	0	0	0	0	0	122	137	0	0	0	0	0	0	0	0	0	0	0	7

60	assemblage-600-360	0	0	0	0	0	0	0	0	0	0	0	0	0	0	0	0	0	0	0	0	0	0	0	0	0	0	0	0	0	0	0	0	274	0	0	0	0	0	212	0	0	0	0	0	0	0	0	0	0	0	0	0	0	0	0	0	0	0	0	0	0	0	0	0	14
60	assemblage-418-394	4	0	0	0	0	0	9	0	11	0	0	0	0	0	0	149	0	0	0	0	0	0	0	0	0	0	0	0	0	0	0	0	53	0	0	8	0	0	129	0	14	0	0	0	0	0	0	0	0	0	0	106	0	0	0	0	0	0	0	0	0	0	0	0	17
60	assemblage-637-327	0	0	0	0	0	0	0	0	146	0	0	0	0	0	0	0	0	0	0	0	0	0	25	0	0	0	0	0	0	0	0	0	51	0	0	42	0	0	0	0	0	0	0	0	0	0	0	0	0	0	0	8	198	0	0	0	0	0	0	0	28	0	0	0	2

61	assemblage-600-360	0	0	0	0	0	0	0	0	0	0	0	0	0	0	0	0	0	0	0	0	0	0	0	0	0	0	0	0	0	0	0	0	274	0	0	0	0	0	212	0	0	0	0	0	0	0	0	0	0	0	0	0	0	0	0	0	0	0	0	0	0	0	0	0	14
61	assemblage-418-394	4	0	0	0	0	0	9	0	11	0	0	0	0	0	0	149	0	0	0	0	0	0	0	0	0	0	0	0	0	0	0	0	53	0	0	8	0	0	129	0	14	0	0	0	0	0	0	0	0	0	0	106	0	0	0	0	0	0	0	0	0	0	0	0	17
61	assemblage-155-332	0	0	0	0	0	0	0	0	111	0	0	0	0	29	0	126	0	0	14	0	0	0	0	0	0	0	0	0	0	0	0	0	0	0	0	0	0	0	0	0	28	0	0	0	0	0	0	0	0	0	0	98	77	0	0	0	0	0	0	0	0	0	0	0	17

62	assemblage-600-360	0	0	0	0	0	0	0	0	0	0	0	0	0	0	0	0	0	0	0	0	0	0	0	0	0	0	0	0	0	0	0	0	274	0	0	0	0	0	212	0	0	0	0	0	0	0	0	0	0	0	0	0	0	0	0	0	0	0	0	0	0	0	0	0	14
62	assemblage-418-394	4	0	0	0	0	0	9	0	11	0	0	0	0	0	0	149	0	0	0	0	0	0	0	0	0	0	0	0	0	0	0	0	53	0	0	8	0	0	129	0	14	0	0	0	0	0	0	0	0	0	0	106	0	0	0	0	0	0	0	0	0	0	0	0	17
62	assemblage-830-468	0	0	0	0	0	0	0	0	0	0	0	0	0	0	0	0	0	0	0	0	0	0	0	0	0	0	0	0	0	0	0	0	0	0	0	240	0	0	0	0	0	0	0	0	0	0	0	0	0	0	0	75	183	0	0	0	0	0	0	0	0	0	0	0	2

63	assemblage-600-360	0	0	0	0	0	0	0	0	0	0	0	0	0	0	0	0	0	0	0	0	0	0	0	0	0	0	0	0	0	0	0	0	274	0	0	0	0	0	212	0	0	0	0	0	0	0	0	0	0	0	0	0	0	0	0	0	0	0	0	0	0	0	0	0	14
63	assemblage-425-389	0	0	0	0	0	0	0	0	33	0	0	0	0	0	0	73	0	0	0	0	0	0	0	0	0	0	0	0	0	0	0	0	37	0	0	0	0	0	0	0	0	0	0	0	0	0	0	0	0	0	0	0	264	0	0	0	0	0	0	73	0	0	0	0	20
63	assemblage-211-394	0	0	0	0	0	0	0	0	0	0	0	0	0	0	0	0	0	0	0	0	0	0	0	0	0	0	0	0	0	0	0	0	32	0	0	60	0	0	0	0	0	0	0	0	0	0	0	0	0	0	0	0	390	9	0	0	0	0	0	0	0	0	0	0	9

64	assemblage-600-360	0	0	0	0	0	0	0	0	0	0	0	0	0	0	0	0	0	0	0	0	0	0	0	0	0	0	0	0	0	0	0	0	274	0	0	0	0	0	212	0	0	0	0	0	0	0	0	0	0	0	0	0	0	0	0	0	0	0	0	0	0	0	0	0	14
64	assemblage-425-389	0	0	0	0	0	0	0	0	33	0	0	0	0	0	0	73	0	0	0	0	0	0	0	0	0	0	0	0	0	0	0	0	37	0	0	0	0	0	0	0	0	0	0	0	0	0	0	0	0	0	0	0	264	0	0	0	0	0	0	73	0	0	0	0	20
64	assemblage-751-198	0	0	0	0	0	0	30	0	0	0	0	0	0	0	7	0	0	0	0	0	0	0	0	0	0	0	0	0	0	0	0	0	10	0	0	195	0	0	0	0	0	0	10	0	0	0	0	0	0	0	0	77	156	0	0	0	0	0	0	0	0	0	0	0	15

65	assemblage-600-360	0	0	0	0	0	0	0	0	0	0	0	0	0	0	0	0	0	0	0	0	0	0	0	0	0	0	0	0	0	0	0	0	274	0	0	0	0	0	212	0	0	0	0	0	0	0	0	0	0	0	0	0	0	0	0	0	0	0	0	0	0	0	0	0	14
65	assemblage-425-389	0	0	0	0	0	0	0	0	33	0	0	0	0	0	0	73	0	0	0	0	0	0	0	0	0	0	0	0	0	0	0	0	37	0	0	0	0	0	0	0	0	0	0	0	0	0	0	0	0	0	0	0	264	0	0	0	0	0	0	73	0	0	0	0	20
65	assemblage-820-494	0	0	0	0	0	0	0	0	0	0	0	0	0	0	0	0	0	0	0	0	0	0	0	0	0	0	0	0	0	0	0	0	0	0	0	0	0	0	0	0	218	0	0	0	0	0	0	24	0	0	0	0	242	0	0	0	0	0	0	0	0	0	0	0	16

66	assemblage-600-360	0	0	0	0	0	0	0	0	0	0	0	0	0	0	0	0	0	0	0	0	0	0	0	0	0	0	0	0	0	0	0	0	274	0	0	0	0	0	212	0	0	0	0	0	0	0	0	0	0	0	0	0	0	0	0	0	0	0	0	0	0	0	0	0	14
66	assemblage-425-389	0	0	0	0	0	0	0	0	33	0	0	0	0	0	0	73	0	0	0	0	0	0	0	0	0	0	0	0	0	0	0	0	37	0	0	0	0	0	0	0	0	0	0	0	0	0	0	0	0	0	0	0	264	0	0	0	0	0	0	73	0	0	0	0	20
66	assemblage-240-440	0	0	0	0	0	0	0	0	60	0	0	0	0	40	0	123	0	0	4	0	0	0	0	2	0	0	0	0	0	0	0	0	0	0	0	0	0	0	0	0	5	0	0	0	0	0	0	0	0	0	0	122	137	0	0	0	0	0	0	0	0	0	0	0	7

67	assemblage-600-360	0	0	0	0	0	0	0	0	0	0	0	0	0	0	0	0	0	0	0	0	0	0	0	0	0	0	0	0	0	0	0	0	274	0	0	0	0	0	212	0	0	0	0	0	0	0	0	0	0	0	0	0	0	0	0	0	0	0	0	0	0	0	0	0	14
67	assemblage-425-389	0	0	0	0	0	0	0	0	33	0	0	0	0	0	0	73	0	0	0	0	0	0	0	0	0	0	0	0	0	0	0	0	37	0	0	0	0	0	0	0	0	0	0	0	0	0	0	0	0	0	0	0	264	0	0	0	0	0	0	73	0	0	0	0	20
67	assemblage-155-332	0	0	0	0	0	0	0	0	111	0	0	0	0	29	0	126	0	0	14	0	0	0	0	0	0	0	0	0	0	0	0	0	0	0	0	0	0	0	0	0	28	0	0	0	0	0	0	0	0	0	0	98	77	0	0	0	0	0	0	0	0	0	0	0	17

68	assemblage-600-360	0	0	0	0	0	0	0	0	0	0	0	0	0	0	0	0	0	0	0	0	0	0	0	0	0	0	0	0	0	0	0	0	274	0	0	0	0	0	212	0	0	0	0	0	0	0	0	0	0	0	0	0	0	0	0	0	0	0	0	0	0	0	0	0	14
68	assemblage-425-389	0	0	0	0	0	0	0	0	33	0	0	0	0	0	0	73	0	0	0	0	0	0	0	0	0	0	0	0	0	0	0	0	37	0	0	0	0	0	0	0	0	0	0	0	0	0	0	0	0	0	0	0	264	0	0	0	0	0	0	73	0	0	0	0	20
68	assemblage-830-468	0	0	0	0	0	0	0	0	0	0	0	0	0	0	0	0	0	0	0	0	0	0	0	0	0	0	0	0	0	0	0	0	0	0	0	240	0	0	0	0	0	0	0	0	0	0	0	0	0	0	0	75	183	0	0	0	0	0	0	0	0	0	0	0	2

69	assemblage-600-360	0	0	0	0	0	0	0	0	0	0	0	0	0	0	0	0	0	0	0	0	0	0	0	0	0	0	0	0	0	0	0	0	274	0	0	0	0	0	212	0	0	0	0	0	0	0	0	0	0	0	0	0	0	0	0	0	0	0	0	0	0	0	0	0	14
69	assemblage-128-357	0	0	0	0	0	0	0	0	85	0	0	0	0	24	0	152	0	0	0	0	0	0	0	19	0	0	0	0	0	0	0	0	0	0	0	0	0	0	0	0	28	0	0	0	0	0	0	0	0	0	0	65	110	0	0	0	0	0	0	0	0	0	0	0	17
69	assemblage-820-494	0	0	0	0	0	0	0	0	0	0	0	0	0	0	0	0	0	0	0	0	0	0	0	0	0	0	0	0	0	0	0	0	0	0	0	0	0	0	0	0	218	0	0	0	0	0	0	24	0	0	0	0	242	0	0	0	0	0	0	0	0	0	0	0	16

70	assemblage-600-360	0	0	0	0	0	0	0	0	0	0	0	0	0	0	0	0	0	0	0	0	0	0	0	0	0	0	0	0	0	0	0	0	274	0	0	0	0	0	212	0	0	0	0	0	0	0	0	0	0	0	0	0	0	0	0	0	0	0	0	0	0	0	0	0	14
70	assemblage-128-357	0	0	0	0	0	0	0	0	85	0	0	0	0	24	0	152	0	0	0	0	0	0	0	19	0	0	0	0	0	0	0	0	0	0	0	0	0	0	0	0	28	0	0	0	0	0	0	0	0	0	0	65	110	0	0	0	0	0	0	0	0	0	0	0	17
70	assemblage-240-440	0	0	0	0	0	0	0	0	60	0	0	0	0	40	0	123	0	0	4	0	0	0	0	2	0	0	0	0	0	0	0	0	0	0	0	0	0	0	0	0	5	0	0	0	0	0	0	0	0	0	0	122	137	0	0	0	0	0	0	0	0	0	0	0	7

71	assemblage-600-360	0	0	0	0	0	0	0	0	0	0	0	0	0	0	0	0	0	0	0	0	0	0	0	0	0	0	0	0	0	0	0	0	274	0	0	0	0	0	212	0	0	0	0	0	0	0	0	0	0	0	0	0	0	0	0	0	0	0	0	0	0	0	0	0	14
71	assemblage-128-357	0	0	0	0	0	0	0	0	85	0	0	0	0	24	0	152	0	0	0	0	0	0	0	19	0	0	0	0	0	0	0	0	0	0	0	0	0	0	0	0	28	0	0	0	0	0	0	0	0	0	0	65	110	0	0	0	0	0	0	0	0	0	0	0	17
71	assemblage-155-332	0	0	0	0	0	0	0	0	111	0	0	0	0	29	0	126	0	0	14	0	0	0	0	0	0	0	0	0	0	0	0	0	0	0	0	0	0	0	0	0	28	0	0	0	0	0	0	0	0	0	0	98	77	0	0	0	0	0	0	0	0	0	0	0	17

72	assemblage-600-360	0	0	0	0	0	0	0	0	0	0	0	0	0	0	0	0	0	0	0	0	0	0	0	0	0	0	0	0	0	0	0	0	274	0	0	0	0	0	212	0	0	0	0	0	0	0	0	0	0	0	0	0	0	0	0	0	0	0	0	0	0	0	0	0	14
72	assemblage-128-357	0	0	0	0	0	0	0	0	85	0	0	0	0	24	0	152	0	0	0	0	0	0	0	19	0	0	0	0	0	0	0	0	0	0	0	0	0	0	0	0	28	0	0	0	0	0	0	0	0	0	0	65	110	0	0	0	0	0	0	0	0	0	0	0	17
72	assemblage-830-468	0	0	0	0	0	0	0	0	0	0	0	0	0	0	0	0	0	0	0	0	0	0	0	0	0	0	0	0	0	0	0	0	0	0	0	240	0	0	0	0	0	0	0	0	0	0	0	0	0	0	0	75	183	0	0	0	0	0	0	0	0	0	0	0	2

73	assemblage-600-360	0	0	0	0	0	0	0	0	0	0	0	0	0	0	0	0	0	0	0	0	0	0	0	0	0	0	0	0	0	0	0	0	274	0	0	0	0	0	212	0	0	0	0	0	0	0	0	0	0	0	0	0	0	0	0	0	0	0	0	0	0	0	0	0	14
73	assemblage-679-193	0	0	0	0	0	0	94	0	85	0	0	0	0	0	0	0	0	0	0	0	0	0	0	0	0	0	0	0	0	0	0	0	103	0	0	7	0	0	75	0	0	0	0	0	0	0	0	0	0	0	6	37	50	0	0	0	0	35	0	0	0	0	0	0	8
73	assemblage-211-394	0	0	0	0	0	0	0	0	0	0	0	0	0	0	0	0	0	0	0	0	0	0	0	0	0	0	0	0	0	0	0	0	32	0	0	60	0	0	0	0	0	0	0	0	0	0	0	0	0	0	0	0	390	9	0	0	0	0	0	0	0	0	0	0	9

74	assemblage-600-360	0	0	0	0	0	0	0	0	0	0	0	0	0	0	0	0	0	0	0	0	0	0	0	0	0	0	0	0	0	0	0	0	274	0	0	0	0	0	212	0	0	0	0	0	0	0	0	0	0	0	0	0	0	0	0	0	0	0	0	0	0	0	0	0	14
74	assemblage-679-193	0	0	0	0	0	0	94	0	85	0	0	0	0	0	0	0	0	0	0	0	0	0	0	0	0	0	0	0	0	0	0	0	103	0	0	7	0	0	75	0	0	0	0	0	0	0	0	0	0	0	6	37	50	0	0	0	0	35	0	0	0	0	0	0	8
74	assemblage-466-814	0	0	0	0	0	0	36	0	51	0	0	0	0	0	0	0	0	0	0	0	0	0	0	0	0	0	0	0	0	0	0	0	13	0	0	48	0	0	59	0	0	0	0	0	0	0	0	0	0	0	0	21	204	0	0	0	0	0	0	0	63	0	0	0	5

75	assemblage-600-360	0	0	0	0	0	0	0	0	0	0	0	0	0	0	0	0	0	0	0	0	0	0	0	0	0	0	0	0	0	0	0	0	274	0	0	0	0	0	212	0	0	0	0	0	0	0	0	0	0	0	0	0	0	0	0	0	0	0	0	0	0	0	0	0	14
75	assemblage-679-193	0	0	0	0	0	0	94	0	85	0	0	0	0	0	0	0	0	0	0	0	0	0	0	0	0	0	0	0	0	0	0	0	103	0	0	7	0	0	75	0	0	0	0	0	0	0	0	0	0	0	6	37	50	0	0	0	0	35	0	0	0	0	0	0	8
75	assemblage-240-440	0	0	0	0	0	0	0	0	60	0	0	0	0	40	0	123	0	0	4	0	0	0	0	2	0	0	0	0	0	0	0	0	0	0	0	0	0	0	0	0	5	0	0	0	0	0	0	0	0	0	0	122	137	0	0	0	0	0	0	0	0	0	0	0	7

76	assemblage-600-360	0	0	0	0	0	0	0	0	0	0	0	0	0	0	0	0	0	0	0	0	0	0	0	0	0	0	0	0	0	0	0	0	274	0	0	0	0	0	212	0	0	0	0	0	0	0	0	0	0	0	0	0	0	0	0	0	0	0	0	0	0	0	0	0	14
76	assemblage-679-193	0	0	0	0	0	0	94	0	85	0	0	0	0	0	0	0	0	0	0	0	0	0	0	0	0	0	0	0	0	0	0	0	103	0	0	7	0	0	75	0	0	0	0	0	0	0	0	0	0	0	6	37	50	0	0	0	0	35	0	0	0	0	0	0	8
76	assemblage-637-327	0	0	0	0	0	0	0	0	146	0	0	0	0	0	0	0	0	0	0	0	0	0	25	0	0	0	0	0	0	0	0	0	51	0	0	42	0	0	0	0	0	0	0	0	0	0	0	0	0	0	0	8	198	0	0	0	0	0	0	0	28	0	0	0	2

77	assemblage-600-360	0	0	0	0	0	0	0	0	0	0	0	0	0	0	0	0	0	0	0	0	0	0	0	0	0	0	0	0	0	0	0	0	274	0	0	0	0	0	212	0	0	0	0	0	0	0	0	0	0	0	0	0	0	0	0	0	0	0	0	0	0	0	0	0	14
77	assemblage-679-193	0	0	0	0	0	0	94	0	85	0	0	0	0	0	0	0	0	0	0	0	0	0	0	0	0	0	0	0	0	0	0	0	103	0	0	7	0	0	75	0	0	0	0	0	0	0	0	0	0	0	6	37	50	0	0	0	0	35	0	0	0	0	0	0	8
77	assemblage-830-468	0	0	0	0	0	0	0	0	0	0	0	0	0	0	0	0	0	0	0	0	0	0	0	0	0	0	0	0	0	0	0	0	0	0	0	240	0	0	0	0	0	0	0	0	0	0	0	0	0	0	0	75	183	0	0	0	0	0	0	0	0	0	0	0	2

78	assemblage-600-360	0	0	0	0	0	0	0	0	0	0	0	0	0	0	0	0	0	0	0	0	0	0	0	0	0	0	0	0	0	0	0	0	274	0	0	0	0	0	212	0	0	0	0	0	0	0	0	0	0	0	0	0	0	0	0	0	0	0	0	0	0	0	0	0	14
78	assemblage-679-193	0	0	0	0	0	0	94	0	85	0	0	0	0	0	0	0	0	0	0	0	0	0	0	0	0	0	0	0	0	0	0	0	103	0	0	7	0	0	75	0	0	0	0	0	0	0	0	0	0	0	6	37	50	0	0	0	0	35	0	0	0	0	0	0	8
78	assemblage-575-481	0	0	0	0	0	0	0	0	82	0	0	0	0	0	0	0	0	0	0	0	11	0	0	0	0	0	0	0	0	0	0	0	98	0	0	58	0	0	0	0	0	0	0	0	0	0	0	0	0	0	0	25	201	0	0	0	0	0	0	0	19	0	0	0	6

79	assemblage-600-360	0	0	0	0	0	0	0	0	0	0	0	0	0	0	0	0	0	0	0	0	0	0	0	0	0	0	0	0	0	0	0	0	274	0	0	0	0	0	212	0	0	0	0	0	0	0	0	0	0	0	0	0	0	0	0	0	0	0	0	0	0	0	0	0	14
79	assemblage-427-379	0	0	0	0	0	0	0	0	43	0	0	0	0	33	0	123	0	0	0	0	0	0	0	0	0	0	0	0	0	0	0	0	0	0	0	7	0	0	6	0	3	0	0	0	0	0	0	0	0	0	0	143	125	0	0	0	0	0	0	0	0	0	0	0	17
79	assemblage-820-494	0	0	0	0	0	0	0	0	0	0	0	0	0	0	0	0	0	0	0	0	0	0	0	0	0	0	0	0	0	0	0	0	0	0	0	0	0	0	0	0	218	0	0	0	0	0	0	24	0	0	0	0	242	0	0	0	0	0	0	0	0	0	0	0	16

80	assemblage-600-360	0	0	0	0	0	0	0	0	0	0	0	0	0	0	0	0	0	0	0	0	0	0	0	0	0	0	0	0	0	0	0	0	274	0	0	0	0	0	212	0	0	0	0	0	0	0	0	0	0	0	0	0	0	0	0	0	0	0	0	0	0	0	0	0	14
80	assemblage-427-379	0	0	0	0	0	0	0	0	43	0	0	0	0	33	0	123	0	0	0	0	0	0	0	0	0	0	0	0	0	0	0	0	0	0	0	7	0	0	6	0	3	0	0	0	0	0	0	0	0	0	0	143	125	0	0	0	0	0	0	0	0	0	0	0	17
80	assemblage-240-440	0	0	0	0	0	0	0	0	60	0	0	0	0	40	0	123	0	0	4	0	0	0	0	2	0	0	0	0	0	0	0	0	0	0	0	0	0	0	0	0	5	0	0	0	0	0	0	0	0	0	0	122	137	0	0	0	0	0	0	0	0	0	0	0	7

81	assemblage-600-360	0	0	0	0	0	0	0	0	0	0	0	0	0	0	0	0	0	0	0	0	0	0	0	0	0	0	0	0	0	0	0	0	274	0	0	0	0	0	212	0	0	0	0	0	0	0	0	0	0	0	0	0	0	0	0	0	0	0	0	0	0	0	0	0	14
81	assemblage-427-379	0	0	0	0	0	0	0	0	43	0	0	0	0	33	0	123	0	0	0	0	0	0	0	0	0	0	0	0	0	0	0	0	0	0	0	7	0	0	6	0	3	0	0	0	0	0	0	0	0	0	0	143	125	0	0	0	0	0	0	0	0	0	0	0	17
81	assemblage-155-332	0	0	0	0	0	0	0	0	111	0	0	0	0	29	0	126	0	0	14	0	0	0	0	0	0	0	0	0	0	0	0	0	0	0	0	0	0	0	0	0	28	0	0	0	0	0	0	0	0	0	0	98	77	0	0	0	0	0	0	0	0	0	0	0	17

82	assemblage-600-360	0	0	0	0	0	0	0	0	0	0	0	0	0	0	0	0	0	0	0	0	0	0	0	0	0	0	0	0	0	0	0	0	274	0	0	0	0	0	212	0	0	0	0	0	0	0	0	0	0	0	0	0	0	0	0	0	0	0	0	0	0	0	0	0	14
82	assemblage-427-379	0	0	0	0	0	0	0	0	43	0	0	0	0	33	0	123	0	0	0	0	0	0	0	0	0	0	0	0	0	0	0	0	0	0	0	7	0	0	6	0	3	0	0	0	0	0	0	0	0	0	0	143	125	0	0	0	0	0	0	0	0	0	0	0	17
82	assemblage-830-468	0	0	0	0	0	0	0	0	0	0	0	0	0	0	0	0	0	0	0	0	0	0	0	0	0	0	0	0	0	0	0	0	0	0	0	240	0	0	0	0	0	0	0	0	0	0	0	0	0	0	0	75	183	0	0	0	0	0	0	0	0	0	0	0	2

83	assemblage-600-360	0	0	0	0	0	0	0	0	0	0	0	0	0	0	0	0	0	0	0	0	0	0	0	0	0	0	0	0	0	0	0	0	274	0	0	0	0	0	212	0	0	0	0	0	0	0	0	0	0	0	0	0	0	0	0	0	0	0	0	0	0	0	0	0	14
83	assemblage-427-379	0	0	0	0	0	0	0	0	43	0	0	0	0	33	0	123	0	0	0	0	0	0	0	0	0	0	0	0	0	0	0	0	0	0	0	7	0	0	6	0	3	0	0	0	0	0	0	0	0	0	0	143	125	0	0	0	0	0	0	0	0	0	0	0	17
83	assemblage-128-357	0	0	0	0	0	0	0	0	85	0	0	0	0	24	0	152	0	0	0	0	0	0	0	19	0	0	0	0	0	0	0	0	0	0	0	0	0	0	0	0	28	0	0	0	0	0	0	0	0	0	0	65	110	0	0	0	0	0	0	0	0	0	0	0	17

84	assemblage-600-360	0	0	0	0	0	0	0	0	0	0	0	0	0	0	0	0	0	0	0	0	0	0	0	0	0	0	0	0	0	0	0	0	274	0	0	0	0	0	212	0	0	0	0	0	0	0	0	0	0	0	0	0	0	0	0	0	0	0	0	0	0	0	0	0	14
84	assemblage-837-467	0	0	0	0	0	0	29	0	77	0	0	0	0	0	0	0	0	0	0	0	0	0	0	0	0	0	0	0	0	0	0	0	108	0	0	37	0	0	102	0	0	0	0	0	0	0	0	0	0	0	0	54	34	0	0	0	0	51	0	0	0	0	0	0	8
84	assemblage-211-394	0	0	0	0	0	0	0	0	0	0	0	0	0	0	0	0	0	0	0	0	0	0	0	0	0	0	0	0	0	0	0	0	32	0	0	60	0	0	0	0	0	0	0	0	0	0	0	0	0	0	0	0	390	9	0	0	0	0	0	0	0	0	0	0	9

85	assemblage-600-360	0	0	0	0	0	0	0	0	0	0	0	0	0	0	0	0	0	0	0	0	0	0	0	0	0	0	0	0	0	0	0	0	274	0	0	0	0	0	212	0	0	0	0	0	0	0	0	0	0	0	0	0	0	0	0	0	0	0	0	0	0	0	0	0	14
85	assemblage-837-467	0	0	0	0	0	0	29	0	77	0	0	0	0	0	0	0	0	0	0	0	0	0	0	0	0	0	0	0	0	0	0	0	108	0	0	37	0	0	102	0	0	0	0	0	0	0	0	0	0	0	0	54	34	0	0	0	0	51	0	0	0	0	0	0	8
85	assemblage-466-814	0	0	0	0	0	0	36	0	51	0	0	0	0	0	0	0	0	0	0	0	0	0	0	0	0	0	0	0	0	0	0	0	13	0	0	48	0	0	59	0	0	0	0	0	0	0	0	0	0	0	0	21	204	0	0	0	0	0	0	0	63	0	0	0	5

86	assemblage-600-360	0	0	0	0	0	0	0	0	0	0	0	0	0	0	0	0	0	0	0	0	0	0	0	0	0	0	0	0	0	0	0	0	274	0	0	0	0	0	212	0	0	0	0	0	0	0	0	0	0	0	0	0	0	0	0	0	0	0	0	0	0	0	0	0	14
86	assemblage-837-467	0	0	0	0	0	0	29	0	77	0	0	0	0	0	0	0	0	0	0	0	0	0	0	0	0	0	0	0	0	0	0	0	108	0	0	37	0	0	102	0	0	0	0	0	0	0	0	0	0	0	0	54	34	0	0	0	0	51	0	0	0	0	0	0	8
86	assemblage-240-440	0	0	0	0	0	0	0	0	60	0	0	0	0	40	0	123	0	0	4	0	0	0	0	2	0	0	0	0	0	0	0	0	0	0	0	0	0	0	0	0	5	0	0	0	0	0	0	0	0	0	0	122	137	0	0	0	0	0	0	0	0	0	0	0	7

87	assemblage-600-360	0	0	0	0	0	0	0	0	0	0	0	0	0	0	0	0	0	0	0	0	0	0	0	0	0	0	0	0	0	0	0	0	274	0	0	0	0	0	212	0	0	0	0	0	0	0	0	0	0	0	0	0	0	0	0	0	0	0	0	0	0	0	0	0	14
87	assemblage-837-467	0	0	0	0	0	0	29	0	77	0	0	0	0	0	0	0	0	0	0	0	0	0	0	0	0	0	0	0	0	0	0	0	108	0	0	37	0	0	102	0	0	0	0	0	0	0	0	0	0	0	0	54	34	0	0	0	0	51	0	0	0	0	0	0	8
87	assemblage-637-327	0	0	0	0	0	0	0	0	146	0	0	0	0	0	0	0	0	0	0	0	0	0	25	0	0	0	0	0	0	0	0	0	51	0	0	42	0	0	0	0	0	0	0	0	0	0	0	0	0	0	0	8	198	0	0	0	0	0	0	0	28	0	0	0	2

88	assemblage-600-360	0	0	0	0	0	0	0	0	0	0	0	0	0	0	0	0	0	0	0	0	0	0	0	0	0	0	0	0	0	0	0	0	274	0	0	0	0	0	212	0	0	0	0	0	0	0	0	0	0	0	0	0	0	0	0	0	0	0	0	0	0	0	0	0	14
88	assemblage-837-467	0	0	0	0	0	0	29	0	77	0	0	0	0	0	0	0	0	0	0	0	0	0	0	0	0	0	0	0	0	0	0	0	108	0	0	37	0	0	102	0	0	0	0	0	0	0	0	0	0	0	0	54	34	0	0	0	0	51	0	0	0	0	0	0	8
88	assemblage-830-468	0	0	0	0	0	0	0	0	0	0	0	0	0	0	0	0	0	0	0	0	0	0	0	0	0	0	0	0	0	0	0	0	0	0	0	240	0	0	0	0	0	0	0	0	0	0	0	0	0	0	0	75	183	0	0	0	0	0	0	0	0	0	0	0	2

89	assemblage-600-360	0	0	0	0	0	0	0	0	0	0	0	0	0	0	0	0	0	0	0	0	0	0	0	0	0	0	0	0	0	0	0	0	274	0	0	0	0	0	212	0	0	0	0	0	0	0	0	0	0	0	0	0	0	0	0	0	0	0	0	0	0	0	0	0	14
89	assemblage-837-467	0	0	0	0	0	0	29	0	77	0	0	0	0	0	0	0	0	0	0	0	0	0	0	0	0	0	0	0	0	0	0	0	108	0	0	37	0	0	102	0	0	0	0	0	0	0	0	0	0	0	0	54	34	0	0	0	0	51	0	0	0	0	0	0	8
89	assemblage-575-481	0	0	0	0	0	0	0	0	82	0	0	0	0	0	0	0	0	0	0	0	11	0	0	0	0	0	0	0	0	0	0	0	98	0	0	58	0	0	0	0	0	0	0	0	0	0	0	0	0	0	0	25	201	0	0	0	0	0	0	0	19	0	0	0	6

90	assemblage-600-360	0	0	0	0	0	0	0	0	0	0	0	0	0	0	0	0	0	0	0	0	0	0	0	0	0	0	0	0	0	0	0	0	274	0	0	0	0	0	212	0	0	0	0	0	0	0	0	0	0	0	0	0	0	0	0	0	0	0	0	0	0	0	0	0	14
90	assemblage-837-467	0	0	0	0	0	0	29	0	77	0	0	0	0	0	0	0	0	0	0	0	0	0	0	0	0	0	0	0	0	0	0	0	108	0	0	37	0	0	102	0	0	0	0	0	0	0	0	0	0	0	0	54	34	0	0	0	0	51	0	0	0	0	0	0	8
90	assemblage-679-193	0	0	0	0	0	0	94	0	85	0	0	0	0	0	0	0	0	0	0	0	0	0	0	0	0	0	0	0	0	0	0	0	103	0	0	7	0	0	75	0	0	0	0	0	0	0	0	0	0	0	6	37	50	0	0	0	0	35	0	0	0	0	0	0	8

91	assemblage-631-326	0	0	0	0	0	0	37	0	37	0	0	0	0	0	0	0	0	0	0	0	0	0	0	0	0	0	0	0	0	0	0	0	94	5	0	26	0	0	124	0	0	0	0	0	0	0	0	0	0	0	0	0	173	0	0	0	0	0	0	0	0	0	0	0	4
91	assemblage-575-481	0	0	0	0	0	0	0	0	82	0	0	0	0	0	0	0	0	0	0	0	11	0	0	0	0	0	0	0	0	0	0	0	98	0	0	58	0	0	0	0	0	0	0	0	0	0	0	0	0	0	0	25	201	0	0	0	0	0	0	0	19	0	0	0	6
91	assemblage-240-440	0	0	0	0	0	0	0	0	60	0	0	0	0	40	0	123	0	0	4	0	0	0	0	2	0	0	0	0	0	0	0	0	0	0	0	0	0	0	0	0	5	0	0	0	0	0	0	0	0	0	0	122	137	0	0	0	0	0	0	0	0	0	0	0	7

92	assemblage-631-326	0	0	0	0	0	0	37	0	37	0	0	0	0	0	0	0	0	0	0	0	0	0	0	0	0	0	0	0	0	0	0	0	94	5	0	26	0	0	124	0	0	0	0	0	0	0	0	0	0	0	0	0	173	0	0	0	0	0	0	0	0	0	0	0	4
92	assemblage-575-481	0	0	0	0	0	0	0	0	82	0	0	0	0	0	0	0	0	0	0	0	11	0	0	0	0	0	0	0	0	0	0	0	98	0	0	58	0	0	0	0	0	0	0	0	0	0	0	0	0	0	0	25	201	0	0	0	0	0	0	0	19	0	0	0	6
92	assemblage-637-327	0	0	0	0	0	0	0	0	146	0	0	0	0	0	0	0	0	0	0	0	0	0	25	0	0	0	0	0	0	0	0	0	51	0	0	42	0	0	0	0	0	0	0	0	0	0	0	0	0	0	0	8	198	0	0	0	0	0	0	0	28	0	0	0	2

93	assemblage-631-326	0	0	0	0	0	0	37	0	37	0	0	0	0	0	0	0	0	0	0	0	0	0	0	0	0	0	0	0	0	0	0	0	94	5	0	26	0	0	124	0	0	0	0	0	0	0	0	0	0	0	0	0	173	0	0	0	0	0	0	0	0	0	0	0	4
93	assemblage-575-481	0	0	0	0	0	0	0	0	82	0	0	0	0	0	0	0	0	0	0	0	11	0	0	0	0	0	0	0	0	0	0	0	98	0	0	58	0	0	0	0	0	0	0	0	0	0	0	0	0	0	0	25	201	0	0	0	0	0	0	0	19	0	0	0	6
93	assemblage-830-468	0	0	0	0	0	0	0	0	0	0	0	0	0	0	0	0	0	0	0	0	0	0	0	0	0	0	0	0	0	0	0	0	0	0	0	240	0	0	0	0	0	0	0	0	0	0	0	0	0	0	0	75	183	0	0	0	0	0	0	0	0	0	0	0	2

94	assemblage-631-326	0	0	0	0	0	0	37	0	37	0	0	0	0	0	0	0	0	0	0	0	0	0	0	0	0	0	0	0	0	0	0	0	94	5	0	26	0	0	124	0	0	0	0	0	0	0	0	0	0	0	0	0	173	0	0	0	0	0	0	0	0	0	0	0	4
94	assemblage-425-389	0	0	0	0	0	0	0	0	33	0	0	0	0	0	0	73	0	0	0	0	0	0	0	0	0	0	0	0	0	0	0	0	37	0	0	0	0	0	0	0	0	0	0	0	0	0	0	0	0	0	0	0	264	0	0	0	0	0	0	73	0	0	0	0	20
94	assemblage-820-494	0	0	0	0	0	0	0	0	0	0	0	0	0	0	0	0	0	0	0	0	0	0	0	0	0	0	0	0	0	0	0	0	0	0	0	0	0	0	0	0	218	0	0	0	0	0	0	24	0	0	0	0	242	0	0	0	0	0	0	0	0	0	0	0	16

95	assemblage-631-326	0	0	0	0	0	0	37	0	37	0	0	0	0	0	0	0	0	0	0	0	0	0	0	0	0	0	0	0	0	0	0	0	94	5	0	26	0	0	124	0	0	0	0	0	0	0	0	0	0	0	0	0	173	0	0	0	0	0	0	0	0	0	0	0	4
95	assemblage-128-357	0	0	0	0	0	0	0	0	85	0	0	0	0	24	0	152	0	0	0	0	0	0	0	19	0	0	0	0	0	0	0	0	0	0	0	0	0	0	0	0	28	0	0	0	0	0	0	0	0	0	0	65	110	0	0	0	0	0	0	0	0	0	0	0	17
95	assemblage-155-332	0	0	0	0	0	0	0	0	111	0	0	0	0	29	0	126	0	0	14	0	0	0	0	0	0	0	0	0	0	0	0	0	0	0	0	0	0	0	0	0	28	0	0	0	0	0	0	0	0	0	0	98	77	0	0	0	0	0	0	0	0	0	0	0	17

96	assemblage-631-326	0	0	0	0	0	0	37	0	37	0	0	0	0	0	0	0	0	0	0	0	0	0	0	0	0	0	0	0	0	0	0	0	94	5	0	26	0	0	124	0	0	0	0	0	0	0	0	0	0	0	0	0	173	0	0	0	0	0	0	0	0	0	0	0	4
96	assemblage-427-379	0	0	0	0	0	0	0	0	43	0	0	0	0	33	0	123	0	0	0	0	0	0	0	0	0	0	0	0	0	0	0	0	0	0	0	7	0	0	6	0	3	0	0	0	0	0	0	0	0	0	0	143	125	0	0	0	0	0	0	0	0	0	0	0	17
96	assemblage-155-332	0	0	0	0	0	0	0	0	111	0	0	0	0	29	0	126	0	0	14	0	0	0	0	0	0	0	0	0	0	0	0	0	0	0	0	0	0	0	0	0	28	0	0	0	0	0	0	0	0	0	0	98	77	0	0	0	0	0	0	0	0	0	0	0	17

97	assemblage-631-326	0	0	0	0	0	0	37	0	37	0	0	0	0	0	0	0	0	0	0	0	0	0	0	0	0	0	0	0	0	0	0	0	94	5	0	26	0	0	124	0	0	0	0	0	0	0	0	0	0	0	0	0	173	0	0	0	0	0	0	0	0	0	0	0	4
97	assemblage-427-379	0	0	0	0	0	0	0	0	43	0	0	0	0	33	0	123	0	0	0	0	0	0	0	0	0	0	0	0	0	0	0	0	0	0	0	7	0	0	6	0	3	0	0	0	0	0	0	0	0	0	0	143	125	0	0	0	0	0	0	0	0	0	0	0	17
97	assemblage-128-357	0	0	0	0	0	0	0	0	85	0	0	0	0	24	0	152	0	0	0	0	0	0	0	19	0	0	0	0	0	0	0	0	0	0	0	0	0	0	0	0	28	0	0	0	0	0	0	0	0	0	0	65	110	0	0	0	0	0	0	0	0	0	0	0	17

98	assemblage-339-589	0	0	0	0	0	0	0	0	397	0	0	0	0	43	0	0	0	0	0	0	0	0	0	0	0	0	0	0	0	0	0	0	0	0	0	0	0	0	0	0	0	0	0	0	0	0	0	0	0	0	0	59	0	0	0	0	0	0	0	0	0	0	0	0	1
98	assemblage-691-193	0	0	0	0	0	0	32	0	76	0	0	0	0	0	0	0	0	0	0	0	0	0	0	0	0	0	0	0	0	0	0	0	139	0	0	15	0	0	46	0	0	0	0	0	0	0	0	0	0	0	8	71	54	0	0	0	0	51	0	0	0	0	0	0	8
98	assemblage-211-394	0	0	0	0	0	0	0	0	0	0	0	0	0	0	0	0	0	0	0	0	0	0	0	0	0	0	0	0	0	0	0	0	32	0	0	60	0	0	0	0	0	0	0	0	0	0	0	0	0	0	0	0	390	9	0	0	0	0	0	0	0	0	0	0	9

99	assemblage-339-589	0	0	0	0	0	0	0	0	397	0	0	0	0	43	0	0	0	0	0	0	0	0	0	0	0	0	0	0	0	0	0	0	0	0	0	0	0	0	0	0	0	0	0	0	0	0	0	0	0	0	0	59	0	0	0	0	0	0	0	0	0	0	0	0	1
99	assemblage-691-193	0	0	0	0	0	0	32	0	76	0	0	0	0	0	0	0	0	0	0	0	0	0	0	0	0	0	0	0	0	0	0	0	139	0	0	15	0	0	46	0	0	0	0	0	0	0	0	0	0	0	8	71	54	0	0	0	0	51	0	0	0	0	0	0	8
99	assemblage-466-814	0	0	0	0	0	0	36	0	51	0	0	0	0	0	0	0	0	0	0	0	0	0	0	0	0	0	0	0	0	0	0	0	13	0	0	48	0	0	59	0	0	0	0	0	0	0	0	0	0	0	0	21	204	0	0	0	0	0	0	0	63	0	0	0	5

100	assemblage-339-589	0	0	0	0	0	0	0	0	397	0	0	0	0	43	0	0	0	0	0	0	0	0	0	0	0	0	0	0	0	0	0	0	0	0	0	0	0	0	0	0	0	0	0	0	0	0	0	0	0	0	0	59	0	0	0	0	0	0	0	0	0	0	0	0	1
100	assemblage-751-198	0	0	0	0	0	0	30	0	0	0	0	0	0	0	7	0	0	0	0	0	0	0	0	0	0	0	0	0	0	0	0	0	10	0	0	195	0	0	0	0	0	0	10	0	0	0	0	0	0	0	0	77	156	0	0	0	0	0	0	0	0	0	0	0	15
100	assemblage-211-394	0	0	0	0	0	0	0	0	0	0	0	0	0	0	0	0	0	0	0	0	0	0	0	0	0	0	0	0	0	0	0	0	32	0	0	60	0	0	0	0	0	0	0	0	0	0	0	0	0	0	0	0	390	9	0	0	0	0	0	0	0	0	0	0	9

101	assemblage-339-589	0	0	0	0	0	0	0	0	397	0	0	0	0	43	0	0	0	0	0	0	0	0	0	0	0	0	0	0	0	0	0	0	0	0	0	0	0	0	0	0	0	0	0	0	0	0	0	0	0	0	0	59	0	0	0	0	0	0	0	0	0	0	0	0	1
101	assemblage-820-494	0	0	0	0	0	0	0	0	0	0	0	0	0	0	0	0	0	0	0	0	0	0	0	0	0	0	0	0	0	0	0	0	0	0	0	0	0	0	0	0	218	0	0	0	0	0	0	24	0	0	0	0	242	0	0	0	0	0	0	0	0	0	0	0	16
101	assemblage-211-394	0	0	0	0	0	0	0	0	0	0	0	0	0	0	0	0	0	0	0	0	0	0	0	0	0	0	0	0	0	0	0	0	32	0	0	60	0	0	0	0	0	0	0	0	0	0	0	0	0	0	0	0	390	9	0	0	0	0	0	0	0	0	0	0	9

102	assemblage-339-589	0	0	0	0	0	0	0	0	397	0	0	0	0	43	0	0	0	0	0	0	0	0	0	0	0	0	0	0	0	0	0	0	0	0	0	0	0	0	0	0	0	0	0	0	0	0	0	0	0	0	0	59	0	0	0	0	0	0	0	0	0	0	0	0	1
102	assemblage-240-440	0	0	0	0	0	0	0	0	60	0	0	0	0	40	0	123	0	0	4	0	0	0	0	2	0	0	0	0	0	0	0	0	0	0	0	0	0	0	0	0	5	0	0	0	0	0	0	0	0	0	0	122	137	0	0	0	0	0	0	0	0	0	0	0	7
102	assemblage-466-814	0	0	0	0	0	0	36	0	51	0	0	0	0	0	0	0	0	0	0	0	0	0	0	0	0	0	0	0	0	0	0	0	13	0	0	48	0	0	59	0	0	0	0	0	0	0	0	0	0	0	0	21	204	0	0	0	0	0	0	0	63	0	0	0	5

103	assemblage-339-589	0	0	0	0	0	0	0	0	397	0	0	0	0	43	0	0	0	0	0	0	0	0	0	0	0	0	0	0	0	0	0	0	0	0	0	0	0	0	0	0	0	0	0	0	0	0	0	0	0	0	0	59	0	0	0	0	0	0	0	0	0	0	0	0	1
103	assemblage-155-332	0	0	0	0	0	0	0	0	111	0	0	0	0	29	0	126	0	0	14	0	0	0	0	0	0	0	0	0	0	0	0	0	0	0	0	0	0	0	0	0	28	0	0	0	0	0	0	0	0	0	0	98	77	0	0	0	0	0	0	0	0	0	0	0	17
103	assemblage-211-394	0	0	0	0	0	0	0	0	0	0	0	0	0	0	0	0	0	0	0	0	0	0	0	0	0	0	0	0	0	0	0	0	32	0	0	60	0	0	0	0	0	0	0	0	0	0	0	0	0	0	0	0	390	9	0	0	0	0	0	0	0	0	0	0	9

104	assemblage-339-589	0	0	0	0	0	0	0	0	397	0	0	0	0	43	0	0	0	0	0	0	0	0	0	0	0	0	0	0	0	0	0	0	0	0	0	0	0	0	0	0	0	0	0	0	0	0	0	0	0	0	0	59	0	0	0	0	0	0	0	0	0	0	0	0	1
104	assemblage-155-332	0	0	0	0	0	0	0	0	111	0	0	0	0	29	0	126	0	0	14	0	0	0	0	0	0	0	0	0	0	0	0	0	0	0	0	0	0	0	0	0	28	0	0	0	0	0	0	0	0	0	0	98	77	0	0	0	0	0	0	0	0	0	0	0	17
104	assemblage-466-814	0	0	0	0	0	0	36	0	51	0	0	0	0	0	0	0	0	0	0	0	0	0	0	0	0	0	0	0	0	0	0	0	13	0	0	48	0	0	59	0	0	0	0	0	0	0	0	0	0	0	0	21	204	0	0	0	0	0	0	0	63	0	0	0	5

105	assemblage-339-589	0	0	0	0	0	0	0	0	397	0	0	0	0	43	0	0	0	0	0	0	0	0	0	0	0	0	0	0	0	0	0	0	0	0	0	0	0	0	0	0	0	0	0	0	0	0	0	0	0	0	0	59	0	0	0	0	0	0	0	0	0	0	0	0	1
105	assemblage-155-332	0	0	0	0	0	0	0	0	111	0	0	0	0	29	0	126	0	0	14	0	0	0	0	0	0	0	0	0	0	0	0	0	0	0	0	0	0	0	0	0	28	0	0	0	0	0	0	0	0	0	0	98	77	0	0	0	0	0	0	0	0	0	0	0	17
105	assemblage-691-193	0	0	0	0	0	0	32	0	76	0	0	0	0	0	0	0	0	0	0	0	0	0	0	0	0	0	0	0	0	0	0	0	139	0	0	15	0	0	46	0	0	0	0	0	0	0	0	0	0	0	8	71	54	0	0	0	0	51	0	0	0	0	0	0	8

106	assemblage-339-589	0	0	0	0	0	0	0	0	397	0	0	0	0	43	0	0	0	0	0	0	0	0	0	0	0	0	0	0	0	0	0	0	0	0	0	0	0	0	0	0	0	0	0	0	0	0	0	0	0	0	0	59	0	0	0	0	0	0	0	0	0	0	0	0	1
106	assemblage-155-332	0	0	0	0	0	0	0	0	111	0	0	0	0	29	0	126	0	0	14	0	0	0	0	0	0	0	0	0	0	0	0	0	0	0	0	0	0	0	0	0	28	0	0	0	0	0	0	0	0	0	0	98	77	0	0	0	0	0	0	0	0	0	0	0	17
106	assemblage-751-198	0	0	0	0	0	0	30	0	0	0	0	0	0	0	7	0	0	0	0	0	0	0	0	0	0	0	0	0	0	0	0	0	10	0	0	195	0	0	0	0	0	0	10	0	0	0	0	0	0	0	0	77	156	0	0	0	0	0	0	0	0	0	0	0	15

107	assemblage-339-589	0	0	0	0	0	0	0	0	397	0	0	0	0	43	0	0	0	0	0	0	0	0	0	0	0	0	0	0	0	0	0	0	0	0	0	0	0	0	0	0	0	0	0	0	0	0	0	0	0	0	0	59	0	0	0	0	0	0	0	0	0	0	0	0	1
107	assemblage-155-332	0	0	0	0	0	0	0	0	111	0	0	0	0	29	0	126	0	0	14	0	0	0	0	0	0	0	0	0	0	0	0	0	0	0	0	0	0	0	0	0	28	0	0	0	0	0	0	0	0	0	0	98	77	0	0	0	0	0	0	0	0	0	0	0	17
107	assemblage-820-494	0	0	0	0	0	0	0	0	0	0	0	0	0	0	0	0	0	0	0	0	0	0	0	0	0	0	0	0	0	0	0	0	0	0	0	0	0	0	0	0	218	0	0	0	0	0	0	24	0	0	0	0	242	0	0	0	0	0	0	0	0	0	0	0	16

108	assemblage-339-589	0	0	0	0	0	0	0	0	397	0	0	0	0	43	0	0	0	0	0	0	0	0	0	0	0	0	0	0	0	0	0	0	0	0	0	0	0	0	0	0	0	0	0	0	0	0	0	0	0	0	0	59	0	0	0	0	0	0	0	0	0	0	0	0	1
108	assemblage-575-481	0	0	0	0	0	0	0	0	82	0	0	0	0	0	0	0	0	0	0	0	11	0	0	0	0	0	0	0	0	0	0	0	98	0	0	58	0	0	0	0	0	0	0	0	0	0	0	0	0	0	0	25	201	0	0	0	0	0	0	0	19	0	0	0	6
108	assemblage-466-814	0	0	0	0	0	0	36	0	51	0	0	0	0	0	0	0	0	0	0	0	0	0	0	0	0	0	0	0	0	0	0	0	13	0	0	48	0	0	59	0	0	0	0	0	0	0	0	0	0	0	0	21	204	0	0	0	0	0	0	0	63	0	0	0	5

109	assemblage-339-589	0	0	0	0	0	0	0	0	397	0	0	0	0	43	0	0	0	0	0	0	0	0	0	0	0	0	0	0	0	0	0	0	0	0	0	0	0	0	0	0	0	0	0	0	0	0	0	0	0	0	0	59	0	0	0	0	0	0	0	0	0	0	0	0	1
109	assemblage-418-394	4	0	0	0	0	0	9	0	11	0	0	0	0	0	0	149	0	0	0	0	0	0	0	0	0	0	0	0	0	0	0	0	53	0	0	8	0	0	129	0	14	0	0	0	0	0	0	0	0	0	0	106	0	0	0	0	0	0	0	0	0	0	0	0	17
109	assemblage-211-394	0	0	0	0	0	0	0	0	0	0	0	0	0	0	0	0	0	0	0	0	0	0	0	0	0	0	0	0	0	0	0	0	32	0	0	60	0	0	0	0	0	0	0	0	0	0	0	0	0	0	0	0	390	9	0	0	0	0	0	0	0	0	0	0	9

110	assemblage-339-589	0	0	0	0	0	0	0	0	397	0	0	0	0	43	0	0	0	0	0	0	0	0	0	0	0	0	0	0	0	0	0	0	0	0	0	0	0	0	0	0	0	0	0	0	0	0	0	0	0	0	0	59	0	0	0	0	0	0	0	0	0	0	0	0	1
110	assemblage-418-394	4	0	0	0	0	0	9	0	11	0	0	0	0	0	0	149	0	0	0	0	0	0	0	0	0	0	0	0	0	0	0	0	53	0	0	8	0	0	129	0	14	0	0	0	0	0	0	0	0	0	0	106	0	0	0	0	0	0	0	0	0	0	0	0	17
110	assemblage-751-198	0	0	0	0	0	0	30	0	0	0	0	0	0	0	7	0	0	0	0	0	0	0	0	0	0	0	0	0	0	0	0	0	10	0	0	195	0	0	0	0	0	0	10	0	0	0	0	0	0	0	0	77	156	0	0	0	0	0	0	0	0	0	0	0	15

111	assemblage-339-589	0	0	0	0	0	0	0	0	397	0	0	0	0	43	0	0	0	0	0	0	0	0	0	0	0	0	0	0	0	0	0	0	0	0	0	0	0	0	0	0	0	0	0	0	0	0	0	0	0	0	0	59	0	0	0	0	0	0	0	0	0	0	0	0	1
111	assemblage-418-394	4	0	0	0	0	0	9	0	11	0	0	0	0	0	0	149	0	0	0	0	0	0	0	0	0	0	0	0	0	0	0	0	53	0	0	8	0	0	129	0	14	0	0	0	0	0	0	0	0	0	0	106	0	0	0	0	0	0	0	0	0	0	0	0	17
111	assemblage-820-494	0	0	0	0	0	0	0	0	0	0	0	0	0	0	0	0	0	0	0	0	0	0	0	0	0	0	0	0	0	0	0	0	0	0	0	0	0	0	0	0	218	0	0	0	0	0	0	24	0	0	0	0	242	0	0	0	0	0	0	0	0	0	0	0	16

112	assemblage-339-589	0	0	0	0	0	0	0	0	397	0	0	0	0	43	0	0	0	0	0	0	0	0	0	0	0	0	0	0	0	0	0	0	0	0	0	0	0	0	0	0	0	0	0	0	0	0	0	0	0	0	0	59	0	0	0	0	0	0	0	0	0	0	0	0	1
112	assemblage-418-394	4	0	0	0	0	0	9	0	11	0	0	0	0	0	0	149	0	0	0	0	0	0	0	0	0	0	0	0	0	0	0	0	53	0	0	8	0	0	129	0	14	0	0	0	0	0	0	0	0	0	0	106	0	0	0	0	0	0	0	0	0	0	0	0	17
112	assemblage-830-468	0	0	0	0	0	0	0	0	0	0	0	0	0	0	0	0	0	0	0	0	0	0	0	0	0	0	0	0	0	0	0	0	0	0	0	240	0	0	0	0	0	0	0	0	0	0	0	0	0	0	0	75	183	0	0	0	0	0	0	0	0	0	0	0	2

113	assemblage-339-589	0	0	0	0	0	0	0	0	397	0	0	0	0	43	0	0	0	0	0	0	0	0	0	0	0	0	0	0	0	0	0	0	0	0	0	0	0	0	0	0	0	0	0	0	0	0	0	0	0	0	0	59	0	0	0	0	0	0	0	0	0	0	0	0	1
113	assemblage-425-389	0	0	0	0	0	0	0	0	33	0	0	0	0	0	0	73	0	0	0	0	0	0	0	0	0	0	0	0	0	0	0	0	37	0	0	0	0	0	0	0	0	0	0	0	0	0	0	0	0	0	0	0	264	0	0	0	0	0	0	73	0	0	0	0	20
113	assemblage-211-394	0	0	0	0	0	0	0	0	0	0	0	0	0	0	0	0	0	0	0	0	0	0	0	0	0	0	0	0	0	0	0	0	32	0	0	60	0	0	0	0	0	0	0	0	0	0	0	0	0	0	0	0	390	9	0	0	0	0	0	0	0	0	0	0	9

114	assemblage-339-589	0	0	0	0	0	0	0	0	397	0	0	0	0	43	0	0	0	0	0	0	0	0	0	0	0	0	0	0	0	0	0	0	0	0	0	0	0	0	0	0	0	0	0	0	0	0	0	0	0	0	0	59	0	0	0	0	0	0	0	0	0	0	0	0	1
114	assemblage-425-389	0	0	0	0	0	0	0	0	33	0	0	0	0	0	0	73	0	0	0	0	0	0	0	0	0	0	0	0	0	0	0	0	37	0	0	0	0	0	0	0	0	0	0	0	0	0	0	0	0	0	0	0	264	0	0	0	0	0	0	73	0	0	0	0	20
114	assemblage-820-494	0	0	0	0	0	0	0	0	0	0	0	0	0	0	0	0	0	0	0	0	0	0	0	0	0	0	0	0	0	0	0	0	0	0	0	0	0	0	0	0	218	0	0	0	0	0	0	24	0	0	0	0	242	0	0	0	0	0	0	0	0	0	0	0	16

115	assemblage-339-589	0	0	0	0	0	0	0	0	397	0	0	0	0	43	0	0	0	0	0	0	0	0	0	0	0	0	0	0	0	0	0	0	0	0	0	0	0	0	0	0	0	0	0	0	0	0	0	0	0	0	0	59	0	0	0	0	0	0	0	0	0	0	0	0	1
115	assemblage-128-357	0	0	0	0	0	0	0	0	85	0	0	0	0	24	0	152	0	0	0	0	0	0	0	19	0	0	0	0	0	0	0	0	0	0	0	0	0	0	0	0	28	0	0	0	0	0	0	0	0	0	0	65	110	0	0	0	0	0	0	0	0	0	0	0	17
115	assemblage-211-394	0	0	0	0	0	0	0	0	0	0	0	0	0	0	0	0	0	0	0	0	0	0	0	0	0	0	0	0	0	0	0	0	32	0	0	60	0	0	0	0	0	0	0	0	0	0	0	0	0	0	0	0	390	9	0	0	0	0	0	0	0	0	0	0	9

116	assemblage-339-589	0	0	0	0	0	0	0	0	397	0	0	0	0	43	0	0	0	0	0	0	0	0	0	0	0	0	0	0	0	0	0	0	0	0	0	0	0	0	0	0	0	0	0	0	0	0	0	0	0	0	0	59	0	0	0	0	0	0	0	0	0	0	0	0	1
116	assemblage-128-357	0	0	0	0	0	0	0	0	85	0	0	0	0	24	0	152	0	0	0	0	0	0	0	19	0	0	0	0	0	0	0	0	0	0	0	0	0	0	0	0	28	0	0	0	0	0	0	0	0	0	0	65	110	0	0	0	0	0	0	0	0	0	0	0	17
116	assemblage-466-814	0	0	0	0	0	0	36	0	51	0	0	0	0	0	0	0	0	0	0	0	0	0	0	0	0	0	0	0	0	0	0	0	13	0	0	48	0	0	59	0	0	0	0	0	0	0	0	0	0	0	0	21	204	0	0	0	0	0	0	0	63	0	0	0	5

117	assemblage-339-589	0	0	0	0	0	0	0	0	397	0	0	0	0	43	0	0	0	0	0	0	0	0	0	0	0	0	0	0	0	0	0	0	0	0	0	0	0	0	0	0	0	0	0	0	0	0	0	0	0	0	0	59	0	0	0	0	0	0	0	0	0	0	0	0	1
117	assemblage-128-357	0	0	0	0	0	0	0	0	85	0	0	0	0	24	0	152	0	0	0	0	0	0	0	19	0	0	0	0	0	0	0	0	0	0	0	0	0	0	0	0	28	0	0	0	0	0	0	0	0	0	0	65	110	0	0	0	0	0	0	0	0	0	0	0	17
117	assemblage-691-193	0	0	0	0	0	0	32	0	76	0	0	0	0	0	0	0	0	0	0	0	0	0	0	0	0	0	0	0	0	0	0	0	139	0	0	15	0	0	46	0	0	0	0	0	0	0	0	0	0	0	8	71	54	0	0	0	0	51	0	0	0	0	0	0	8

118	assemblage-339-589	0	0	0	0	0	0	0	0	397	0	0	0	0	43	0	0	0	0	0	0	0	0	0	0	0	0	0	0	0	0	0	0	0	0	0	0	0	0	0	0	0	0	0	0	0	0	0	0	0	0	0	59	0	0	0	0	0	0	0	0	0	0	0	0	1
118	assemblage-128-357	0	0	0	0	0	0	0	0	85	0	0	0	0	24	0	152	0	0	0	0	0	0	0	19	0	0	0	0	0	0	0	0	0	0	0	0	0	0	0	0	28	0	0	0	0	0	0	0	0	0	0	65	110	0	0	0	0	0	0	0	0	0	0	0	17
118	assemblage-751-198	0	0	0	0	0	0	30	0	0	0	0	0	0	0	7	0	0	0	0	0	0	0	0	0	0	0	0	0	0	0	0	0	10	0	0	195	0	0	0	0	0	0	10	0	0	0	0	0	0	0	0	77	156	0	0	0	0	0	0	0	0	0	0	0	15

119	assemblage-339-589	0	0	0	0	0	0	0	0	397	0	0	0	0	43	0	0	0	0	0	0	0	0	0	0	0	0	0	0	0	0	0	0	0	0	0	0	0	0	0	0	0	0	0	0	0	0	0	0	0	0	0	59	0	0	0	0	0	0	0	0	0	0	0	0	1
119	assemblage-128-357	0	0	0	0	0	0	0	0	85	0	0	0	0	24	0	152	0	0	0	0	0	0	0	19	0	0	0	0	0	0	0	0	0	0	0	0	0	0	0	0	28	0	0	0	0	0	0	0	0	0	0	65	110	0	0	0	0	0	0	0	0	0	0	0	17
119	assemblage-820-494	0	0	0	0	0	0	0	0	0	0	0	0	0	0	0	0	0	0	0	0	0	0	0	0	0	0	0	0	0	0	0	0	0	0	0	0	0	0	0	0	218	0	0	0	0	0	0	24	0	0	0	0	242	0	0	0	0	0	0	0	0	0	0	0	16

120	assemblage-339-589	0	0	0	0	0	0	0	0	397	0	0	0	0	43	0	0	0	0	0	0	0	0	0	0	0	0	0	0	0	0	0	0	0	0	0	0	0	0	0	0	0	0	0	0	0	0	0	0	0	0	0	59	0	0	0	0	0	0	0	0	0	0	0	0	1
120	assemblage-128-357	0	0	0	0	0	0	0	0	85	0	0	0	0	24	0	152	0	0	0	0	0	0	0	19	0	0	0	0	0	0	0	0	0	0	0	0	0	0	0	0	28	0	0	0	0	0	0	0	0	0	0	65	110	0	0	0	0	0	0	0	0	0	0	0	17
120	assemblage-830-468	0	0	0	0	0	0	0	0	0	0	0	0	0	0	0	0	0	0	0	0	0	0	0	0	0	0	0	0	0	0	0	0	0	0	0	240	0	0	0	0	0	0	0	0	0	0	0	0	0	0	0	75	183	0	0	0	0	0	0	0	0	0	0	0	2

121	assemblage-339-589	0	0	0	0	0	0	0	0	397	0	0	0	0	43	0	0	0	0	0	0	0	0	0	0	0	0	0	0	0	0	0	0	0	0	0	0	0	0	0	0	0	0	0	0	0	0	0	0	0	0	0	59	0	0	0	0	0	0	0	0	0	0	0	0	1
121	assemblage-128-357	0	0	0	0	0	0	0	0	85	0	0	0	0	24	0	152	0	0	0	0	0	0	0	19	0	0	0	0	0	0	0	0	0	0	0	0	0	0	0	0	28	0	0	0	0	0	0	0	0	0	0	65	110	0	0	0	0	0	0	0	0	0	0	0	17
121	assemblage-575-481	0	0	0	0	0	0	0	0	82	0	0	0	0	0	0	0	0	0	0	0	11	0	0	0	0	0	0	0	0	0	0	0	98	0	0	58	0	0	0	0	0	0	0	0	0	0	0	0	0	0	0	25	201	0	0	0	0	0	0	0	19	0	0	0	6

122	assemblage-339-589	0	0	0	0	0	0	0	0	397	0	0	0	0	43	0	0	0	0	0	0	0	0	0	0	0	0	0	0	0	0	0	0	0	0	0	0	0	0	0	0	0	0	0	0	0	0	0	0	0	0	0	59	0	0	0	0	0	0	0	0	0	0	0	0	1
122	assemblage-128-357	0	0	0	0	0	0	0	0	85	0	0	0	0	24	0	152	0	0	0	0	0	0	0	19	0	0	0	0	0	0	0	0	0	0	0	0	0	0	0	0	28	0	0	0	0	0	0	0	0	0	0	65	110	0	0	0	0	0	0	0	0	0	0	0	17
122	assemblage-418-394	4	0	0	0	0	0	9	0	11	0	0	0	0	0	0	149	0	0	0	0	0	0	0	0	0	0	0	0	0	0	0	0	53	0	0	8	0	0	129	0	14	0	0	0	0	0	0	0	0	0	0	106	0	0	0	0	0	0	0	0	0	0	0	0	17

123	assemblage-339-589	0	0	0	0	0	0	0	0	397	0	0	0	0	43	0	0	0	0	0	0	0	0	0	0	0	0	0	0	0	0	0	0	0	0	0	0	0	0	0	0	0	0	0	0	0	0	0	0	0	0	0	59	0	0	0	0	0	0	0	0	0	0	0	0	1
123	assemblage-679-193	0	0	0	0	0	0	94	0	85	0	0	0	0	0	0	0	0	0	0	0	0	0	0	0	0	0	0	0	0	0	0	0	103	0	0	7	0	0	75	0	0	0	0	0	0	0	0	0	0	0	6	37	50	0	0	0	0	35	0	0	0	0	0	0	8
123	assemblage-211-394	0	0	0	0	0	0	0	0	0	0	0	0	0	0	0	0	0	0	0	0	0	0	0	0	0	0	0	0	0	0	0	0	32	0	0	60	0	0	0	0	0	0	0	0	0	0	0	0	0	0	0	0	390	9	0	0	0	0	0	0	0	0	0	0	9

124	assemblage-339-589	0	0	0	0	0	0	0	0	397	0	0	0	0	43	0	0	0	0	0	0	0	0	0	0	0	0	0	0	0	0	0	0	0	0	0	0	0	0	0	0	0	0	0	0	0	0	0	0	0	0	0	59	0	0	0	0	0	0	0	0	0	0	0	0	1
124	assemblage-679-193	0	0	0	0	0	0	94	0	85	0	0	0	0	0	0	0	0	0	0	0	0	0	0	0	0	0	0	0	0	0	0	0	103	0	0	7	0	0	75	0	0	0	0	0	0	0	0	0	0	0	6	37	50	0	0	0	0	35	0	0	0	0	0	0	8
124	assemblage-466-814	0	0	0	0	0	0	36	0	51	0	0	0	0	0	0	0	0	0	0	0	0	0	0	0	0	0	0	0	0	0	0	0	13	0	0	48	0	0	59	0	0	0	0	0	0	0	0	0	0	0	0	21	204	0	0	0	0	0	0	0	63	0	0	0	5

125	assemblage-339-589	0	0	0	0	0	0	0	0	397	0	0	0	0	43	0	0	0	0	0	0	0	0	0	0	0	0	0	0	0	0	0	0	0	0	0	0	0	0	0	0	0	0	0	0	0	0	0	0	0	0	0	59	0	0	0	0	0	0	0	0	0	0	0	0	1
125	assemblage-679-193	0	0	0	0	0	0	94	0	85	0	0	0	0	0	0	0	0	0	0	0	0	0	0	0	0	0	0	0	0	0	0	0	103	0	0	7	0	0	75	0	0	0	0	0	0	0	0	0	0	0	6	37	50	0	0	0	0	35	0	0	0	0	0	0	8
125	assemblage-575-481	0	0	0	0	0	0	0	0	82	0	0	0	0	0	0	0	0	0	0	0	11	0	0	0	0	0	0	0	0	0	0	0	98	0	0	58	0	0	0	0	0	0	0	0	0	0	0	0	0	0	0	25	201	0	0	0	0	0	0	0	19	0	0	0	6

126	assemblage-339-589	0	0	0	0	0	0	0	0	397	0	0	0	0	43	0	0	0	0	0	0	0	0	0	0	0	0	0	0	0	0	0	0	0	0	0	0	0	0	0	0	0	0	0	0	0	0	0	0	0	0	0	59	0	0	0	0	0	0	0	0	0	0	0	0	1
126	assemblage-427-379	0	0	0	0	0	0	0	0	43	0	0	0	0	33	0	123	0	0	0	0	0	0	0	0	0	0	0	0	0	0	0	0	0	0	0	7	0	0	6	0	3	0	0	0	0	0	0	0	0	0	0	143	125	0	0	0	0	0	0	0	0	0	0	0	17
126	assemblage-211-394	0	0	0	0	0	0	0	0	0	0	0	0	0	0	0	0	0	0	0	0	0	0	0	0	0	0	0	0	0	0	0	0	32	0	0	60	0	0	0	0	0	0	0	0	0	0	0	0	0	0	0	0	390	9	0	0	0	0	0	0	0	0	0	0	9

127	assemblage-339-589	0	0	0	0	0	0	0	0	397	0	0	0	0	43	0	0	0	0	0	0	0	0	0	0	0	0	0	0	0	0	0	0	0	0	0	0	0	0	0	0	0	0	0	0	0	0	0	0	0	0	0	59	0	0	0	0	0	0	0	0	0	0	0	0	1
127	assemblage-427-379	0	0	0	0	0	0	0	0	43	0	0	0	0	33	0	123	0	0	0	0	0	0	0	0	0	0	0	0	0	0	0	0	0	0	0	7	0	0	6	0	3	0	0	0	0	0	0	0	0	0	0	143	125	0	0	0	0	0	0	0	0	0	0	0	17
127	assemblage-751-198	0	0	0	0	0	0	30	0	0	0	0	0	0	0	7	0	0	0	0	0	0	0	0	0	0	0	0	0	0	0	0	0	10	0	0	195	0	0	0	0	0	0	10	0	0	0	0	0	0	0	0	77	156	0	0	0	0	0	0	0	0	0	0	0	15

128	assemblage-339-589	0	0	0	0	0	0	0	0	397	0	0	0	0	43	0	0	0	0	0	0	0	0	0	0	0	0	0	0	0	0	0	0	0	0	0	0	0	0	0	0	0	0	0	0	0	0	0	0	0	0	0	59	0	0	0	0	0	0	0	0	0	0	0	0	1
128	assemblage-427-379	0	0	0	0	0	0	0	0	43	0	0	0	0	33	0	123	0	0	0	0	0	0	0	0	0	0	0	0	0	0	0	0	0	0	0	7	0	0	6	0	3	0	0	0	0	0	0	0	0	0	0	143	125	0	0	0	0	0	0	0	0	0	0	0	17
128	assemblage-820-494	0	0	0	0	0	0	0	0	0	0	0	0	0	0	0	0	0	0	0	0	0	0	0	0	0	0	0	0	0	0	0	0	0	0	0	0	0	0	0	0	218	0	0	0	0	0	0	24	0	0	0	0	242	0	0	0	0	0	0	0	0	0	0	0	16

129	assemblage-339-589	0	0	0	0	0	0	0	0	397	0	0	0	0	43	0	0	0	0	0	0	0	0	0	0	0	0	0	0	0	0	0	0	0	0	0	0	0	0	0	0	0	0	0	0	0	0	0	0	0	0	0	59	0	0	0	0	0	0	0	0	0	0	0	0	1
129	assemblage-427-379	0	0	0	0	0	0	0	0	43	0	0	0	0	33	0	123	0	0	0	0	0	0	0	0	0	0	0	0	0	0	0	0	0	0	0	7	0	0	6	0	3	0	0	0	0	0	0	0	0	0	0	143	125	0	0	0	0	0	0	0	0	0	0	0	17
129	assemblage-830-468	0	0	0	0	0	0	0	0	0	0	0	0	0	0	0	0	0	0	0	0	0	0	0	0	0	0	0	0	0	0	0	0	0	0	0	240	0	0	0	0	0	0	0	0	0	0	0	0	0	0	0	75	183	0	0	0	0	0	0	0	0	0	0	0	2

130	assemblage-339-589	0	0	0	0	0	0	0	0	397	0	0	0	0	43	0	0	0	0	0	0	0	0	0	0	0	0	0	0	0	0	0	0	0	0	0	0	0	0	0	0	0	0	0	0	0	0	0	0	0	0	0	59	0	0	0	0	0	0	0	0	0	0	0	0	1
130	assemblage-427-379	0	0	0	0	0	0	0	0	43	0	0	0	0	33	0	123	0	0	0	0	0	0	0	0	0	0	0	0	0	0	0	0	0	0	0	7	0	0	6	0	3	0	0	0	0	0	0	0	0	0	0	143	125	0	0	0	0	0	0	0	0	0	0	0	17
130	assemblage-418-394	4	0	0	0	0	0	9	0	11	0	0	0	0	0	0	149	0	0	0	0	0	0	0	0	0	0	0	0	0	0	0	0	53	0	0	8	0	0	129	0	14	0	0	0	0	0	0	0	0	0	0	106	0	0	0	0	0	0	0	0	0	0	0	0	17

131	assemblage-339-589	0	0	0	0	0	0	0	0	397	0	0	0	0	43	0	0	0	0	0	0	0	0	0	0	0	0	0	0	0	0	0	0	0	0	0	0	0	0	0	0	0	0	0	0	0	0	0	0	0	0	0	59	0	0	0	0	0	0	0	0	0	0	0	0	1
131	assemblage-837-467	0	0	0	0	0	0	29	0	77	0	0	0	0	0	0	0	0	0	0	0	0	0	0	0	0	0	0	0	0	0	0	0	108	0	0	37	0	0	102	0	0	0	0	0	0	0	0	0	0	0	0	54	34	0	0	0	0	51	0	0	0	0	0	0	8
131	assemblage-211-394	0	0	0	0	0	0	0	0	0	0	0	0	0	0	0	0	0	0	0	0	0	0	0	0	0	0	0	0	0	0	0	0	32	0	0	60	0	0	0	0	0	0	0	0	0	0	0	0	0	0	0	0	390	9	0	0	0	0	0	0	0	0	0	0	9

132	assemblage-339-589	0	0	0	0	0	0	0	0	397	0	0	0	0	43	0	0	0	0	0	0	0	0	0	0	0	0	0	0	0	0	0	0	0	0	0	0	0	0	0	0	0	0	0	0	0	0	0	0	0	0	0	59	0	0	0	0	0	0	0	0	0	0	0	0	1
132	assemblage-837-467	0	0	0	0	0	0	29	0	77	0	0	0	0	0	0	0	0	0	0	0	0	0	0	0	0	0	0	0	0	0	0	0	108	0	0	37	0	0	102	0	0	0	0	0	0	0	0	0	0	0	0	54	34	0	0	0	0	51	0	0	0	0	0	0	8
132	assemblage-466-814	0	0	0	0	0	0	36	0	51	0	0	0	0	0	0	0	0	0	0	0	0	0	0	0	0	0	0	0	0	0	0	0	13	0	0	48	0	0	59	0	0	0	0	0	0	0	0	0	0	0	0	21	204	0	0	0	0	0	0	0	63	0	0	0	5

133	assemblage-339-589	0	0	0	0	0	0	0	0	397	0	0	0	0	43	0	0	0	0	0	0	0	0	0	0	0	0	0	0	0	0	0	0	0	0	0	0	0	0	0	0	0	0	0	0	0	0	0	0	0	0	0	59	0	0	0	0	0	0	0	0	0	0	0	0	1
133	assemblage-627-803	0	0	0	0	0	0	0	0	0	0	0	0	0	0	0	0	0	0	0	0	0	106	0	0	0	0	0	0	0	0	0	0	79	0	0	17	0	0	19	0	0	0	0	8	0	0	0	0	0	0	0	57	213	0	0	0	0	0	0	0	0	0	0	0	1
133	assemblage-211-394	0	0	0	0	0	0	0	0	0	0	0	0	0	0	0	0	0	0	0	0	0	0	0	0	0	0	0	0	0	0	0	0	32	0	0	60	0	0	0	0	0	0	0	0	0	0	0	0	0	0	0	0	390	9	0	0	0	0	0	0	0	0	0	0	9

134	assemblage-339-589	0	0	0	0	0	0	0	0	397	0	0	0	0	43	0	0	0	0	0	0	0	0	0	0	0	0	0	0	0	0	0	0	0	0	0	0	0	0	0	0	0	0	0	0	0	0	0	0	0	0	0	59	0	0	0	0	0	0	0	0	0	0	0	0	1
134	assemblage-627-803	0	0	0	0	0	0	0	0	0	0	0	0	0	0	0	0	0	0	0	0	0	106	0	0	0	0	0	0	0	0	0	0	79	0	0	17	0	0	19	0	0	0	0	8	0	0	0	0	0	0	0	57	213	0	0	0	0	0	0	0	0	0	0	0	1
134	assemblage-820-494	0	0	0	0	0	0	0	0	0	0	0	0	0	0	0	0	0	0	0	0	0	0	0	0	0	0	0	0	0	0	0	0	0	0	0	0	0	0	0	0	218	0	0	0	0	0	0	24	0	0	0	0	242	0	0	0	0	0	0	0	0	0	0	0	16

135	assemblage-339-589	0	0	0	0	0	0	0	0	397	0	0	0	0	43	0	0	0	0	0	0	0	0	0	0	0	0	0	0	0	0	0	0	0	0	0	0	0	0	0	0	0	0	0	0	0	0	0	0	0	0	0	59	0	0	0	0	0	0	0	0	0	0	0	0	1
135	assemblage-600-360	0	0	0	0	0	0	0	0	0	0	0	0	0	0	0	0	0	0	0	0	0	0	0	0	0	0	0	0	0	0	0	0	274	0	0	0	0	0	212	0	0	0	0	0	0	0	0	0	0	0	0	0	0	0	0	0	0	0	0	0	0	0	0	0	14
135	assemblage-211-394	0	0	0	0	0	0	0	0	0	0	0	0	0	0	0	0	0	0	0	0	0	0	0	0	0	0	0	0	0	0	0	0	32	0	0	60	0	0	0	0	0	0	0	0	0	0	0	0	0	0	0	0	390	9	0	0	0	0	0	0	0	0	0	0	9

