Seriation_Number	Assemblage	0-1-3	1-7417031-3	2-6565262-2	2199527-3-3	2-5522917-2	0-1109536-3	1-3-1172501	1-4-4	0-987213-3	1-3-3	1-3-4506171	2-2-2	8339840-2-2	0-1-1197249	1-3-7206783	3-3-1	0-2-2	3387650-1-3	6751570-1-3	1-7129724-3	1-5618282-3	1-3-5304560	0-2953805-3	2528839-3-3	1-8619447-3	2410379-1-3	4987595-2-2
1	assemblage-959-569	258	0	0	0	0	0	0	0	0	194	0	48	0	0	0	0	0	0	0	0	0	0	0	0	0	0	0
1	assemblage-431-636	216	0	0	0	0	0	0	0	0	261	0	23	0	0	0	0	0	0	0	0	0	0	0	0	0	0	0
1	assemblage-454-851	215	0	0	0	0	0	0	0	0	283	0	2	0	0	0	0	0	0	0	0	0	0	0	0	0	0	0
1	assemblage-453-873	205	0	0	0	0	0	0	0	0	293	0	2	0	0	0	0	0	0	0	0	0	0	0	0	0	0	0
1	assemblage-677-345	11	0	0	0	0	0	0	167	0	321	0	0	0	0	0	1	0	0	0	0	0	0	0	0	0	0	0

2	assemblage-959-569	258	0	0	0	0	0	0	0	0	194	0	48	0	0	0	0	0	0	0	0	0	0	0	0	0	0	0
2	assemblage-431-636	216	0	0	0	0	0	0	0	0	261	0	23	0	0	0	0	0	0	0	0	0	0	0	0	0	0	0
2	assemblage-454-851	215	0	0	0	0	0	0	0	0	283	0	2	0	0	0	0	0	0	0	0	0	0	0	0	0	0	0
2	assemblage-453-873	205	0	0	0	0	0	0	0	0	293	0	2	0	0	0	0	0	0	0	0	0	0	0	0	0	0	0
2	assemblage-782-274	79	0	0	0	0	0	0	0	0	419	0	2	0	0	0	0	0	0	0	0	0	0	0	0	0	0	0

3	assemblage-782-274	79	0	0	0	0	0	0	0	0	419	0	2	0	0	0	0	0	0	0	0	0	0	0	0	0	0	0
3	assemblage-453-873	205	0	0	0	0	0	0	0	0	293	0	2	0	0	0	0	0	0	0	0	0	0	0	0	0	0	0
3	assemblage-454-851	215	0	0	0	0	0	0	0	0	283	0	2	0	0	0	0	0	0	0	0	0	0	0	0	0	0	0
3	assemblage-431-636	216	0	0	0	0	0	0	0	0	261	0	23	0	0	0	0	0	0	0	0	0	0	0	0	0	0	0
3	assemblage-797-258	392	0	0	0	0	0	0	0	0	79	0	29	0	0	0	0	0	0	0	0	0	0	0	0	0	0	0

4	assemblage-782-274	79	0	0	0	0	0	0	0	0	419	0	2	0	0	0	0	0	0	0	0	0	0	0	0	0	0	0
4	assemblage-453-873	205	0	0	0	0	0	0	0	0	293	0	2	0	0	0	0	0	0	0	0	0	0	0	0	0	0	0
4	assemblage-454-851	215	0	0	0	0	0	0	0	0	283	0	2	0	0	0	0	0	0	0	0	0	0	0	0	0	0	0
4	assemblage-431-636	216	0	0	0	0	0	0	0	0	261	0	23	0	0	0	0	0	0	0	0	0	0	0	0	0	0	0
4	assemblage-692-536	225	0	0	0	0	0	0	0	0	0	0	275	0	0	0	0	0	0	0	0	0	0	0	0	0	0	0

5	assemblage-782-274	79	0	0	0	0	0	0	0	0	419	0	2	0	0	0	0	0	0	0	0	0	0	0	0	0	0	0
5	assemblage-453-873	205	0	0	0	0	0	0	0	0	293	0	2	0	0	0	0	0	0	0	0	0	0	0	0	0	0	0
5	assemblage-454-851	215	0	0	0	0	0	0	0	0	283	0	2	0	0	0	0	0	0	0	0	0	0	0	0	0	0	0
5	assemblage-431-636	216	0	0	0	0	0	0	0	0	261	0	23	0	0	0	0	0	0	0	0	0	0	0	0	0	0	0
5	assemblage-678-542	247	0	0	0	0	0	0	0	0	0	0	253	0	0	0	0	0	0	0	0	0	0	0	0	0	0	0

6	assemblage-692-536	225	0	0	0	0	0	0	0	0	0	0	275	0	0	0	0	0	0	0	0	0	0	0	0	0	0	0
6	assemblage-867-918	126	0	0	0	0	0	0	0	0	157	0	217	0	0	0	0	0	0	0	0	0	0	0	0	0	0	0
6	assemblage-431-636	216	0	0	0	0	0	0	0	0	261	0	23	0	0	0	0	0	0	0	0	0	0	0	0	0	0	0
6	assemblage-454-851	215	0	0	0	0	0	0	0	0	283	0	2	0	0	0	0	0	0	0	0	0	0	0	0	0	0	0

7	assemblage-678-542	247	0	0	0	0	0	0	0	0	0	0	253	0	0	0	0	0	0	0	0	0	0	0	0	0	0	0
7	assemblage-867-918	126	0	0	0	0	0	0	0	0	157	0	217	0	0	0	0	0	0	0	0	0	0	0	0	0	0	0
7	assemblage-431-636	216	0	0	0	0	0	0	0	0	261	0	23	0	0	0	0	0	0	0	0	0	0	0	0	0	0	0
7	assemblage-454-851	215	0	0	0	0	0	0	0	0	283	0	2	0	0	0	0	0	0	0	0	0	0	0	0	0	0	0

8	assemblage-677-345	11	0	0	0	0	0	0	167	0	321	0	0	0	0	0	1	0	0	0	0	0	0	0	0	0	0	0
8	assemblage-453-873	205	0	0	0	0	0	0	0	0	293	0	2	0	0	0	0	0	0	0	0	0	0	0	0	0	0	0
8	assemblage-431-636	216	0	0	0	0	0	0	0	0	261	0	23	0	0	0	0	0	0	0	0	0	0	0	0	0	0	0
8	assemblage-797-258	392	0	0	0	0	0	0	0	0	79	0	29	0	0	0	0	0	0	0	0	0	0	0	0	0	0	0

9	assemblage-677-345	11	0	0	0	0	0	0	167	0	321	0	0	0	0	0	1	0	0	0	0	0	0	0	0	0	0	0
9	assemblage-453-873	205	0	0	0	0	0	0	0	0	293	0	2	0	0	0	0	0	0	0	0	0	0	0	0	0	0	0
9	assemblage-431-636	216	0	0	0	0	0	0	0	0	261	0	23	0	0	0	0	0	0	0	0	0	0	0	0	0	0	0
9	assemblage-692-536	225	0	0	0	0	0	0	0	0	0	0	275	0	0	0	0	0	0	0	0	0	0	0	0	0	0	0

10	assemblage-677-345	11	0	0	0	0	0	0	167	0	321	0	0	0	0	0	1	0	0	0	0	0	0	0	0	0	0	0
10	assemblage-453-873	205	0	0	0	0	0	0	0	0	293	0	2	0	0	0	0	0	0	0	0	0	0	0	0	0	0	0
10	assemblage-431-636	216	0	0	0	0	0	0	0	0	261	0	23	0	0	0	0	0	0	0	0	0	0	0	0	0	0	0
10	assemblage-678-542	247	0	0	0	0	0	0	0	0	0	0	253	0	0	0	0	0	0	0	0	0	0	0	0	0	0	0

11	assemblage-692-536	225	0	0	0	0	0	0	0	0	0	0	275	0	0	0	0	0	0	0	0	0	0	0	0	0	0	0
11	assemblage-797-258	392	0	0	0	0	0	0	0	0	79	0	29	0	0	0	0	0	0	0	0	0	0	0	0	0	0	0
11	assemblage-454-851	215	0	0	0	0	0	0	0	0	283	0	2	0	0	0	0	0	0	0	0	0	0	0	0	0	0	0

12	assemblage-678-542	247	0	0	0	0	0	0	0	0	0	0	253	0	0	0	0	0	0	0	0	0	0	0	0	0	0	0
12	assemblage-797-258	392	0	0	0	0	0	0	0	0	79	0	29	0	0	0	0	0	0	0	0	0	0	0	0	0	0	0
12	assemblage-454-851	215	0	0	0	0	0	0	0	0	283	0	2	0	0	0	0	0	0	0	0	0	0	0	0	0	0	0

13	assemblage-678-542	247	0	0	0	0	0	0	0	0	0	0	253	0	0	0	0	0	0	0	0	0	0	0	0	0	0	0
13	assemblage-692-536	225	0	0	0	0	0	0	0	0	0	0	275	0	0	0	0	0	0	0	0	0	0	0	0	0	0	0
13	assemblage-454-851	215	0	0	0	0	0	0	0	0	283	0	2	0	0	0	0	0	0	0	0	0	0	0	0	0	0	0

14	assemblage-431-636	216	0	0	0	0	0	0	0	0	261	0	23	0	0	0	0	0	0	0	0	0	0	0	0	0	0	0
14	assemblage-678-542	247	0	0	0	0	0	0	0	0	0	0	253	0	0	0	0	0	0	0	0	0	0	0	0	0	0	0
14	assemblage-692-536	225	0	0	0	0	0	0	0	0	0	0	275	0	0	0	0	0	0	0	0	0	0	0	0	0	0	0

15	assemblage-867-918	126	0	0	0	0	0	0	0	0	157	0	217	0	0	0	0	0	0	0	0	0	0	0	0	0	0	0
15	assemblage-678-542	247	0	0	0	0	0	0	0	0	0	0	253	0	0	0	0	0	0	0	0	0	0	0	0	0	0	0
15	assemblage-692-536	225	0	0	0	0	0	0	0	0	0	0	275	0	0	0	0	0	0	0	0	0	0	0	0	0	0	0

16	assemblage-677-345	11	0	0	0	0	0	0	167	0	321	0	0	0	0	0	1	0	0	0	0	0	0	0	0	0	0	0
16	assemblage-495-766	59	0	0	0	0	0	0	0	0	264	0	177	0	0	0	0	0	0	0	0	0	0	0	0	0	0	0
16	assemblage-797-258	392	0	0	0	0	0	0	0	0	79	0	29	0	0	0	0	0	0	0	0	0	0	0	0	0	0	0

17	assemblage-677-345	11	0	0	0	0	0	0	167	0	321	0	0	0	0	0	1	0	0	0	0	0	0	0	0	0	0	0
17	assemblage-495-766	59	0	0	0	0	0	0	0	0	264	0	177	0	0	0	0	0	0	0	0	0	0	0	0	0	0	0
17	assemblage-692-536	225	0	0	0	0	0	0	0	0	0	0	275	0	0	0	0	0	0	0	0	0	0	0	0	0	0	0

18	assemblage-677-345	11	0	0	0	0	0	0	167	0	321	0	0	0	0	0	1	0	0	0	0	0	0	0	0	0	0	0
18	assemblage-678-542	247	0	0	0	0	0	0	0	0	0	0	253	0	0	0	0	0	0	0	0	0	0	0	0	0	0	0
18	assemblage-692-536	225	0	0	0	0	0	0	0	0	0	0	275	0	0	0	0	0	0	0	0	0	0	0	0	0	0	0

19	assemblage-677-345	11	0	0	0	0	0	0	167	0	321	0	0	0	0	0	1	0	0	0	0	0	0	0	0	0	0	0
19	assemblage-867-918	126	0	0	0	0	0	0	0	0	157	0	217	0	0	0	0	0	0	0	0	0	0	0	0	0	0	0
19	assemblage-797-258	392	0	0	0	0	0	0	0	0	79	0	29	0	0	0	0	0	0	0	0	0	0	0	0	0	0	0

20	assemblage-677-345	11	0	0	0	0	0	0	167	0	321	0	0	0	0	0	1	0	0	0	0	0	0	0	0	0	0	0
20	assemblage-867-918	126	0	0	0	0	0	0	0	0	157	0	217	0	0	0	0	0	0	0	0	0	0	0	0	0	0	0
20	assemblage-692-536	225	0	0	0	0	0	0	0	0	0	0	275	0	0	0	0	0	0	0	0	0	0	0	0	0	0	0

21	assemblage-677-345	11	0	0	0	0	0	0	167	0	321	0	0	0	0	0	1	0	0	0	0	0	0	0	0	0	0	0
21	assemblage-867-918	126	0	0	0	0	0	0	0	0	157	0	217	0	0	0	0	0	0	0	0	0	0	0	0	0	0	0
21	assemblage-678-542	247	0	0	0	0	0	0	0	0	0	0	253	0	0	0	0	0	0	0	0	0	0	0	0	0	0	0

22	assemblage-453-873	205	0	0	0	0	0	0	0	0	293	0	2	0	0	0	0	0	0	0	0	0	0	0	0	0	0	0
22	assemblage-678-542	247	0	0	0	0	0	0	0	0	0	0	253	0	0	0	0	0	0	0	0	0	0	0	0	0	0	0
22	assemblage-692-536	225	0	0	0	0	0	0	0	0	0	0	275	0	0	0	0	0	0	0	0	0	0	0	0	0	0	0

23	assemblage-959-569	258	0	0	0	0	0	0	0	0	194	0	48	0	0	0	0	0	0	0	0	0	0	0	0	0	0	0
23	assemblage-678-542	247	0	0	0	0	0	0	0	0	0	0	253	0	0	0	0	0	0	0	0	0	0	0	0	0	0	0
23	assemblage-692-536	225	0	0	0	0	0	0	0	0	0	0	275	0	0	0	0	0	0	0	0	0	0	0	0	0	0	0

24	assemblage-895-535	174	0	0	0	0	0	0	0	0	252	0	47	0	0	0	9	18	0	0	0	0	0	0	0	0	0	0
24	assemblage-678-542	247	0	0	0	0	0	0	0	0	0	0	253	0	0	0	0	0	0	0	0	0	0	0	0	0	0	0
24	assemblage-692-536	225	0	0	0	0	0	0	0	0	0	0	275	0	0	0	0	0	0	0	0	0	0	0	0	0	0	0

25	assemblage-895-535	174	0	0	0	0	0	0	0	0	252	0	47	0	0	0	9	18	0	0	0	0	0	0	0	0	0	0
25	assemblage-431-636	216	0	0	0	0	0	0	0	0	261	0	23	0	0	0	0	0	0	0	0	0	0	0	0	0	0	0
25	assemblage-454-851	215	0	0	0	0	0	0	0	0	283	0	2	0	0	0	0	0	0	0	0	0	0	0	0	0	0	0

26	assemblage-895-535	174	0	0	0	0	0	0	0	0	252	0	47	0	0	0	9	18	0	0	0	0	0	0	0	0	0	0
26	assemblage-959-569	258	0	0	0	0	0	0	0	0	194	0	48	0	0	0	0	0	0	0	0	0	0	0	0	0	0	0
26	assemblage-797-258	392	0	0	0	0	0	0	0	0	79	0	29	0	0	0	0	0	0	0	0	0	0	0	0	0	0	0

27	assemblage-895-535	174	0	0	0	0	0	0	0	0	252	0	47	0	0	0	9	18	0	0	0	0	0	0	0	0	0	0
27	assemblage-959-569	258	0	0	0	0	0	0	0	0	194	0	48	0	0	0	0	0	0	0	0	0	0	0	0	0	0	0
27	assemblage-692-536	225	0	0	0	0	0	0	0	0	0	0	275	0	0	0	0	0	0	0	0	0	0	0	0	0	0	0

28	assemblage-895-535	174	0	0	0	0	0	0	0	0	252	0	47	0	0	0	9	18	0	0	0	0	0	0	0	0	0	0
28	assemblage-959-569	258	0	0	0	0	0	0	0	0	194	0	48	0	0	0	0	0	0	0	0	0	0	0	0	0	0	0
28	assemblage-678-542	247	0	0	0	0	0	0	0	0	0	0	253	0	0	0	0	0	0	0	0	0	0	0	0	0	0	0

29	assemblage-895-535	174	0	0	0	0	0	0	0	0	252	0	47	0	0	0	9	18	0	0	0	0	0	0	0	0	0	0
29	assemblage-959-569	258	0	0	0	0	0	0	0	0	194	0	48	0	0	0	0	0	0	0	0	0	0	0	0	0	0	0
29	assemblage-867-918	126	0	0	0	0	0	0	0	0	157	0	217	0	0	0	0	0	0	0	0	0	0	0	0	0	0	0

30	assemblage-782-274	79	0	0	0	0	0	0	0	0	419	0	2	0	0	0	0	0	0	0	0	0	0	0	0	0	0	0
30	assemblage-678-542	247	0	0	0	0	0	0	0	0	0	0	253	0	0	0	0	0	0	0	0	0	0	0	0	0	0	0
30	assemblage-692-536	225	0	0	0	0	0	0	0	0	0	0	275	0	0	0	0	0	0	0	0	0	0	0	0	0	0	0

31	assemblage-782-274	79	0	0	0	0	0	0	0	0	419	0	2	0	0	0	0	0	0	0	0	0	0	0	0	0	0	0
31	assemblage-867-918	126	0	0	0	0	0	0	0	0	157	0	217	0	0	0	0	0	0	0	0	0	0	0	0	0	0	0
31	assemblage-797-258	392	0	0	0	0	0	0	0	0	79	0	29	0	0	0	0	0	0	0	0	0	0	0	0	0	0	0

32	assemblage-782-274	79	0	0	0	0	0	0	0	0	419	0	2	0	0	0	0	0	0	0	0	0	0	0	0	0	0	0
32	assemblage-867-918	126	0	0	0	0	0	0	0	0	157	0	217	0	0	0	0	0	0	0	0	0	0	0	0	0	0	0
32	assemblage-692-536	225	0	0	0	0	0	0	0	0	0	0	275	0	0	0	0	0	0	0	0	0	0	0	0	0	0	0

33	assemblage-782-274	79	0	0	0	0	0	0	0	0	419	0	2	0	0	0	0	0	0	0	0	0	0	0	0	0	0	0
33	assemblage-867-918	126	0	0	0	0	0	0	0	0	157	0	217	0	0	0	0	0	0	0	0	0	0	0	0	0	0	0
33	assemblage-678-542	247	0	0	0	0	0	0	0	0	0	0	253	0	0	0	0	0	0	0	0	0	0	0	0	0	0	0

34	assemblage-782-274	79	0	0	0	0	0	0	0	0	419	0	2	0	0	0	0	0	0	0	0	0	0	0	0	0	0	0
34	assemblage-453-873	205	0	0	0	0	0	0	0	0	293	0	2	0	0	0	0	0	0	0	0	0	0	0	0	0	0	0
34	assemblage-495-766	59	0	0	0	0	0	0	0	0	264	0	177	0	0	0	0	0	0	0	0	0	0	0	0	0	0	0

35	assemblage-782-274	79	0	0	0	0	0	0	0	0	419	0	2	0	0	0	0	0	0	0	0	0	0	0	0	0	0	0
35	assemblage-453-873	205	0	0	0	0	0	0	0	0	293	0	2	0	0	0	0	0	0	0	0	0	0	0	0	0	0	0
35	assemblage-867-918	126	0	0	0	0	0	0	0	0	157	0	217	0	0	0	0	0	0	0	0	0	0	0	0	0	0	0

36	assemblage-782-274	79	0	0	0	0	0	0	0	0	419	0	2	0	0	0	0	0	0	0	0	0	0	0	0	0	0	0
36	assemblage-959-569	258	0	0	0	0	0	0	0	0	194	0	48	0	0	0	0	0	0	0	0	0	0	0	0	0	0	0
36	assemblage-797-258	392	0	0	0	0	0	0	0	0	79	0	29	0	0	0	0	0	0	0	0	0	0	0	0	0	0	0

37	assemblage-782-274	79	0	0	0	0	0	0	0	0	419	0	2	0	0	0	0	0	0	0	0	0	0	0	0	0	0	0
37	assemblage-959-569	258	0	0	0	0	0	0	0	0	194	0	48	0	0	0	0	0	0	0	0	0	0	0	0	0	0	0
37	assemblage-692-536	225	0	0	0	0	0	0	0	0	0	0	275	0	0	0	0	0	0	0	0	0	0	0	0	0	0	0

38	assemblage-782-274	79	0	0	0	0	0	0	0	0	419	0	2	0	0	0	0	0	0	0	0	0	0	0	0	0	0	0
38	assemblage-959-569	258	0	0	0	0	0	0	0	0	194	0	48	0	0	0	0	0	0	0	0	0	0	0	0	0	0	0
38	assemblage-678-542	247	0	0	0	0	0	0	0	0	0	0	253	0	0	0	0	0	0	0	0	0	0	0	0	0	0	0

39	assemblage-782-274	79	0	0	0	0	0	0	0	0	419	0	2	0	0	0	0	0	0	0	0	0	0	0	0	0	0	0
39	assemblage-959-569	258	0	0	0	0	0	0	0	0	194	0	48	0	0	0	0	0	0	0	0	0	0	0	0	0	0	0
39	assemblage-867-918	126	0	0	0	0	0	0	0	0	157	0	217	0	0	0	0	0	0	0	0	0	0	0	0	0	0	0

40	assemblage-782-274	79	0	0	0	0	0	0	0	0	419	0	2	0	0	0	0	0	0	0	0	0	0	0	0	0	0	0
40	assemblage-895-535	174	0	0	0	0	0	0	0	0	252	0	47	0	0	0	9	18	0	0	0	0	0	0	0	0	0	0
40	assemblage-797-258	392	0	0	0	0	0	0	0	0	79	0	29	0	0	0	0	0	0	0	0	0	0	0	0	0	0	0

41	assemblage-782-274	79	0	0	0	0	0	0	0	0	419	0	2	0	0	0	0	0	0	0	0	0	0	0	0	0	0	0
41	assemblage-895-535	174	0	0	0	0	0	0	0	0	252	0	47	0	0	0	9	18	0	0	0	0	0	0	0	0	0	0
41	assemblage-692-536	225	0	0	0	0	0	0	0	0	0	0	275	0	0	0	0	0	0	0	0	0	0	0	0	0	0	0

42	assemblage-782-274	79	0	0	0	0	0	0	0	0	419	0	2	0	0	0	0	0	0	0	0	0	0	0	0	0	0	0
42	assemblage-895-535	174	0	0	0	0	0	0	0	0	252	0	47	0	0	0	9	18	0	0	0	0	0	0	0	0	0	0
42	assemblage-678-542	247	0	0	0	0	0	0	0	0	0	0	253	0	0	0	0	0	0	0	0	0	0	0	0	0	0	0

43	assemblage-782-274	79	0	0	0	0	0	0	0	0	419	0	2	0	0	0	0	0	0	0	0	0	0	0	0	0	0	0
43	assemblage-895-535	174	0	0	0	0	0	0	0	0	252	0	47	0	0	0	9	18	0	0	0	0	0	0	0	0	0	0
43	assemblage-867-918	126	0	0	0	0	0	0	0	0	157	0	217	0	0	0	0	0	0	0	0	0	0	0	0	0	0	0

44	assemblage-782-274	79	0	0	0	0	0	0	0	0	419	0	2	0	0	0	0	0	0	0	0	0	0	0	0	0	0	0
44	assemblage-895-535	174	0	0	0	0	0	0	0	0	252	0	47	0	0	0	9	18	0	0	0	0	0	0	0	0	0	0
44	assemblage-959-569	258	0	0	0	0	0	0	0	0	194	0	48	0	0	0	0	0	0	0	0	0	0	0	0	0	0	0

