Assemblage_Name	8747428-3-1	5817790-5514301-9885816	3-3-1642721	3-7661413-1	5817790-5514301-3155459	4812328-4911238-1201087	412298-1389117-7348078	1202764-1-7348078	412298-6024320-7348078	3701711-3797726-7472059	3750475-1545863-2	4020137-1-6611426	412298-1-1863776	3750475-1-7348078	3-4887293-1	7674605-1-7348078	3-2-2	3-3-6833937	6527948-1-7348078	3-3-1	3-3-3	4812328-3-6931415	412298-8001689-7348078	0-1-2	4812328-3-1642721	4750371-1-7348078	3-5514301-9885816	5325197-960067-6611426	808903-5514301-9885816	5109645-1-7348078	3701711-3-7472059	4750371-9626936-6611426	6400441-1-7348078	3750475-1-2	2-4-3	3750475-1-3805113	3-7867265-1	3-5514301-2041369	5817790-8245660-3155459	4812328-3-5249940	4110975-7554510-6611426	3750475-4162886-7348078	1-3407854-4	4812328-3-1201087	412298-1-7348078	7331916-3-1642721	4812328-3-99355	4750371-9626936-2449238	5898407-9626936-6611426	4812328-9514273-1201087	7674605-1-1139042	0-3620350-2	412298-1-2957559	1-4-4	4750371-9626936-4432969	5109645-4787791-7348078	412298-1-8002703	5325197-1-6611426	3423956-3-1201087	4750371-1-6611426	5325197-7554510-6611426	4067697-3-1201087	412298-2874353-7348078	412298-7080700-7348078	1123723-1-6611426	6019964-3-1
assemblage-768-781	0	0	0	0	0	0	0	0	0	0	0	0	0	0	0	0	0	0	0	0	0	0	0	0	0	0	0	0	0	0	0	412	0	0	0	0	0	0	0	0	0	0	0	66	0	0	0	3	5	0	0	0	0	0	5	0	0	0	0	0	5	0	0	0	0	4
assemblage-347-254	0	0	0	0	0	0	0	0	0	0	0	0	0	74	0	0	0	0	0	30	0	0	0	0	0	0	115	0	0	0	0	0	0	0	0	13	0	0	0	0	0	0	0	0	204	0	0	0	0	0	0	0	0	45	0	0	0	0	0	0	0	0	0	0	0	19
assemblage-163-932	0	0	0	0	0	0	0	0	0	0	0	0	0	0	0	0	0	0	0	16	0	0	64	0	0	0	0	0	0	23	0	0	0	0	0	0	0	0	0	0	0	0	0	0	377	0	0	0	0	0	0	0	0	0	0	0	0	0	0	0	0	0	0	0	0	20
assemblage-762-563	0	0	0	0	0	0	0	0	0	0	0	0	0	83	0	0	0	0	0	27	0	0	0	0	0	0	140	0	0	0	0	0	0	0	0	10	0	0	0	0	0	0	0	0	182	0	0	0	0	0	0	0	0	42	0	0	0	0	0	0	0	0	0	0	0	16
assemblage-336-243	0	0	0	0	0	0	0	0	0	0	0	0	0	53	0	0	0	0	0	256	0	0	0	0	0	0	20	0	0	0	0	0	0	0	0	0	0	20	0	0	0	0	0	0	10	0	0	0	0	0	0	0	0	109	0	0	0	0	0	0	0	0	0	0	0	32
assemblage-901-172	0	0	0	0	0	0	0	0	0	0	0	0	0	0	0	0	0	0	0	0	0	0	0	0	0	0	0	0	0	0	0	0	0	0	0	0	0	0	0	0	0	0	0	0	0	0	0	0	0	0	0	0	0	0	0	0	0	138	0	9	340	0	0	0	0	13
assemblage-918-161	0	0	0	0	0	0	0	0	0	0	0	0	0	0	0	0	0	0	0	0	0	0	0	0	0	0	0	0	0	124	0	13	0	0	0	0	0	0	0	0	0	0	0	0	0	0	11	0	0	0	0	0	0	0	0	0	0	298	0	0	36	0	0	0	0	18
assemblage-776-766	0	0	0	0	0	18	0	0	0	0	0	0	0	0	0	0	0	0	0	0	0	0	0	0	0	0	0	0	0	0	0	9	0	0	0	0	0	0	0	0	0	0	0	284	0	0	0	0	0	0	0	0	0	0	48	0	0	0	0	0	129	0	0	0	0	12
assemblage-565-984	0	0	0	0	0	0	0	0	0	0	0	0	0	0	0	0	0	0	0	0	0	0	0	0	0	0	0	0	0	128	0	11	0	0	0	0	0	0	0	0	0	0	0	0	0	0	11	0	0	0	0	0	0	0	0	0	0	277	0	0	55	0	0	0	0	18
assemblage-288-419	0	0	0	0	0	0	0	0	26	0	0	0	7	0	0	46	0	0	0	0	0	0	0	0	15	0	0	0	0	265	0	0	0	0	0	0	0	0	0	0	0	0	0	0	72	0	0	0	0	0	0	0	0	0	0	0	0	0	0	45	0	0	0	9	0	15
assemblage-324-239	0	141	0	0	0	0	0	0	0	0	0	0	0	10	0	0	0	0	85	53	0	0	0	0	0	47	28	0	59	0	0	0	0	0	0	0	0	0	0	0	0	6	0	0	9	0	0	0	0	0	0	0	0	11	0	0	0	0	0	32	0	0	0	0	0	19
assemblage-973-309	0	0	0	0	0	0	0	0	0	0	0	0	0	109	0	0	0	0	0	23	0	0	0	0	0	0	124	0	0	0	0	0	0	0	0	9	0	0	0	0	0	0	0	0	180	0	0	0	0	0	0	0	0	47	0	0	0	0	0	0	0	0	0	0	0	8
assemblage-386-263	0	0	0	0	0	0	0	0	0	0	0	0	0	0	0	0	0	0	0	379	0	0	0	0	0	0	0	0	0	0	0	0	0	6	10	0	0	0	0	0	0	0	0	0	0	0	0	0	0	0	0	14	0	64	0	0	0	0	0	0	0	0	0	0	0	27
assemblage-479-922	0	0	0	0	0	0	0	0	0	0	7	0	0	67	0	0	0	0	0	38	0	0	0	0	0	0	29	0	0	0	0	0	0	179	78	41	0	0	0	0	0	0	0	0	0	0	0	0	0	0	0	0	0	43	0	0	0	0	0	0	0	0	0	0	0	18
assemblage-462-648	0	0	42	0	0	0	0	0	0	0	0	0	0	0	0	0	0	0	0	0	0	0	0	0	72	0	0	0	0	0	0	0	0	0	0	0	0	0	0	0	0	0	0	0	168	0	137	0	0	0	0	0	0	0	0	0	9	27	0	23	0	0	0	0	0	22
assemblage-603-648	0	0	0	0	0	0	0	0	0	0	0	0	0	0	0	0	0	0	0	0	0	0	0	0	0	0	0	0	0	0	0	142	0	0	0	0	0	0	0	0	0	0	0	10	0	0	222	0	0	0	0	0	0	0	55	0	0	64	0	0	0	0	0	0	0	7
assemblage-221-603	0	0	0	0	0	0	9	0	0	0	0	0	0	0	0	0	0	0	0	17	0	0	52	0	0	0	0	0	0	32	0	0	0	0	0	0	0	0	0	0	0	0	0	0	375	0	0	0	0	0	0	0	0	0	0	0	0	0	0	0	0	0	0	0	0	15
assemblage-563-991	0	0	0	0	0	0	0	0	0	0	0	0	0	0	0	0	0	0	0	0	0	0	0	0	0	0	0	0	0	9	0	48	0	0	0	0	0	0	0	0	0	0	0	305	7	0	11	0	0	0	0	0	0	0	0	0	0	81	0	15	0	0	0	0	0	24
assemblage-601-539	0	132	59	0	23	0	0	0	0	0	0	0	0	0	0	0	0	0	0	46	0	0	0	0	0	9	0	0	0	0	0	0	0	0	0	0	0	0	0	0	0	0	26	0	185	0	0	0	0	0	0	0	6	0	0	0	0	0	0	0	0	0	0	0	0	14
assemblage-750-554	0	0	0	0	0	0	0	0	0	0	0	0	0	61	0	0	0	0	0	257	0	0	0	0	0	0	22	0	0	0	0	0	0	0	0	0	0	18	0	0	0	0	0	0	6	0	0	0	0	0	0	0	0	95	0	0	0	0	0	0	0	0	0	0	0	41
assemblage-393-835	0	0	0	0	0	0	0	0	0	2	0	0	0	0	0	0	0	0	0	0	0	0	0	0	0	0	0	0	0	0	106	37	0	0	0	0	0	0	0	0	85	0	0	198	0	0	0	0	0	0	0	0	0	0	19	0	0	7	0	0	16	0	0	0	0	30
assemblage-907-165	0	0	0	0	0	0	0	0	0	0	0	0	0	0	0	0	0	0	0	0	0	0	0	0	0	0	0	0	0	0	0	0	0	0	0	0	0	0	0	0	0	0	0	0	0	0	0	0	0	0	0	0	0	0	0	0	0	118	0	10	360	0	0	0	0	12
assemblage-472-672	0	0	33	0	0	0	0	0	0	0	0	0	0	0	0	0	0	0	0	0	0	0	0	0	76	0	0	0	0	0	0	0	0	0	0	0	0	0	0	0	0	0	0	0	202	0	120	0	0	0	0	0	0	0	0	0	12	21	0	15	0	0	0	0	0	21
assemblage-586-653	0	0	0	0	0	0	0	0	0	0	0	0	0	0	0	0	0	0	0	0	0	0	0	0	0	0	0	0	0	0	0	0	0	0	0	0	0	0	0	0	0	0	0	0	0	0	0	0	0	0	0	0	0	0	0	0	0	158	0	14	320	0	0	0	0	8
assemblage-601-535	0	0	0	0	0	0	0	0	0	0	0	0	0	0	0	0	0	0	0	19	0	0	55	0	0	0	0	0	0	28	0	0	0	0	0	0	0	0	0	0	0	0	0	0	374	0	0	0	0	0	0	0	0	0	0	0	0	0	0	0	0	0	0	0	0	24
assemblage-458-665	0	0	29	0	0	0	0	0	4	0	0	0	0	0	0	10	0	0	0	0	0	0	0	0	17	0	0	6	0	74	0	11	0	0	0	0	0	0	0	0	0	0	0	0	97	0	32	0	0	0	0	0	0	0	0	0	0	76	0	124	0	0	0	0	0	20
assemblage-127-489	0	0	0	0	0	0	0	0	0	0	0	0	0	60	0	0	0	7	0	246	0	0	0	0	0	0	18	0	0	0	0	0	0	0	0	0	0	21	0	0	0	0	0	0	6	0	0	0	0	0	0	0	0	111	0	0	0	0	0	0	0	0	0	0	0	31
assemblage-389-839	0	0	0	0	0	25	0	0	0	0	0	0	0	0	0	0	0	0	0	0	0	0	0	0	0	0	0	0	0	0	0	0	0	0	0	0	0	0	0	0	0	0	0	283	0	0	0	0	0	0	0	0	0	0	50	0	0	0	0	0	124	0	0	0	0	18
assemblage-113-492	0	151	0	0	0	0	0	0	0	0	0	0	0	14	0	0	0	0	91	56	0	0	0	0	0	33	30	0	59	0	0	0	0	0	0	0	0	0	0	0	0	7	0	0	10	0	0	0	0	0	0	0	0	9	0	0	0	0	0	24	0	0	0	0	0	16
assemblage-776-769	0	0	0	0	0	0	0	0	0	0	0	0	0	0	0	0	0	0	0	0	0	0	0	0	0	0	0	0	0	0	95	63	0	0	0	0	0	0	0	0	99	0	0	191	0	0	0	0	0	0	0	0	0	0	18	0	0	4	0	0	9	0	0	0	0	21
assemblage-305-419	0	0	0	0	0	0	0	0	0	0	0	0	0	0	0	0	0	0	0	0	0	0	0	0	0	0	0	0	0	22	0	52	0	0	0	0	0	0	0	0	0	0	0	0	93	0	0	0	0	0	0	0	0	0	0	0	0	0	0	312	0	0	0	0	4	17
assemblage-474-487	0	0	413	0	0	0	0	0	0	0	0	0	0	0	0	0	0	0	0	37	0	0	0	0	0	0	0	0	0	0	0	0	0	0	0	0	0	0	0	0	0	0	11	0	9	6	0	0	0	0	0	0	0	0	0	0	0	0	0	0	0	0	0	0	0	24
assemblage-274-321	0	0	44	0	0	0	0	0	0	0	0	0	0	0	0	0	0	0	0	0	0	0	0	0	69	0	0	0	0	0	0	0	0	0	0	0	0	0	0	0	0	0	0	0	190	0	125	0	0	0	0	0	0	0	0	0	8	16	0	30	0	0	0	0	0	18
assemblage-715-441	0	4	0	32	0	0	0	0	0	0	0	0	0	0	0	0	81	0	0	93	0	0	0	5	0	0	129	0	0	0	0	0	0	31	70	33	0	0	0	0	0	0	0	0	0	0	0	0	0	0	0	0	0	4	0	0	0	0	0	0	0	0	0	0	0	18
assemblage-474-673	0	0	0	0	0	0	0	0	0	0	0	0	0	0	0	0	0	0	0	0	0	0	0	0	0	0	0	0	0	23	0	41	0	0	0	0	0	0	0	0	0	0	0	0	112	0	0	0	0	0	0	0	0	0	0	0	0	0	0	299	0	0	0	0	0	25
assemblage-704-470	0	5	0	24	0	0	0	0	0	0	0	0	0	0	0	0	64	0	0	95	0	0	0	8	0	0	153	0	0	0	0	0	0	42	46	42	0	0	0	0	0	0	0	0	0	0	0	0	0	0	0	0	0	8	0	0	0	0	0	0	0	0	0	0	0	13
assemblage-746-544	0	17	0	0	0	0	0	4	0	0	0	0	0	127	0	0	0	0	0	96	0	0	0	0	0	0	7	0	11	0	0	0	0	0	0	0	38	0	0	0	0	0	7	0	25	0	0	0	0	0	0	0	0	151	0	0	0	0	0	0	0	0	0	0	0	17
assemblage-919-510	0	13	0	0	0	0	0	0	0	0	0	0	0	11	0	0	0	0	0	26	28	0	0	58	0	0	3	0	0	0	0	0	0	49	157	0	0	0	0	0	0	0	0	0	0	0	0	0	0	0	0	0	0	150	0	0	0	0	0	0	0	0	0	0	0	5
assemblage-781-170	0	0	0	0	0	0	0	0	0	0	0	0	0	0	0	0	0	0	0	0	0	0	0	0	0	0	0	0	0	0	0	138	0	0	0	0	0	0	0	0	0	0	0	13	0	0	221	0	0	0	0	0	0	0	55	0	0	65	0	0	0	0	0	0	0	8
assemblage-932-504	0	9	0	0	0	0	0	0	0	0	0	0	0	13	0	0	0	0	0	27	31	0	0	60	0	0	9	0	0	0	0	0	0	47	144	0	0	0	0	0	0	0	0	0	0	0	0	0	0	0	0	0	0	149	0	0	0	0	0	0	0	0	0	0	0	11
assemblage-579-642	0	0	0	0	0	0	0	0	0	0	0	0	0	0	0	0	0	0	0	0	0	0	0	0	0	0	0	0	0	137	0	13	0	0	0	0	0	0	0	0	0	0	0	0	0	0	18	0	0	0	0	0	0	0	0	0	0	267	0	0	55	0	0	0	0	10
assemblage-300-409	0	0	0	0	0	0	0	0	29	0	0	0	12	0	0	66	0	0	0	0	0	0	0	0	6	0	0	0	0	249	0	0	0	0	0	0	0	0	0	0	0	0	0	0	65	0	0	0	0	0	0	0	0	0	0	0	0	0	0	38	0	0	0	12	0	23
assemblage-720-455	0	10	0	31	0	0	0	0	0	0	0	0	0	0	0	0	63	0	0	104	0	0	0	11	0	0	149	0	0	0	0	0	0	27	49	38	0	0	0	0	0	0	0	0	0	0	0	0	0	0	0	0	0	7	0	0	0	0	0	0	0	0	0	0	0	11
assemblage-963-275	0	0	0	0	0	0	0	0	0	0	0	0	0	50	0	0	0	0	0	267	0	0	0	0	0	0	19	0	0	0	0	0	0	0	0	0	0	15	0	0	0	0	0	0	18	0	0	0	0	0	0	0	0	92	0	0	0	0	0	0	0	0	0	0	0	39
assemblage-598-631	0	0	0	0	0	0	0	0	0	0	0	0	0	0	0	0	0	0	0	0	0	0	0	0	0	0	0	0	0	0	0	134	0	0	0	0	0	0	0	0	0	0	0	12	0	0	214	0	0	0	0	0	0	0	61	0	0	68	0	0	0	0	0	0	0	11
assemblage-925-524	0	9	0	0	0	0	0	0	0	0	0	0	0	13	0	0	0	0	0	24	27	0	0	68	0	0	0	0	0	0	0	0	0	41	148	0	0	0	0	0	0	0	0	0	0	0	0	0	0	0	0	0	0	161	0	0	0	0	0	0	0	0	0	0	0	9
assemblage-919-184	0	0	0	0	0	0	0	0	0	0	0	0	0	0	0	0	0	0	0	0	0	0	0	0	0	0	0	0	0	137	0	10	0	0	0	0	0	0	0	0	0	0	0	0	0	0	15	0	0	0	0	0	0	0	0	0	0	294	0	0	36	0	0	0	0	8
assemblage-596-545	0	0	433	0	0	0	0	0	0	0	0	0	0	0	0	0	0	0	0	32	0	0	0	0	0	0	0	0	0	0	0	0	0	0	0	0	0	0	0	0	0	0	14	0	4	3	0	0	0	0	0	0	0	0	0	0	0	0	0	0	0	0	0	0	0	14
assemblage-216-420	0	0	0	0	0	0	0	0	21	0	0	0	13	0	0	26	0	0	0	0	0	0	0	0	6	0	0	0	0	288	0	0	9	0	0	0	0	0	0	0	0	0	0	0	84	0	0	0	0	0	0	0	0	0	0	14	0	0	0	26	0	0	0	7	0	6
assemblage-393-822	0	0	0	0	0	0	0	0	0	0	0	0	0	0	0	0	0	0	0	0	0	0	0	0	0	0	0	0	0	0	0	399	0	0	0	0	0	0	0	0	0	0	0	69	0	0	0	8	0	0	0	0	0	0	0	0	0	0	0	0	6	0	0	0	0	18
assemblage-467-667	0	0	0	0	0	0	0	0	0	0	0	0	0	0	0	0	0	0	0	0	0	0	0	0	0	0	0	0	0	24	0	44	0	0	0	0	0	0	0	0	0	0	0	0	104	0	0	0	0	0	0	0	0	0	0	0	0	0	0	310	0	0	0	0	0	18
assemblage-405-159	0	0	0	0	0	22	0	0	0	0	0	0	0	0	0	0	0	0	0	0	0	0	0	0	0	0	0	0	0	0	0	0	0	0	0	0	0	0	0	0	0	0	0	261	0	0	0	0	0	2	0	0	0	0	38	0	0	0	0	0	156	0	0	0	0	21
assemblage-165-933	0	0	0	0	0	0	5	0	0	0	0	0	0	0	0	0	0	0	0	21	0	0	61	0	0	0	0	0	0	15	0	0	0	0	0	0	0	0	0	0	0	0	0	0	381	0	0	0	0	0	0	0	0	0	0	0	0	0	0	0	0	0	0	0	0	17
assemblage-266-319	0	0	61	0	0	0	0	0	0	0	0	0	0	0	0	0	0	0	0	0	0	0	0	0	0	0	0	19	0	0	0	0	0	0	0	0	0	0	0	0	0	0	0	0	28	0	0	0	0	0	0	0	0	0	0	0	0	283	0	100	0	0	0	0	0	9
assemblage-383-175	0	0	0	0	0	0	0	0	0	0	0	0	0	0	0	0	0	0	0	0	0	0	0	0	0	0	0	0	0	0	82	70	0	0	0	0	0	0	0	0	79	0	0	204	0	0	0	0	0	0	0	0	0	0	12	0	0	6	0	0	17	0	0	0	0	30
assemblage-493-921	0	0	0	0	0	0	0	0	0	0	10	0	0	64	0	0	0	0	0	55	0	0	0	0	0	0	25	0	0	0	0	0	0	183	59	35	0	0	0	0	0	0	0	0	0	0	0	0	0	0	0	0	0	51	0	0	0	0	0	0	0	0	0	0	0	18
assemblage-464-478	0	0	422	0	0	0	0	0	0	0	0	0	0	0	0	0	0	0	0	33	0	0	0	0	0	0	0	0	0	0	0	0	0	0	0	0	0	0	0	0	0	0	10	0	14	6	0	0	0	0	0	0	0	0	0	0	0	0	0	0	0	0	0	0	0	15
assemblage-682-132	0	0	0	0	0	0	0	0	0	0	0	0	0	0	0	0	0	0	0	0	0	0	0	0	0	0	0	0	0	0	0	0	0	0	0	0	0	0	0	0	0	0	0	329	0	0	0	0	0	70	0	0	0	0	0	0	0	85	0	0	0	0	0	0	0	16
assemblage-227-417	0	0	51	0	0	0	0	0	0	0	0	0	0	0	0	0	0	0	0	0	0	0	0	0	65	0	0	0	0	0	0	0	0	0	0	0	0	0	0	0	0	0	0	0	196	0	129	0	0	0	0	0	0	0	0	0	4	15	0	19	0	0	0	0	0	21
assemblage-205-591	0	0	417	0	0	0	0	0	0	0	0	0	0	0	0	0	0	0	0	36	0	0	0	0	0	0	0	0	0	0	0	0	0	0	0	0	0	0	0	0	0	0	8	0	12	0	0	0	0	0	0	0	0	0	0	0	0	0	0	0	0	0	0	0	0	27
assemblage-444-470	0	13	0	0	0	0	0	0	0	0	0	17	0	0	24	0	0	0	0	157	0	0	0	0	0	0	0	0	0	0	0	0	0	0	0	0	0	0	0	0	0	0	0	0	100	0	0	0	0	0	0	0	0	0	0	0	0	0	0	179	0	0	0	0	0	10
assemblage-471-468	0	10	0	0	0	0	0	0	0	0	0	17	0	0	19	0	0	0	0	135	0	0	0	0	0	0	0	0	0	0	0	0	0	0	0	0	0	0	0	0	0	0	0	0	106	0	0	0	0	0	0	0	0	0	0	0	0	0	0	200	0	0	0	0	0	13
assemblage-314-432	0	0	0	0	0	0	0	0	0	0	0	0	0	0	0	0	0	0	0	0	0	0	0	0	0	0	0	0	0	31	0	55	0	0	0	0	0	0	0	0	0	0	0	0	87	0	0	0	0	0	0	0	0	0	0	0	0	0	0	303	0	0	0	0	7	17
assemblage-120-520	0	0	0	0	0	0	0	0	0	0	0	0	0	62	0	0	0	0	0	250	0	0	0	0	0	0	26	0	0	0	0	0	0	0	0	0	0	13	0	0	0	0	0	0	12	0	0	0	0	0	0	0	0	103	0	0	0	0	0	0	0	0	0	0	0	34
assemblage-488-489	0	0	0	0	0	0	0	0	0	0	0	0	0	0	0	0	0	0	0	18	0	0	62	0	0	0	0	0	0	21	0	0	0	0	0	0	0	0	0	0	0	0	0	0	373	0	0	0	0	0	0	0	0	0	0	0	0	0	0	0	0	0	0	0	0	26
assemblage-215-414	0	0	42	0	0	0	0	0	0	0	0	0	0	0	0	0	0	0	0	0	0	0	0	0	61	0	0	0	0	5	0	0	0	0	0	0	0	0	0	0	0	0	0	0	203	0	122	0	0	0	0	0	0	0	0	0	6	22	0	19	0	0	0	0	0	20
assemblage-329-233	0	18	0	0	0	0	0	0	0	0	0	0	0	117	0	0	0	0	0	82	0	0	0	0	0	0	0	0	7	0	0	0	0	0	0	0	42	0	0	0	0	0	12	0	13	0	0	0	0	0	0	0	0	183	0	0	0	0	0	0	0	0	0	0	0	26
assemblage-153-925	0	3	0	0	0	0	0	0	0	0	0	22	0	0	30	0	0	0	0	147	0	0	0	0	0	0	0	0	0	0	0	0	0	0	0	0	0	0	0	0	0	0	0	0	86	0	0	0	0	0	0	0	0	0	0	0	0	0	0	200	0	0	0	0	0	12
assemblage-786-764	0	0	0	0	0	0	0	0	0	0	0	0	0	0	0	0	0	0	0	0	0	0	0	0	0	0	0	0	0	0	0	404	0	0	0	0	0	0	0	0	0	0	0	62	0	0	0	0	11	0	0	0	0	0	6	0	0	0	0	0	0	0	0	0	0	17
assemblage-704-150	0	0	0	0	0	0	0	0	0	0	0	0	0	0	0	0	0	0	0	0	0	0	0	0	0	0	0	0	0	0	61	53	0	0	0	0	0	0	0	0	94	0	0	221	0	0	0	0	0	0	0	0	0	0	9	0	0	5	0	0	32	0	0	0	0	25
assemblage-300-431	0	0	0	0	0	0	0	0	0	0	0	0	0	0	0	0	0	0	0	0	0	0	0	0	0	0	0	0	0	15	0	50	0	0	0	0	0	0	0	0	0	0	0	0	109	0	0	0	0	0	0	0	0	0	0	0	0	0	0	311	0	0	0	0	0	15
assemblage-264-322	0	0	0	0	0	0	0	0	0	0	0	0	0	0	0	0	0	0	0	0	0	0	0	0	0	0	0	0	0	30	0	42	0	0	0	0	0	0	0	0	0	0	0	0	100	0	0	0	0	0	0	0	0	0	0	0	0	0	0	310	0	0	0	0	9	9
assemblage-208-589	0	0	0	0	0	0	8	0	0	0	0	0	0	0	0	0	0	0	0	15	0	0	54	0	0	0	0	0	0	17	0	0	0	0	0	0	0	0	0	0	0	0	0	0	386	0	0	0	0	0	0	0	0	0	0	0	0	0	0	0	0	0	0	0	0	20
assemblage-396-853	0	0	0	0	0	0	0	0	0	0	0	0	0	0	0	0	0	0	0	0	0	0	0	0	0	0	0	0	0	0	79	67	0	0	0	0	0	0	0	0	78	0	0	213	0	0	0	0	0	0	0	0	0	0	15	0	0	0	0	0	10	0	0	0	0	38
assemblage-591-641	0	0	0	0	0	0	0	0	0	0	0	0	0	0	0	0	0	0	0	0	0	0	0	0	0	0	0	0	0	5	0	0	0	0	0	0	0	0	0	0	0	0	0	0	0	0	0	0	0	0	0	0	0	0	0	0	0	120	0	7	356	0	0	0	0	12
assemblage-106-503	0	11	0	0	0	0	0	12	0	0	0	0	0	118	0	0	0	0	0	105	0	0	0	0	0	0	0	0	5	0	0	0	0	0	0	0	40	0	0	0	0	0	12	0	23	0	0	0	0	0	0	0	0	158	0	0	0	0	0	0	0	0	0	0	0	16
assemblage-385-184	0	0	0	0	0	0	0	0	0	0	0	0	0	0	0	0	0	0	0	0	0	0	0	0	0	0	0	0	0	0	89	63	0	0	0	0	0	0	0	0	82	0	0	189	0	0	0	0	0	0	0	0	0	0	13	0	0	0	0	0	21	0	0	0	0	43
assemblage-106-508	0	19	0	0	0	0	0	0	0	0	0	0	0	127	0	0	0	0	0	99	0	0	0	0	0	0	0	0	8	0	0	0	0	0	0	0	27	0	0	0	0	0	18	0	16	0	0	0	0	0	0	0	0	163	0	0	0	0	0	0	0	0	0	0	0	23
assemblage-931-516	0	8	0	0	0	0	0	0	0	0	0	0	0	9	0	0	0	0	0	23	23	0	0	70	0	0	0	0	0	0	0	0	0	40	153	0	0	0	0	0	0	0	0	0	0	0	0	0	0	0	0	0	0	159	0	0	0	0	0	0	0	0	0	0	0	15
assemblage-976-294	0	0	0	0	0	0	0	0	0	0	0	0	0	79	0	0	0	0	0	25	0	0	0	0	0	0	129	0	0	0	0	0	0	0	0	8	0	0	0	0	0	0	0	0	191	0	0	0	0	0	0	0	0	57	0	0	0	0	0	0	0	0	0	0	0	11
assemblage-580-539	0	145	63	0	25	0	0	0	0	0	0	0	0	0	0	0	0	0	0	40	0	0	0	0	0	9	0	0	0	0	0	0	0	0	0	0	0	0	0	0	0	0	28	0	179	0	0	0	0	0	0	0	4	0	0	0	0	0	0	0	0	0	0	0	0	7
assemblage-485-929	0	0	0	0	0	0	0	0	0	0	13	0	0	76	0	0	0	0	0	52	0	0	0	0	0	0	16	0	0	0	0	0	0	188	64	27	0	0	0	0	0	0	0	0	0	0	0	0	0	0	0	0	0	50	0	0	0	0	0	0	0	0	0	0	0	14
assemblage-569-984	0	0	0	0	0	0	0	0	0	0	0	0	0	0	0	0	0	0	0	0	0	0	0	0	0	0	0	0	0	0	0	7	0	0	0	0	0	0	0	0	0	0	0	0	0	0	0	0	0	0	0	0	0	0	0	0	0	113	0	14	360	0	0	0	0	6
assemblage-323-254	0	137	0	0	0	0	0	0	0	0	0	0	0	5	0	0	0	0	81	50	0	0	0	0	0	53	31	0	70	0	0	0	0	0	0	0	0	0	0	0	0	6	0	0	25	0	0	0	0	0	0	0	0	8	0	0	0	0	0	19	0	0	0	0	0	15
assemblage-270-332	0	0	0	0	0	0	0	0	0	0	0	0	0	0	0	0	0	0	0	0	0	0	0	0	0	0	0	0	0	18	0	38	0	0	0	0	0	0	0	0	0	0	0	0	99	0	0	0	0	0	0	0	0	0	0	0	0	0	0	325	0	0	0	0	9	11
assemblage-465-461	0	139	64	0	33	0	0	0	0	0	0	0	0	0	0	0	0	0	0	55	0	0	0	0	0	5	0	0	0	0	0	0	0	0	0	0	0	0	0	0	0	0	10	0	165	0	0	0	0	0	0	0	8	0	0	0	0	0	0	0	0	0	8	0	0	13
assemblage-377-173	0	0	0	0	0	0	0	0	0	0	0	0	0	0	0	0	0	0	0	0	0	0	0	0	0	0	0	0	0	0	0	0	0	0	0	0	0	0	0	0	0	0	0	289	0	0	0	0	0	80	0	0	0	0	0	0	0	105	0	0	7	0	0	0	0	19
assemblage-768-770	0	0	0	0	0	0	0	0	0	0	0	0	0	0	0	0	0	0	0	0	0	0	0	0	0	0	0	0	0	0	0	0	0	0	0	0	0	0	0	0	0	0	0	319	0	0	0	0	0	53	0	0	0	0	0	0	0	108	0	0	0	0	0	0	0	20
assemblage-977-280	0	18	0	0	0	0	0	10	0	0	0	0	0	133	0	0	0	0	0	98	0	0	0	0	0	0	0	0	4	0	0	0	0	0	0	0	27	0	0	0	0	0	13	0	21	0	0	0	0	0	0	0	0	153	0	0	0	0	0	0	0	0	0	0	0	23
assemblage-393-178	0	0	0	0	0	14	0	0	0	0	0	0	0	0	0	0	0	0	0	0	0	3	0	0	0	0	0	0	0	0	0	9	0	0	0	0	0	0	0	0	0	0	0	266	0	0	0	0	0	0	0	0	0	0	33	0	0	0	0	0	158	0	0	0	0	17
assemblage-377-179	0	0	0	0	0	0	0	0	0	0	0	0	0	0	0	0	0	0	0	0	0	0	0	0	0	0	0	0	0	0	87	63	0	0	0	0	0	0	0	0	99	0	0	189	0	0	0	0	0	0	0	0	0	0	10	0	0	0	0	0	21	0	0	0	0	31
assemblage-600-534	0	117	58	0	17	0	0	0	0	0	0	0	0	0	0	0	0	0	0	49	0	0	0	0	0	9	0	0	0	0	0	0	0	0	0	0	0	0	6	0	0	0	21	0	202	0	0	0	0	0	0	0	8	0	0	0	0	0	0	0	0	0	6	0	0	7
assemblage-470-474	0	113	68	0	20	0	0	0	0	0	0	0	0	0	0	0	0	0	0	58	0	0	0	0	0	4	0	0	0	0	0	0	0	0	0	0	0	0	0	0	0	0	22	0	197	0	0	0	0	0	0	0	10	0	0	0	0	0	0	0	0	0	0	0	0	8
assemblage-782-174	0	0	0	0	0	0	0	0	0	0	0	0	0	0	0	0	0	0	0	0	0	0	0	0	0	0	0	0	0	135	0	10	0	0	0	0	0	0	0	0	0	0	0	0	0	0	11	0	0	0	0	0	0	0	0	0	0	291	0	0	41	0	0	0	0	12
assemblage-767-194	0	0	0	0	0	0	0	0	0	0	0	0	0	0	0	0	0	0	0	0	0	0	0	0	0	0	0	0	0	0	0	134	0	0	0	0	0	0	0	0	0	0	0	5	0	0	207	0	0	0	0	0	0	0	75	0	0	72	0	0	0	0	0	0	0	7
assemblage-943-508	0	14	0	0	0	0	0	0	0	0	0	0	0	14	0	0	0	0	0	25	15	0	0	59	0	0	10	0	0	0	0	0	0	58	141	0	0	0	0	0	0	0	0	0	0	0	0	0	0	0	0	0	0	149	0	0	0	0	0	0	0	0	0	0	0	15
assemblage-780-771	0	0	0	0	0	10	0	0	0	0	0	0	0	0	0	0	0	0	0	0	0	0	0	0	0	0	0	0	0	0	0	0	0	0	0	0	0	0	0	0	0	0	0	274	0	0	0	0	0	0	0	0	0	0	34	0	0	0	0	0	161	0	0	0	0	21
assemblage-393-273	0	0	0	0	0	0	0	0	0	0	0	0	0	0	0	0	0	0	0	400	0	0	0	0	0	0	0	0	0	0	0	0	0	2	22	0	0	0	0	0	0	0	0	0	0	0	0	0	0	0	0	8	0	41	0	0	0	0	0	0	0	0	0	0	0	27
assemblage-174-925	0	6	0	0	0	0	0	0	0	0	0	0	0	0	0	0	0	0	0	11	0	0	47	0	0	0	0	0	0	26	0	0	0	0	0	0	0	0	0	0	0	0	0	0	384	0	0	0	0	0	0	0	0	0	0	0	0	0	0	4	0	0	0	0	0	22
assemblage-380-266	0	0	0	0	0	0	0	0	0	0	0	0	0	0	0	0	0	0	0	394	0	0	0	0	0	0	0	0	0	0	0	0	0	0	20	0	0	0	0	0	0	0	0	0	0	0	0	0	0	0	0	8	0	51	0	0	0	0	0	0	0	0	0	0	0	27
assemblage-159-926	0	0	427	0	0	0	0	0	0	0	0	0	0	0	0	0	0	0	0	29	0	0	0	0	0	0	0	0	0	0	0	0	0	0	0	0	0	0	0	0	0	0	9	0	10	0	0	0	0	0	0	0	0	0	0	0	0	0	0	0	0	0	0	0	0	25
assemblage-394-839	0	0	0	0	0	0	0	0	0	0	0	0	0	0	0	0	0	0	0	0	0	0	0	0	0	0	0	0	0	0	0	0	0	0	0	0	0	0	0	0	0	0	0	292	0	0	0	0	0	85	0	0	0	0	0	0	0	102	0	0	0	0	0	0	0	21
assemblage-767-764	0	0	0	0	0	13	0	0	0	0	0	0	0	0	0	0	0	0	0	0	0	0	0	0	0	0	0	0	0	0	0	0	0	0	0	0	0	0	0	0	0	0	0	277	0	0	0	0	0	0	0	0	0	0	37	0	0	0	0	0	154	0	0	0	0	19
assemblage-948-525	0	10	0	0	0	0	0	0	0	0	0	0	0	12	0	0	0	0	0	22	24	0	0	60	0	0	4	0	0	0	0	0	0	38	157	0	0	0	0	0	0	0	0	0	0	0	0	0	0	0	0	0	0	162	0	0	0	0	0	0	0	0	0	0	0	11
assemblage-749-535	5	0	0	0	0	0	0	0	0	0	0	0	0	52	0	0	0	7	0	260	0	0	0	0	0	0	25	0	0	0	0	0	0	0	0	0	0	15	0	0	0	0	0	0	11	0	0	0	0	0	0	0	0	109	0	0	0	0	0	0	0	0	0	0	0	16
assemblage-575-646	0	0	0	0	0	0	0	0	0	0	0	0	0	0	0	0	0	0	0	0	0	0	0	0	0	0	0	0	0	0	0	117	0	0	0	0	0	0	0	0	0	0	0	15	0	0	204	0	0	0	0	0	0	0	72	0	0	84	0	0	0	0	0	0	0	8
assemblage-781-776	0	0	0	0	0	0	0	0	0	0	0	0	0	0	0	0	0	0	0	0	0	0	0	0	0	0	0	0	0	0	20	119	0	0	0	0	0	0	0	0	24	0	0	210	0	0	0	0	0	14	0	0	0	0	15	0	0	32	0	0	40	0	0	0	0	26
assemblage-695-147	0	0	0	0	0	0	0	0	0	0	0	0	0	0	0	0	0	0	0	0	0	0	0	0	0	0	0	0	0	0	0	391	0	0	0	0	0	0	0	0	0	0	0	75	0	0	0	0	0	0	0	0	0	0	6	0	0	0	0	0	9	0	0	0	0	19
assemblage-788-194	0	0	0	0	0	0	0	0	0	0	0	0	0	0	0	0	0	0	0	0	0	0	0	0	0	0	0	0	0	0	0	0	0	0	0	0	0	0	0	0	0	0	0	0	0	0	0	0	0	0	0	0	0	0	0	0	0	126	0	11	350	0	0	0	0	13
assemblage-448-666	0	0	0	0	0	0	0	0	0	0	0	0	0	0	0	0	0	0	0	0	0	0	0	0	0	0	0	0	0	20	0	51	0	0	0	0	0	0	0	0	0	0	0	0	100	0	0	0	0	0	0	0	0	0	0	0	0	0	0	314	0	0	0	0	0	15
assemblage-377-268	0	0	0	0	0	0	0	0	0	0	0	0	0	6	0	0	0	0	0	377	0	0	0	0	0	0	0	0	0	0	0	0	0	8	9	0	0	0	0	0	0	0	0	0	0	0	0	0	0	0	0	7	0	72	0	0	0	0	0	0	0	0	0	0	0	21
assemblage-697-453	0	12	0	25	0	0	0	0	0	0	0	0	0	0	0	0	70	0	0	102	0	0	0	5	0	0	143	0	0	0	0	0	0	19	60	44	0	0	0	0	0	0	0	0	0	0	0	0	0	0	0	0	0	8	0	0	0	0	0	0	0	0	0	0	0	12
assemblage-907-151	0	0	0	0	0	0	0	0	0	0	0	0	0	0	0	0	0	0	0	0	0	0	0	0	0	0	0	0	0	4	0	49	0	0	0	0	0	0	0	0	0	0	0	309	3	0	12	0	0	0	0	0	0	0	0	0	0	92	0	10	0	0	0	0	0	21
assemblage-228-424	0	0	39	0	0	0	0	0	0	0	0	0	0	0	0	0	0	0	0	0	0	0	0	0	72	0	0	0	0	0	0	0	0	0	0	0	0	0	0	0	0	0	0	0	192	0	124	0	0	0	0	0	0	0	0	0	7	20	0	30	0	0	0	0	0	16
assemblage-254-312	0	0	0	0	0	0	0	0	18	0	0	0	9	0	0	61	0	0	0	0	0	0	0	0	9	0	0	0	0	257	0	0	0	0	0	0	0	0	0	0	0	0	0	0	67	0	0	0	0	0	4	0	0	0	0	0	0	0	0	50	0	0	0	6	0	19
assemblage-296-429	0	0	55	0	0	0	0	0	0	0	0	0	0	0	0	0	0	0	0	0	0	0	0	0	0	0	0	15	0	0	0	0	0	0	0	0	0	0	0	0	0	0	0	0	27	0	0	0	0	0	0	0	0	0	0	0	0	294	0	102	0	0	0	0	0	7
assemblage-930-503	0	9	0	0	0	0	0	0	0	0	0	0	0	6	0	0	0	0	0	26	42	0	0	48	0	0	14	0	0	0	0	0	0	39	152	0	0	0	0	0	0	0	0	0	0	0	0	0	0	0	0	0	0	151	0	0	0	0	0	0	0	0	0	0	0	13
assemblage-326-246	0	161	0	0	0	0	0	0	0	0	0	0	0	9	0	0	0	0	67	51	0	0	0	0	0	54	35	0	51	0	0	0	0	0	0	0	0	0	0	0	0	11	0	0	9	0	0	0	0	0	0	0	0	18	0	0	0	0	0	25	0	0	0	0	0	9
assemblage-382-196	0	0	0	0	0	0	0	0	0	0	0	0	0	0	0	0	0	0	0	0	0	0	0	0	0	0	0	0	0	0	0	0	0	0	0	0	0	0	0	0	0	0	0	326	0	0	0	0	0	70	0	0	0	0	0	0	0	86	0	0	0	0	0	0	0	18
assemblage-296-426	0	0	58	0	0	0	0	0	0	0	0	0	0	0	0	0	0	0	0	0	0	0	0	0	0	0	0	23	0	0	0	0	0	0	0	0	0	0	0	0	0	0	0	0	33	0	0	0	0	0	0	0	0	0	0	0	0	266	0	113	0	0	0	0	0	7
assemblage-578-554	0	44	125	0	7	0	0	0	0	0	0	3	0	0	7	0	0	0	0	65	0	0	17	0	0	0	0	0	0	3	0	0	0	0	0	0	0	0	0	0	0	0	10	0	162	0	0	0	0	0	0	0	0	0	0	0	0	0	0	43	0	0	0	0	0	14
assemblage-379-264	0	0	0	0	0	0	0	0	0	0	0	0	0	0	0	0	0	0	0	388	0	0	0	0	0	0	0	0	0	0	0	0	0	0	23	0	0	0	0	0	0	0	0	0	0	0	0	0	0	0	0	6	0	54	0	0	0	0	0	0	0	0	0	0	0	29
assemblage-568-994	0	0	0	0	0	0	0	0	0	0	0	0	0	0	0	0	0	0	0	0	0	0	0	0	0	0	0	0	0	0	0	48	0	0	0	0	0	0	0	5	0	0	0	319	0	0	7	0	0	0	0	0	0	0	0	0	0	87	0	11	0	0	0	0	0	23
assemblage-758-164	0	0	0	0	0	0	0	0	0	0	0	0	0	0	0	0	0	0	0	0	0	0	0	0	0	0	0	0	0	136	0	3	0	0	0	0	0	0	0	0	0	0	0	0	0	0	12	0	0	0	0	0	0	0	0	0	0	290	0	0	46	0	0	0	0	13
assemblage-781-185	0	0	0	0	0	0	0	0	0	0	0	0	0	0	0	0	0	0	0	0	0	0	0	0	0	0	0	0	0	0	0	0	0	0	0	0	0	0	0	0	0	0	0	0	0	0	0	0	0	0	0	0	0	0	0	0	0	122	0	17	348	0	0	0	0	13
assemblage-381-173	0	0	0	0	0	0	0	0	0	0	0	0	0	0	0	0	0	0	0	0	0	0	0	0	0	0	0	0	0	0	0	409	0	0	0	0	0	0	0	0	0	0	0	69	0	0	0	0	4	0	0	0	0	0	1	0	0	0	0	0	0	0	0	0	0	17
assemblage-210-589	0	5	0	0	0	0	0	0	0	0	0	14	0	0	25	0	0	0	0	145	0	0	0	0	0	0	0	0	0	0	0	0	0	0	0	0	0	0	0	0	0	0	0	0	104	0	0	0	0	0	0	0	0	0	0	0	0	0	0	195	0	0	0	0	0	12
assemblage-148-933	0	10	0	0	0	0	0	0	0	0	0	19	0	0	32	0	0	0	0	155	0	0	0	0	0	0	0	0	0	0	0	0	0	0	0	0	0	0	0	0	0	0	0	0	94	0	0	0	0	0	0	0	0	0	0	0	0	0	0	174	0	0	0	0	0	16
assemblage-157-926	0	0	439	0	0	0	0	0	0	0	0	0	0	0	0	0	0	0	0	20	0	0	0	0	0	0	0	0	0	0	0	0	0	0	0	0	0	0	0	0	0	0	11	0	10	0	0	0	0	0	0	0	0	0	0	0	0	0	0	0	0	0	0	0	0	20
assemblage-329-265	0	44	0	0	0	0	0	0	0	0	0	0	0	70	0	0	0	0	22	127	0	0	0	0	0	12	43	0	15	0	0	0	0	0	0	0	7	4	0	0	0	0	0	0	51	0	0	0	0	0	0	0	0	68	0	0	0	0	0	13	0	0	0	0	0	24
assemblage-603-636	0	0	0	0	0	0	0	0	0	0	0	0	0	0	0	0	0	0	0	0	0	0	0	0	0	0	0	0	0	0	0	133	0	0	0	0	0	0	0	0	0	0	0	12	0	0	206	0	0	0	0	0	0	0	65	0	0	77	0	0	0	0	0	0	0	7
assemblage-395-842	0	0	0	0	0	0	0	0	0	0	0	0	0	0	0	0	0	0	0	0	0	0	0	0	0	0	0	0	0	0	71	73	0	0	0	0	0	0	0	0	71	0	0	203	0	0	0	0	0	0	0	0	0	0	9	0	0	9	0	0	17	4	0	0	0	43
assemblage-575-975	0	0	0	0	0	0	0	0	0	0	0	0	0	0	0	0	0	0	0	0	0	0	0	0	0	0	0	0	0	0	0	144	0	0	0	0	0	0	0	0	0	0	0	21	0	0	198	0	0	0	0	0	0	0	55	0	0	74	0	0	0	0	0	0	0	8
assemblage-692-143	0	0	0	0	0	0	0	0	0	0	0	0	0	0	0	0	0	0	0	0	0	0	0	0	0	0	0	0	0	0	0	0	0	0	0	0	0	0	0	0	0	0	0	311	0	0	0	0	0	79	0	0	0	0	0	0	0	90	0	0	0	0	0	0	0	20
assemblage-792-172	0	0	0	0	0	0	0	0	0	0	0	0	0	0	0	0	0	0	0	0	0	0	0	0	0	0	0	0	0	0	0	0	0	0	0	0	0	0	0	0	0	0	0	0	0	0	0	0	0	0	0	0	0	0	0	0	0	140	0	10	341	0	0	0	0	9
assemblage-587-643	0	0	0	0	0	0	0	0	0	0	0	0	0	0	0	0	0	0	0	0	0	0	0	0	0	0	0	0	0	119	0	10	0	0	0	0	0	0	0	0	0	0	0	0	0	0	16	0	0	0	0	0	0	0	0	0	0	309	0	0	36	0	0	0	0	10
assemblage-211-606	0	14	0	0	0	0	0	0	0	0	0	29	0	0	28	0	0	0	0	130	0	0	0	0	0	0	0	0	0	0	0	0	0	0	0	0	0	0	0	0	0	0	0	0	98	0	0	0	0	0	0	0	0	0	0	0	0	0	0	187	0	0	0	0	0	14
assemblage-959-514	0	10	0	0	0	0	0	0	0	0	0	0	0	8	0	0	0	0	0	25	39	0	0	65	0	0	0	0	0	0	0	0	0	36	157	0	0	0	0	0	0	0	0	0	0	0	0	0	0	0	0	0	0	146	0	0	0	0	0	0	0	0	0	0	0	14
assemblage-291-419	0	0	44	0	0	0	0	0	0	0	0	0	0	0	0	0	0	0	0	0	0	0	0	0	81	0	0	0	0	0	0	0	0	0	0	0	0	0	0	0	0	0	0	0	189	0	126	0	0	0	0	0	0	0	0	0	4	16	0	13	0	0	0	0	0	27
assemblage-500-912	0	0	0	0	0	0	0	0	0	0	13	0	0	77	0	0	0	0	0	48	0	0	0	0	0	0	27	0	0	0	0	0	0	196	50	30	0	0	0	0	0	0	0	0	0	0	0	0	0	0	0	0	0	46	0	0	0	0	0	0	0	0	0	0	0	13
assemblage-977-271	0	0	0	0	0	0	0	0	0	0	0	0	0	104	0	0	0	0	0	24	0	0	0	0	0	0	119	0	0	0	0	0	0	0	0	13	0	0	0	0	0	0	0	0	178	0	0	0	0	0	0	0	0	48	0	0	0	0	0	0	0	0	0	0	0	14
assemblage-708-443	0	0	0	20	0	0	0	0	0	0	0	0	0	0	0	0	64	0	0	94	0	0	0	11	0	0	141	0	0	0	0	0	0	33	57	44	0	0	0	0	0	0	0	0	0	0	0	0	0	0	0	0	0	12	0	0	0	0	0	0	0	0	0	0	0	24
assemblage-228-436	0	0	64	0	0	0	0	0	0	0	0	0	0	0	0	0	0	0	0	0	0	0	0	0	0	0	0	19	0	0	0	0	0	0	0	0	0	0	0	0	0	0	0	0	34	0	0	0	0	0	0	0	0	0	0	0	0	285	0	90	0	0	0	0	0	8
assemblage-558-998	0	0	0	0	0	0	0	0	0	0	0	0	0	0	0	0	0	0	0	0	0	0	0	0	0	0	0	0	0	7	0	46	0	0	0	0	0	0	0	0	0	0	0	293	0	0	6	0	0	0	0	0	0	0	0	0	0	100	0	21	0	0	0	0	0	27
assemblage-384-265	0	0	0	0	0	0	0	0	0	0	0	0	0	0	0	0	0	0	0	401	0	0	0	0	0	0	0	0	0	0	0	0	0	0	10	0	0	0	0	0	0	0	0	0	0	0	0	0	0	0	0	9	0	39	0	0	0	0	0	0	0	0	0	0	0	41
assemblage-683-134	0	0	0	0	0	0	0	0	0	0	0	0	0	0	0	0	0	0	0	0	0	0	0	0	0	0	0	0	0	0	0	0	0	0	0	0	0	0	0	0	0	0	0	301	0	0	0	0	0	56	0	0	0	0	0	0	0	111	0	0	0	0	0	0	0	32
assemblage-389-833	0	0	0	0	0	0	0	0	0	0	0	0	0	0	0	0	0	0	0	0	0	0	0	0	0	0	0	0	0	0	0	405	0	0	0	0	0	0	0	0	0	0	0	75	0	0	0	0	6	0	0	0	0	0	5	0	0	0	0	0	0	0	0	0	0	9
assemblage-262-339	0	0	0	0	0	0	0	0	17	0	0	0	9	0	0	52	0	0	0	0	0	0	0	0	5	0	0	0	0	276	0	0	0	0	0	0	0	0	0	0	0	0	0	0	80	0	0	0	0	0	0	0	0	0	0	2	0	0	0	36	0	0	0	7	0	16
assemblage-121-518	0	148	0	0	0	0	0	0	0	0	0	0	0	11	0	0	0	0	75	47	0	0	0	0	0	33	50	0	66	0	0	0	0	0	0	0	0	0	0	0	0	10	0	0	10	0	0	0	0	0	0	0	0	6	0	0	0	0	0	23	0	0	0	0	0	21
assemblage-384-269	0	0	0	0	0	0	0	0	0	0	0	0	0	0	0	0	0	0	0	401	0	0	0	0	0	0	0	0	0	0	0	0	0	0	11	0	0	0	0	0	0	0	0	0	0	0	0	0	0	0	0	12	0	44	0	0	0	0	0	0	0	0	0	0	0	32
assemblage-716-134	0	0	0	0	0	0	0	0	0	0	0	0	0	0	0	0	0	0	0	0	0	0	0	0	0	0	0	0	0	0	0	400	0	0	0	0	0	0	0	0	0	0	0	71	0	0	0	0	7	0	0	0	0	0	12	0	0	0	0	0	0	0	0	0	0	10
assemblage-463-661	0	0	59	0	0	0	0	0	0	0	0	0	0	0	0	0	0	0	0	0	0	0	0	0	0	0	0	22	0	0	0	0	0	0	0	0	0	0	0	0	0	0	0	0	19	0	0	0	0	0	0	0	0	0	0	0	0	280	0	107	0	0	0	0	0	13
assemblage-694-439	0	7	0	30	0	0	0	0	0	0	0	0	0	0	0	0	71	0	0	100	0	0	0	9	0	0	144	0	0	0	0	0	0	29	52	40	0	0	0	0	0	0	0	0	0	0	0	0	0	0	0	0	0	8	0	0	0	0	0	0	0	0	0	0	0	10
assemblage-489-915	0	0	0	9	0	0	0	0	0	0	0	0	0	24	0	0	22	0	0	158	7	0	0	18	0	0	42	0	0	0	0	0	0	65	54	16	0	0	0	0	0	0	0	0	0	0	0	0	0	0	0	0	0	59	0	0	0	0	0	0	0	0	0	0	0	26
assemblage-701-457	0	9	0	20	0	0	0	0	0	0	0	0	0	0	0	0	78	0	0	108	0	0	0	6	0	0	131	0	0	0	0	0	0	35	58	28	0	0	0	0	0	0	0	0	0	0	0	0	0	0	0	0	0	10	0	0	0	0	0	0	0	0	0	0	0	17
assemblage-229-409	0	0	55	0	0	0	0	0	0	0	0	0	0	0	0	0	0	0	0	0	0	0	0	0	0	0	0	12	0	0	0	0	0	0	0	0	0	0	0	0	0	0	0	0	29	0	0	0	0	0	0	0	0	0	0	0	0	268	0	122	0	0	0	0	0	14
assemblage-279-335	0	0	0	0	0	0	0	0	18	0	0	0	8	0	0	58	0	0	0	0	0	0	0	0	7	0	0	0	0	269	0	0	0	0	0	0	0	0	0	0	0	0	0	0	78	0	0	0	0	0	0	0	0	0	0	0	0	0	0	36	0	0	0	4	0	22
assemblage-206-601	0	135	57	0	33	0	0	0	0	0	0	0	0	0	0	0	0	0	0	31	0	0	0	0	0	8	0	0	0	0	0	0	0	0	0	0	0	0	0	0	0	0	15	0	192	0	0	0	0	0	0	0	11	0	0	0	0	0	0	0	0	0	6	0	0	12
assemblage-784-522	0	18	0	0	0	0	0	5	0	0	0	0	0	112	0	0	0	0	0	95	0	0	0	0	0	0	0	0	3	0	0	0	0	0	0	0	38	0	0	0	0	0	11	0	24	0	0	0	0	0	0	0	0	178	0	0	0	0	0	0	0	0	0	0	0	16
assemblage-487-919	0	0	0	0	0	0	0	0	0	0	7	0	0	83	0	0	0	0	0	39	0	0	0	0	0	0	28	0	0	0	0	0	0	180	66	24	0	0	0	0	0	0	0	0	0	0	0	0	0	0	0	0	0	59	0	0	0	0	0	0	0	0	0	0	0	14
assemblage-206-609	0	11	0	0	0	0	0	0	0	0	0	25	0	0	20	0	0	0	0	155	0	0	0	0	0	0	0	0	0	0	0	0	0	0	0	0	0	0	0	0	0	0	0	0	88	0	0	0	0	0	0	0	0	0	0	0	0	0	0	185	0	0	0	0	0	16
assemblage-402-252	0	0	0	0	0	0	0	0	0	0	0	0	0	0	0	0	0	0	0	391	0	0	0	0	0	0	0	0	0	0	0	0	0	0	6	0	0	0	0	0	0	0	0	0	0	0	0	0	0	0	0	6	0	69	0	0	0	0	0	0	0	0	0	0	0	28
assemblage-764-519	0	182	0	0	0	0	0	0	0	0	0	0	0	7	0	0	0	0	62	46	0	0	0	0	0	43	30	0	76	0	0	0	0	0	0	0	0	0	0	0	0	3	0	0	14	0	0	0	0	0	0	0	0	8	0	0	0	0	0	20	0	0	0	0	0	9
assemblage-151-925	0	0	426	0	0	0	0	0	0	0	0	0	0	0	0	0	0	0	0	39	0	0	0	0	0	0	0	0	0	0	0	0	0	0	0	0	0	0	0	0	0	0	11	0	11	0	0	0	0	0	0	0	0	0	0	0	0	0	0	0	0	0	0	0	0	13
assemblage-490-917	0	0	0	0	0	0	0	0	0	0	7	0	0	64	0	0	0	0	0	51	0	0	0	0	0	0	20	0	0	0	0	0	0	181	69	23	0	0	0	0	0	0	0	0	0	0	0	0	0	0	0	0	0	70	0	0	0	0	0	0	0	0	0	0	0	15
assemblage-922-171	0	0	0	0	0	0	0	0	0	0	0	0	0	0	0	0	0	0	0	0	0	0	0	0	0	0	0	0	0	7	0	52	0	0	0	0	0	0	0	0	0	0	0	313	0	0	14	0	0	0	0	0	0	0	0	0	0	84	2	11	0	0	0	0	0	17
assemblage-498-925	0	0	0	0	0	0	0	0	0	0	12	0	0	72	0	0	0	0	0	46	0	0	0	0	0	0	23	0	0	0	0	0	0	186	62	27	0	0	0	0	0	0	0	0	0	0	0	0	0	0	0	0	0	47	0	0	0	0	0	0	0	0	0	0	0	25
assemblage-962-284	4	0	0	0	0	0	0	0	0	0	0	0	0	54	0	0	0	1	0	269	0	0	0	0	0	0	23	0	0	0	0	0	0	0	0	0	0	20	0	0	0	0	0	0	9	0	0	0	0	0	0	0	0	94	0	0	0	0	0	0	0	0	0	0	0	26
assemblage-210-424	0	0	9	0	0	0	0	0	18	0	0	0	9	0	0	46	0	0	0	0	0	0	0	0	9	0	0	0	0	268	0	0	0	0	0	0	0	0	0	0	0	0	0	0	74	0	0	0	0	0	0	0	0	0	0	0	0	0	0	35	0	0	0	0	0	32
assemblage-564-992	0	0	0	0	0	0	0	0	0	0	0	0	0	0	0	0	0	0	0	0	0	0	0	0	0	0	0	0	0	38	0	38	0	0	0	0	0	0	0	0	0	0	0	72	0	0	66	0	0	0	0	0	0	0	17	0	0	158	0	4	97	0	0	0	0	10
assemblage-691-148	0	0	0	0	0	15	0	0	0	0	0	0	0	0	0	0	0	0	0	0	0	2	0	0	0	0	0	0	0	0	0	3	0	0	0	0	0	0	0	0	0	0	0	300	0	0	0	0	0	0	0	0	0	0	38	0	0	0	0	0	129	0	0	0	0	13
assemblage-259-320	0	0	65	0	0	0	0	0	0	0	0	0	0	0	0	0	0	0	0	0	0	0	0	0	0	0	0	21	0	0	0	0	0	0	0	0	0	0	0	0	0	0	0	0	23	0	3	0	0	0	0	0	0	0	0	0	0	295	0	86	0	0	0	0	0	7
assemblage-954-291	0	0	0	0	0	0	0	0	0	0	0	0	0	68	0	0	0	0	0	238	0	0	0	0	0	0	30	0	0	0	0	0	0	0	0	0	0	23	0	0	0	0	0	0	10	0	0	0	0	0	0	0	0	104	0	0	0	0	0	0	0	0	0	0	0	27
assemblage-678-129	0	0	0	0	0	0	0	0	0	0	0	0	0	0	0	0	0	0	0	0	0	0	0	0	0	0	0	0	0	0	0	0	0	0	0	0	0	0	0	0	0	0	0	294	0	0	0	0	0	70	0	0	0	0	0	0	0	116	0	0	6	0	0	0	0	14
assemblage-606-537	0	130	59	0	24	0	0	0	0	0	0	0	0	0	0	0	0	0	0	43	0	0	0	0	0	11	0	0	0	0	0	0	0	0	0	0	0	0	0	0	0	0	23	0	193	0	0	0	0	0	0	0	5	0	0	0	0	0	0	0	0	0	0	0	0	12
assemblage-453-654	0	0	40	0	0	0	0	0	0	0	0	0	0	0	0	0	0	0	0	0	0	0	0	0	59	0	0	0	0	0	0	0	0	0	0	0	0	0	0	0	0	0	0	0	173	0	156	0	0	0	0	0	0	0	0	0	9	28	0	18	0	0	0	0	0	17
assemblage-123-486	0	21	0	0	0	0	0	8	0	0	0	0	0	131	0	0	0	0	0	105	0	0	0	0	0	0	0	0	0	0	0	0	0	0	0	0	30	0	0	0	0	0	17	0	15	0	0	0	0	0	0	0	0	156	0	0	0	0	0	0	0	0	0	0	0	17
assemblage-955-283	0	0	0	0	0	0	0	0	0	0	0	0	0	78	0	0	0	0	0	35	0	0	0	0	0	0	129	0	0	0	0	0	0	0	0	10	0	0	0	0	0	0	0	0	186	0	0	0	0	0	0	0	0	52	0	0	0	0	0	0	0	0	0	0	0	10
assemblage-599-537	0	0	406	0	0	0	0	0	0	0	0	0	0	0	0	0	0	0	0	45	0	0	0	0	0	0	0	0	0	0	0	0	0	0	0	0	0	0	0	0	0	0	9	0	8	5	0	0	0	0	0	0	0	0	0	0	0	0	0	0	0	0	0	0	0	27
assemblage-754-535	0	0	0	0	0	0	0	0	0	0	0	0	0	89	0	0	0	0	0	25	0	0	0	0	0	0	122	0	0	0	0	0	0	0	0	10	0	0	0	0	0	0	0	0	180	0	0	0	0	0	0	0	0	60	0	0	0	0	0	0	0	0	0	0	0	14
assemblage-894-155	0	0	0	0	0	0	0	0	0	0	0	0	0	0	0	0	0	0	0	0	0	0	0	0	0	0	0	0	0	0	0	55	0	0	0	0	0	0	0	0	0	0	0	319	0	0	14	0	0	0	0	0	0	0	0	0	0	88	0	11	0	0	0	0	0	13
assemblage-772-154	0	0	0	0	0	0	0	0	0	0	0	0	0	0	0	0	0	0	0	0	0	0	0	0	0	0	0	0	0	142	0	4	0	0	0	0	0	0	0	0	0	0	0	0	0	0	10	0	0	0	0	0	0	0	0	0	0	283	0	0	50	0	0	0	0	11
assemblage-228-406	0	0	0	0	0	0	0	0	39	0	0	0	8	0	0	52	0	0	0	0	0	0	0	0	2	0	0	0	0	266	0	0	0	0	0	0	0	0	0	0	0	0	0	0	70	0	0	0	0	0	0	0	0	0	0	0	0	0	0	41	0	0	0	3	0	19
assemblage-554-1004	0	0	0	0	0	0	0	0	0	0	0	0	0	0	0	0	0	0	0	0	0	0	0	0	0	0	0	0	0	9	0	45	0	0	0	0	0	0	0	0	0	0	0	311	0	0	12	0	0	0	0	0	0	0	0	0	0	77	0	27	0	0	0	0	0	19
assemblage-726-448	0	11	0	28	0	0	0	0	0	0	0	0	0	0	0	0	53	0	0	102	0	0	0	9	0	0	146	0	0	0	0	0	0	28	70	29	0	0	0	0	0	0	0	0	0	0	0	0	0	0	0	0	0	3	0	0	0	0	0	0	0	0	0	0	0	21
assemblage-224-589	0	111	77	0	17	0	0	0	0	0	0	0	0	0	0	0	0	0	0	52	0	0	0	0	0	11	0	0	0	0	0	0	0	0	0	0	0	0	5	0	0	0	21	0	193	0	0	0	0	0	0	0	3	0	0	0	0	0	0	0	0	0	3	0	0	7
assemblage-401-853	0	0	0	0	0	18	0	0	0	0	0	0	0	0	0	0	0	0	0	0	0	0	0	0	0	0	0	0	0	0	0	12	0	0	0	0	0	0	0	0	0	0	0	273	0	0	0	0	0	0	0	0	0	0	41	0	0	0	0	0	147	0	0	0	0	9
assemblage-325-253	0	0	0	0	0	0	0	0	0	0	0	0	0	81	0	0	0	0	0	34	0	0	0	0	0	0	125	0	0	0	0	0	0	0	0	10	0	0	0	0	0	0	0	0	187	0	0	0	0	0	0	0	0	52	0	0	0	0	0	0	0	0	0	0	0	11
assemblage-485-489	0	13	0	0	0	0	0	0	0	0	0	21	0	0	20	0	0	0	0	155	0	0	0	0	0	0	0	0	0	0	0	0	0	0	0	0	0	0	0	0	0	0	0	0	97	0	0	0	0	0	0	0	0	0	0	0	0	0	0	173	0	0	0	0	0	21
assemblage-764-521	0	158	0	0	0	0	0	0	0	0	0	0	0	9	0	0	0	0	70	54	0	0	0	0	0	36	27	0	73	0	0	0	0	0	0	0	0	0	0	0	0	13	0	0	15	0	0	0	0	0	0	0	0	6	0	0	0	0	0	27	0	0	0	0	0	12
assemblage-115-496	0	165	0	0	0	0	0	0	0	0	0	0	0	11	0	0	0	0	60	53	0	0	0	0	0	31	31	0	77	0	0	0	0	0	0	0	0	0	0	0	0	2	0	0	7	0	0	0	0	0	0	0	0	7	0	0	0	0	0	39	0	0	0	0	0	17
assemblage-920-162	0	0	0	0	0	0	0	0	0	0	0	0	0	0	0	0	0	0	0	0	0	0	0	0	0	0	0	0	0	7	0	49	0	0	0	0	0	0	0	0	0	0	0	319	0	0	9	0	0	0	0	0	0	0	0	0	0	84	0	20	0	0	0	0	0	12
