Seriation_Number	Assemblage	7337-1-1	5437979-0-0	863218-6774618-7774684	3-2049714-0	5437979-0-4934925	1513369-2-0	5437979-0-7899154	3-2-6412691	3-5937436-0	0-1-4	3-2-4072471	8032173-6774618-3965231	863218-6774618-2648646	2137808-2-0	9261477-2-0	5437979-0-6243214	2137808-8975926-0	3-2-23637	3-1127647-0	3-2-7385202	3-2-6427732	5437979-2655857-0	707716-2-23637	863218-6774618-7294087	863218-5578212-0	3-0-0	5437979-0-966640	3-2-3283380	3-644191-0	8032173-6774618-0	3-2-3981338	3-9753436-23637	863218-9032929-0	6193744-6774618-0	863218-6774618-0	863218-1944996-0	3-2-1752149	3-6774618-0	5657780-6774618-0	3-2-0	863218-6774618-6138381	1973093-0-6243214	6193744-6774618-6360729	863218-8281552-0	0-4730046-4	9152926-2-0
1	assemblage-500-912	0	256	0	0	0	0	0	0	0	116	0	0	0	0	0	0	0	0	0	0	0	0	0	0	0	0	90	0	0	0	0	0	0	0	0	0	0	0	0	20	0	0	0	0	0	18
1	assemblage-922-171	0	0	0	0	0	0	0	0	0	0	0	0	0	0	0	193	0	18	0	0	0	0	0	0	0	0	0	0	0	0	0	0	0	0	231	0	0	42	0	0	0	0	0	0	0	16
1	assemblage-781-185	0	0	4	0	0	0	0	0	0	0	0	0	0	0	0	63	0	170	0	0	0	0	0	0	0	0	0	35	0	0	0	0	0	0	222	0	0	0	0	0	0	0	0	0	0	6

2	assemblage-704-150	0	0	0	0	0	0	0	0	0	0	0	27	0	0	0	17	0	1	0	0	0	0	0	0	0	0	0	0	0	403	0	0	0	0	41	0	0	0	0	0	0	0	0	0	0	11
2	assemblage-922-171	0	0	0	0	0	0	0	0	0	0	0	0	0	0	0	193	0	18	0	0	0	0	0	0	0	0	0	0	0	0	0	0	0	0	231	0	0	42	0	0	0	0	0	0	0	16
2	assemblage-781-185	0	0	4	0	0	0	0	0	0	0	0	0	0	0	0	63	0	170	0	0	0	0	0	0	0	0	0	35	0	0	0	0	0	0	222	0	0	0	0	0	0	0	0	0	0	6

3	assemblage-401-853	0	0	0	0	0	0	0	0	0	0	0	0	0	0	0	42	0	0	0	0	13	0	0	0	0	0	0	0	0	0	0	0	0	30	337	0	0	0	0	0	9	0	67	0	0	2
3	assemblage-922-171	0	0	0	0	0	0	0	0	0	0	0	0	0	0	0	193	0	18	0	0	0	0	0	0	0	0	0	0	0	0	0	0	0	0	231	0	0	42	0	0	0	0	0	0	0	16
3	assemblage-781-185	0	0	4	0	0	0	0	0	0	0	0	0	0	0	0	63	0	170	0	0	0	0	0	0	0	0	0	35	0	0	0	0	0	0	222	0	0	0	0	0	0	0	0	0	0	6

4	assemblage-580-539	0	16	0	75	184	0	0	0	0	0	135	0	0	0	0	27	25	0	0	0	0	0	0	0	0	0	0	0	5	0	0	0	0	0	0	0	0	0	0	21	0	0	0	0	0	12
4	assemblage-922-171	0	0	0	0	0	0	0	0	0	0	0	0	0	0	0	193	0	18	0	0	0	0	0	0	0	0	0	0	0	0	0	0	0	0	231	0	0	42	0	0	0	0	0	0	0	16
4	assemblage-781-185	0	0	4	0	0	0	0	0	0	0	0	0	0	0	0	63	0	170	0	0	0	0	0	0	0	0	0	35	0	0	0	0	0	0	222	0	0	0	0	0	0	0	0	0	0	6

5	assemblage-153-925	0	25	0	0	0	0	0	0	0	10	0	0	0	0	0	0	28	0	10	0	0	0	0	0	0	0	0	0	0	0	0	0	0	0	6	0	0	364	0	53	0	0	0	0	0	4
5	assemblage-922-171	0	0	0	0	0	0	0	0	0	0	0	0	0	0	0	193	0	18	0	0	0	0	0	0	0	0	0	0	0	0	0	0	0	0	231	0	0	42	0	0	0	0	0	0	0	16
5	assemblage-781-185	0	0	4	0	0	0	0	0	0	0	0	0	0	0	0	63	0	170	0	0	0	0	0	0	0	0	0	35	0	0	0	0	0	0	222	0	0	0	0	0	0	0	0	0	0	6

6	assemblage-153-925	0	25	0	0	0	0	0	0	0	10	0	0	0	0	0	0	28	0	10	0	0	0	0	0	0	0	0	0	0	0	0	0	0	0	6	0	0	364	0	53	0	0	0	0	0	4
6	assemblage-704-150	0	0	0	0	0	0	0	0	0	0	0	27	0	0	0	17	0	1	0	0	0	0	0	0	0	0	0	0	0	403	0	0	0	0	41	0	0	0	0	0	0	0	0	0	0	11
6	assemblage-781-185	0	0	4	0	0	0	0	0	0	0	0	0	0	0	0	63	0	170	0	0	0	0	0	0	0	0	0	35	0	0	0	0	0	0	222	0	0	0	0	0	0	0	0	0	0	6

7	assemblage-377-179	0	0	0	0	0	0	0	0	0	0	0	30	0	0	0	20	0	0	0	0	0	0	0	0	0	0	0	0	0	376	0	0	0	0	56	0	0	0	0	0	0	0	0	0	0	18
7	assemblage-922-171	0	0	0	0	0	0	0	0	0	0	0	0	0	0	0	193	0	18	0	0	0	0	0	0	0	0	0	0	0	0	0	0	0	0	231	0	0	42	0	0	0	0	0	0	0	16
7	assemblage-781-185	0	0	4	0	0	0	0	0	0	0	0	0	0	0	0	63	0	170	0	0	0	0	0	0	0	0	0	35	0	0	0	0	0	0	222	0	0	0	0	0	0	0	0	0	0	6

8	assemblage-288-419	0	116	0	0	0	0	0	0	0	0	62	0	0	0	0	0	0	284	0	18	0	0	0	0	0	0	0	0	0	0	0	0	0	0	0	0	0	8	0	0	0	0	0	0	0	12
8	assemblage-580-539	0	16	0	75	184	0	0	0	0	0	135	0	0	0	0	27	25	0	0	0	0	0	0	0	0	0	0	0	5	0	0	0	0	0	0	0	0	0	0	21	0	0	0	0	0	12
8	assemblage-401-853	0	0	0	0	0	0	0	0	0	0	0	0	0	0	0	42	0	0	0	0	13	0	0	0	0	0	0	0	0	0	0	0	0	30	337	0	0	0	0	0	9	0	67	0	0	2

9	assemblage-288-419	0	116	0	0	0	0	0	0	0	0	62	0	0	0	0	0	0	284	0	18	0	0	0	0	0	0	0	0	0	0	0	0	0	0	0	0	0	8	0	0	0	0	0	0	0	12
9	assemblage-153-925	0	25	0	0	0	0	0	0	0	10	0	0	0	0	0	0	28	0	10	0	0	0	0	0	0	0	0	0	0	0	0	0	0	0	6	0	0	364	0	53	0	0	0	0	0	4
9	assemblage-401-853	0	0	0	0	0	0	0	0	0	0	0	0	0	0	0	42	0	0	0	0	13	0	0	0	0	0	0	0	0	0	0	0	0	30	337	0	0	0	0	0	9	0	67	0	0	2

10	assemblage-288-419	0	116	0	0	0	0	0	0	0	0	62	0	0	0	0	0	0	284	0	18	0	0	0	0	0	0	0	0	0	0	0	0	0	0	0	0	0	8	0	0	0	0	0	0	0	12
10	assemblage-377-179	0	0	0	0	0	0	0	0	0	0	0	30	0	0	0	20	0	0	0	0	0	0	0	0	0	0	0	0	0	376	0	0	0	0	56	0	0	0	0	0	0	0	0	0	0	18
10	assemblage-401-853	0	0	0	0	0	0	0	0	0	0	0	0	0	0	0	42	0	0	0	0	13	0	0	0	0	0	0	0	0	0	0	0	0	30	337	0	0	0	0	0	9	0	67	0	0	2

11	assemblage-106-503	0	202	0	67	0	0	0	0	0	137	0	0	0	0	0	0	0	0	0	0	0	0	0	0	0	0	0	0	0	0	0	0	0	0	0	0	0	0	0	85	0	0	0	0	0	9
11	assemblage-922-171	0	0	0	0	0	0	0	0	0	0	0	0	0	0	0	193	0	18	0	0	0	0	0	0	0	0	0	0	0	0	0	0	0	0	231	0	0	42	0	0	0	0	0	0	0	16
11	assemblage-781-185	0	0	4	0	0	0	0	0	0	0	0	0	0	0	0	63	0	170	0	0	0	0	0	0	0	0	0	35	0	0	0	0	0	0	222	0	0	0	0	0	0	0	0	0	0	6

12	assemblage-106-503	0	202	0	67	0	0	0	0	0	137	0	0	0	0	0	0	0	0	0	0	0	0	0	0	0	0	0	0	0	0	0	0	0	0	0	0	0	0	0	85	0	0	0	0	0	9
12	assemblage-500-912	0	256	0	0	0	0	0	0	0	116	0	0	0	0	0	0	0	0	0	0	0	0	0	0	0	0	90	0	0	0	0	0	0	0	0	0	0	0	0	20	0	0	0	0	0	18
12	assemblage-781-185	0	0	4	0	0	0	0	0	0	0	0	0	0	0	0	63	0	170	0	0	0	0	0	0	0	0	0	35	0	0	0	0	0	0	222	0	0	0	0	0	0	0	0	0	0	6

13	assemblage-106-503	0	202	0	67	0	0	0	0	0	137	0	0	0	0	0	0	0	0	0	0	0	0	0	0	0	0	0	0	0	0	0	0	0	0	0	0	0	0	0	85	0	0	0	0	0	9
13	assemblage-500-912	0	256	0	0	0	0	0	0	0	116	0	0	0	0	0	0	0	0	0	0	0	0	0	0	0	0	90	0	0	0	0	0	0	0	0	0	0	0	0	20	0	0	0	0	0	18
13	assemblage-922-171	0	0	0	0	0	0	0	0	0	0	0	0	0	0	0	193	0	18	0	0	0	0	0	0	0	0	0	0	0	0	0	0	0	0	231	0	0	42	0	0	0	0	0	0	0	16

14	assemblage-106-503	0	202	0	67	0	0	0	0	0	137	0	0	0	0	0	0	0	0	0	0	0	0	0	0	0	0	0	0	0	0	0	0	0	0	0	0	0	0	0	85	0	0	0	0	0	9
14	assemblage-704-150	0	0	0	0	0	0	0	0	0	0	0	27	0	0	0	17	0	1	0	0	0	0	0	0	0	0	0	0	0	403	0	0	0	0	41	0	0	0	0	0	0	0	0	0	0	11
14	assemblage-781-185	0	0	4	0	0	0	0	0	0	0	0	0	0	0	0	63	0	170	0	0	0	0	0	0	0	0	0	35	0	0	0	0	0	0	222	0	0	0	0	0	0	0	0	0	0	6

15	assemblage-106-503	0	202	0	67	0	0	0	0	0	137	0	0	0	0	0	0	0	0	0	0	0	0	0	0	0	0	0	0	0	0	0	0	0	0	0	0	0	0	0	85	0	0	0	0	0	9
15	assemblage-580-539	0	16	0	75	184	0	0	0	0	0	135	0	0	0	0	27	25	0	0	0	0	0	0	0	0	0	0	0	5	0	0	0	0	0	0	0	0	0	0	21	0	0	0	0	0	12
15	assemblage-781-185	0	0	4	0	0	0	0	0	0	0	0	0	0	0	0	63	0	170	0	0	0	0	0	0	0	0	0	35	0	0	0	0	0	0	222	0	0	0	0	0	0	0	0	0	0	6

16	assemblage-106-503	0	202	0	67	0	0	0	0	0	137	0	0	0	0	0	0	0	0	0	0	0	0	0	0	0	0	0	0	0	0	0	0	0	0	0	0	0	0	0	85	0	0	0	0	0	9
16	assemblage-580-539	0	16	0	75	184	0	0	0	0	0	135	0	0	0	0	27	25	0	0	0	0	0	0	0	0	0	0	0	5	0	0	0	0	0	0	0	0	0	0	21	0	0	0	0	0	12
16	assemblage-704-150	0	0	0	0	0	0	0	0	0	0	0	27	0	0	0	17	0	1	0	0	0	0	0	0	0	0	0	0	0	403	0	0	0	0	41	0	0	0	0	0	0	0	0	0	0	11

17	assemblage-106-503	0	202	0	67	0	0	0	0	0	137	0	0	0	0	0	0	0	0	0	0	0	0	0	0	0	0	0	0	0	0	0	0	0	0	0	0	0	0	0	85	0	0	0	0	0	9
17	assemblage-580-539	0	16	0	75	184	0	0	0	0	0	135	0	0	0	0	27	25	0	0	0	0	0	0	0	0	0	0	0	5	0	0	0	0	0	0	0	0	0	0	21	0	0	0	0	0	12
17	assemblage-401-853	0	0	0	0	0	0	0	0	0	0	0	0	0	0	0	42	0	0	0	0	13	0	0	0	0	0	0	0	0	0	0	0	0	30	337	0	0	0	0	0	9	0	67	0	0	2

18	assemblage-106-503	0	202	0	67	0	0	0	0	0	137	0	0	0	0	0	0	0	0	0	0	0	0	0	0	0	0	0	0	0	0	0	0	0	0	0	0	0	0	0	85	0	0	0	0	0	9
18	assemblage-153-925	0	25	0	0	0	0	0	0	0	10	0	0	0	0	0	0	28	0	10	0	0	0	0	0	0	0	0	0	0	0	0	0	0	0	6	0	0	364	0	53	0	0	0	0	0	4
18	assemblage-401-853	0	0	0	0	0	0	0	0	0	0	0	0	0	0	0	42	0	0	0	0	13	0	0	0	0	0	0	0	0	0	0	0	0	30	337	0	0	0	0	0	9	0	67	0	0	2

19	assemblage-106-503	0	202	0	67	0	0	0	0	0	137	0	0	0	0	0	0	0	0	0	0	0	0	0	0	0	0	0	0	0	0	0	0	0	0	0	0	0	0	0	85	0	0	0	0	0	9
19	assemblage-377-179	0	0	0	0	0	0	0	0	0	0	0	30	0	0	0	20	0	0	0	0	0	0	0	0	0	0	0	0	0	376	0	0	0	0	56	0	0	0	0	0	0	0	0	0	0	18
19	assemblage-781-185	0	0	4	0	0	0	0	0	0	0	0	0	0	0	0	63	0	170	0	0	0	0	0	0	0	0	0	35	0	0	0	0	0	0	222	0	0	0	0	0	0	0	0	0	0	6

20	assemblage-106-503	0	202	0	67	0	0	0	0	0	137	0	0	0	0	0	0	0	0	0	0	0	0	0	0	0	0	0	0	0	0	0	0	0	0	0	0	0	0	0	85	0	0	0	0	0	9
20	assemblage-377-179	0	0	0	0	0	0	0	0	0	0	0	30	0	0	0	20	0	0	0	0	0	0	0	0	0	0	0	0	0	376	0	0	0	0	56	0	0	0	0	0	0	0	0	0	0	18
20	assemblage-922-171	0	0	0	0	0	0	0	0	0	0	0	0	0	0	0	193	0	18	0	0	0	0	0	0	0	0	0	0	0	0	0	0	0	0	231	0	0	42	0	0	0	0	0	0	0	16

21	assemblage-106-503	0	202	0	67	0	0	0	0	0	137	0	0	0	0	0	0	0	0	0	0	0	0	0	0	0	0	0	0	0	0	0	0	0	0	0	0	0	0	0	85	0	0	0	0	0	9
21	assemblage-377-179	0	0	0	0	0	0	0	0	0	0	0	30	0	0	0	20	0	0	0	0	0	0	0	0	0	0	0	0	0	376	0	0	0	0	56	0	0	0	0	0	0	0	0	0	0	18
21	assemblage-704-150	0	0	0	0	0	0	0	0	0	0	0	27	0	0	0	17	0	1	0	0	0	0	0	0	0	0	0	0	0	403	0	0	0	0	41	0	0	0	0	0	0	0	0	0	0	11

22	assemblage-106-503	0	202	0	67	0	0	0	0	0	137	0	0	0	0	0	0	0	0	0	0	0	0	0	0	0	0	0	0	0	0	0	0	0	0	0	0	0	0	0	85	0	0	0	0	0	9
22	assemblage-377-179	0	0	0	0	0	0	0	0	0	0	0	30	0	0	0	20	0	0	0	0	0	0	0	0	0	0	0	0	0	376	0	0	0	0	56	0	0	0	0	0	0	0	0	0	0	18
22	assemblage-401-853	0	0	0	0	0	0	0	0	0	0	0	0	0	0	0	42	0	0	0	0	13	0	0	0	0	0	0	0	0	0	0	0	0	30	337	0	0	0	0	0	9	0	67	0	0	2

23	assemblage-106-503	0	202	0	67	0	0	0	0	0	137	0	0	0	0	0	0	0	0	0	0	0	0	0	0	0	0	0	0	0	0	0	0	0	0	0	0	0	0	0	85	0	0	0	0	0	9
23	assemblage-288-419	0	116	0	0	0	0	0	0	0	0	62	0	0	0	0	0	0	284	0	18	0	0	0	0	0	0	0	0	0	0	0	0	0	0	0	0	0	8	0	0	0	0	0	0	0	12
23	assemblage-781-185	0	0	4	0	0	0	0	0	0	0	0	0	0	0	0	63	0	170	0	0	0	0	0	0	0	0	0	35	0	0	0	0	0	0	222	0	0	0	0	0	0	0	0	0	0	6

24	assemblage-106-503	0	202	0	67	0	0	0	0	0	137	0	0	0	0	0	0	0	0	0	0	0	0	0	0	0	0	0	0	0	0	0	0	0	0	0	0	0	0	0	85	0	0	0	0	0	9
24	assemblage-288-419	0	116	0	0	0	0	0	0	0	0	62	0	0	0	0	0	0	284	0	18	0	0	0	0	0	0	0	0	0	0	0	0	0	0	0	0	0	8	0	0	0	0	0	0	0	12
24	assemblage-704-150	0	0	0	0	0	0	0	0	0	0	0	27	0	0	0	17	0	1	0	0	0	0	0	0	0	0	0	0	0	403	0	0	0	0	41	0	0	0	0	0	0	0	0	0	0	11

25	assemblage-106-503	0	202	0	67	0	0	0	0	0	137	0	0	0	0	0	0	0	0	0	0	0	0	0	0	0	0	0	0	0	0	0	0	0	0	0	0	0	0	0	85	0	0	0	0	0	9
25	assemblage-288-419	0	116	0	0	0	0	0	0	0	0	62	0	0	0	0	0	0	284	0	18	0	0	0	0	0	0	0	0	0	0	0	0	0	0	0	0	0	8	0	0	0	0	0	0	0	12
25	assemblage-401-853	0	0	0	0	0	0	0	0	0	0	0	0	0	0	0	42	0	0	0	0	13	0	0	0	0	0	0	0	0	0	0	0	0	30	337	0	0	0	0	0	9	0	67	0	0	2

26	assemblage-394-839	0	0	0	0	0	0	0	0	0	0	0	0	0	0	0	201	0	3	0	0	16	0	0	64	0	0	0	0	0	0	0	0	0	0	198	0	0	0	0	0	0	0	3	0	0	15
26	assemblage-922-171	0	0	0	0	0	0	0	0	0	0	0	0	0	0	0	193	0	18	0	0	0	0	0	0	0	0	0	0	0	0	0	0	0	0	231	0	0	42	0	0	0	0	0	0	0	16
26	assemblage-781-185	0	0	4	0	0	0	0	0	0	0	0	0	0	0	0	63	0	170	0	0	0	0	0	0	0	0	0	35	0	0	0	0	0	0	222	0	0	0	0	0	0	0	0	0	0	6

27	assemblage-394-839	0	0	0	0	0	0	0	0	0	0	0	0	0	0	0	201	0	3	0	0	16	0	0	64	0	0	0	0	0	0	0	0	0	0	198	0	0	0	0	0	0	0	3	0	0	15
27	assemblage-377-179	0	0	0	0	0	0	0	0	0	0	0	30	0	0	0	20	0	0	0	0	0	0	0	0	0	0	0	0	0	376	0	0	0	0	56	0	0	0	0	0	0	0	0	0	0	18
27	assemblage-500-912	0	256	0	0	0	0	0	0	0	116	0	0	0	0	0	0	0	0	0	0	0	0	0	0	0	0	90	0	0	0	0	0	0	0	0	0	0	0	0	20	0	0	0	0	0	18

28	assemblage-394-839	0	0	0	0	0	0	0	0	0	0	0	0	0	0	0	201	0	3	0	0	16	0	0	64	0	0	0	0	0	0	0	0	0	0	198	0	0	0	0	0	0	0	3	0	0	15
28	assemblage-377-179	0	0	0	0	0	0	0	0	0	0	0	30	0	0	0	20	0	0	0	0	0	0	0	0	0	0	0	0	0	376	0	0	0	0	56	0	0	0	0	0	0	0	0	0	0	18
28	assemblage-153-925	0	25	0	0	0	0	0	0	0	10	0	0	0	0	0	0	28	0	10	0	0	0	0	0	0	0	0	0	0	0	0	0	0	0	6	0	0	364	0	53	0	0	0	0	0	4

29	assemblage-768-770	0	0	0	0	0	0	0	0	0	0	0	0	0	0	0	247	0	0	0	0	15	0	0	52	0	0	0	0	0	0	0	0	0	0	171	0	0	0	0	0	0	0	0	0	0	15
29	assemblage-922-171	0	0	0	0	0	0	0	0	0	0	0	0	0	0	0	193	0	18	0	0	0	0	0	0	0	0	0	0	0	0	0	0	0	0	231	0	0	42	0	0	0	0	0	0	0	16
29	assemblage-781-185	0	0	4	0	0	0	0	0	0	0	0	0	0	0	0	63	0	170	0	0	0	0	0	0	0	0	0	35	0	0	0	0	0	0	222	0	0	0	0	0	0	0	0	0	0	6

30	assemblage-768-770	0	0	0	0	0	0	0	0	0	0	0	0	0	0	0	247	0	0	0	0	15	0	0	52	0	0	0	0	0	0	0	0	0	0	171	0	0	0	0	0	0	0	0	0	0	15
30	assemblage-377-179	0	0	0	0	0	0	0	0	0	0	0	30	0	0	0	20	0	0	0	0	0	0	0	0	0	0	0	0	0	376	0	0	0	0	56	0	0	0	0	0	0	0	0	0	0	18
30	assemblage-500-912	0	256	0	0	0	0	0	0	0	116	0	0	0	0	0	0	0	0	0	0	0	0	0	0	0	0	90	0	0	0	0	0	0	0	0	0	0	0	0	20	0	0	0	0	0	18

31	assemblage-768-770	0	0	0	0	0	0	0	0	0	0	0	0	0	0	0	247	0	0	0	0	15	0	0	52	0	0	0	0	0	0	0	0	0	0	171	0	0	0	0	0	0	0	0	0	0	15
31	assemblage-377-179	0	0	0	0	0	0	0	0	0	0	0	30	0	0	0	20	0	0	0	0	0	0	0	0	0	0	0	0	0	376	0	0	0	0	56	0	0	0	0	0	0	0	0	0	0	18
31	assemblage-704-150	0	0	0	0	0	0	0	0	0	0	0	27	0	0	0	17	0	1	0	0	0	0	0	0	0	0	0	0	0	403	0	0	0	0	41	0	0	0	0	0	0	0	0	0	0	11

32	assemblage-768-770	0	0	0	0	0	0	0	0	0	0	0	0	0	0	0	247	0	0	0	0	15	0	0	52	0	0	0	0	0	0	0	0	0	0	171	0	0	0	0	0	0	0	0	0	0	15
32	assemblage-377-179	0	0	0	0	0	0	0	0	0	0	0	30	0	0	0	20	0	0	0	0	0	0	0	0	0	0	0	0	0	376	0	0	0	0	56	0	0	0	0	0	0	0	0	0	0	18
32	assemblage-153-925	0	25	0	0	0	0	0	0	0	10	0	0	0	0	0	0	28	0	10	0	0	0	0	0	0	0	0	0	0	0	0	0	0	0	6	0	0	364	0	53	0	0	0	0	0	4

33	assemblage-768-770	0	0	0	0	0	0	0	0	0	0	0	0	0	0	0	247	0	0	0	0	15	0	0	52	0	0	0	0	0	0	0	0	0	0	171	0	0	0	0	0	0	0	0	0	0	15
33	assemblage-394-839	0	0	0	0	0	0	0	0	0	0	0	0	0	0	0	201	0	3	0	0	16	0	0	64	0	0	0	0	0	0	0	0	0	0	198	0	0	0	0	0	0	0	3	0	0	15
33	assemblage-781-185	0	0	4	0	0	0	0	0	0	0	0	0	0	0	0	63	0	170	0	0	0	0	0	0	0	0	0	35	0	0	0	0	0	0	222	0	0	0	0	0	0	0	0	0	0	6

34	assemblage-768-770	0	0	0	0	0	0	0	0	0	0	0	0	0	0	0	247	0	0	0	0	15	0	0	52	0	0	0	0	0	0	0	0	0	0	171	0	0	0	0	0	0	0	0	0	0	15
34	assemblage-394-839	0	0	0	0	0	0	0	0	0	0	0	0	0	0	0	201	0	3	0	0	16	0	0	64	0	0	0	0	0	0	0	0	0	0	198	0	0	0	0	0	0	0	3	0	0	15
34	assemblage-922-171	0	0	0	0	0	0	0	0	0	0	0	0	0	0	0	193	0	18	0	0	0	0	0	0	0	0	0	0	0	0	0	0	0	0	231	0	0	42	0	0	0	0	0	0	0	16

35	assemblage-768-770	0	0	0	0	0	0	0	0	0	0	0	0	0	0	0	247	0	0	0	0	15	0	0	52	0	0	0	0	0	0	0	0	0	0	171	0	0	0	0	0	0	0	0	0	0	15
35	assemblage-394-839	0	0	0	0	0	0	0	0	0	0	0	0	0	0	0	201	0	3	0	0	16	0	0	64	0	0	0	0	0	0	0	0	0	0	198	0	0	0	0	0	0	0	3	0	0	15
35	assemblage-500-912	0	256	0	0	0	0	0	0	0	116	0	0	0	0	0	0	0	0	0	0	0	0	0	0	0	0	90	0	0	0	0	0	0	0	0	0	0	0	0	20	0	0	0	0	0	18

36	assemblage-768-770	0	0	0	0	0	0	0	0	0	0	0	0	0	0	0	247	0	0	0	0	15	0	0	52	0	0	0	0	0	0	0	0	0	0	171	0	0	0	0	0	0	0	0	0	0	15
36	assemblage-394-839	0	0	0	0	0	0	0	0	0	0	0	0	0	0	0	201	0	3	0	0	16	0	0	64	0	0	0	0	0	0	0	0	0	0	198	0	0	0	0	0	0	0	3	0	0	15
36	assemblage-704-150	0	0	0	0	0	0	0	0	0	0	0	27	0	0	0	17	0	1	0	0	0	0	0	0	0	0	0	0	0	403	0	0	0	0	41	0	0	0	0	0	0	0	0	0	0	11

37	assemblage-768-770	0	0	0	0	0	0	0	0	0	0	0	0	0	0	0	247	0	0	0	0	15	0	0	52	0	0	0	0	0	0	0	0	0	0	171	0	0	0	0	0	0	0	0	0	0	15
37	assemblage-394-839	0	0	0	0	0	0	0	0	0	0	0	0	0	0	0	201	0	3	0	0	16	0	0	64	0	0	0	0	0	0	0	0	0	0	198	0	0	0	0	0	0	0	3	0	0	15
37	assemblage-401-853	0	0	0	0	0	0	0	0	0	0	0	0	0	0	0	42	0	0	0	0	13	0	0	0	0	0	0	0	0	0	0	0	0	30	337	0	0	0	0	0	9	0	67	0	0	2

38	assemblage-768-770	0	0	0	0	0	0	0	0	0	0	0	0	0	0	0	247	0	0	0	0	15	0	0	52	0	0	0	0	0	0	0	0	0	0	171	0	0	0	0	0	0	0	0	0	0	15
38	assemblage-394-839	0	0	0	0	0	0	0	0	0	0	0	0	0	0	0	201	0	3	0	0	16	0	0	64	0	0	0	0	0	0	0	0	0	0	198	0	0	0	0	0	0	0	3	0	0	15
38	assemblage-580-539	0	16	0	75	184	0	0	0	0	0	135	0	0	0	0	27	25	0	0	0	0	0	0	0	0	0	0	0	5	0	0	0	0	0	0	0	0	0	0	21	0	0	0	0	0	12

39	assemblage-768-770	0	0	0	0	0	0	0	0	0	0	0	0	0	0	0	247	0	0	0	0	15	0	0	52	0	0	0	0	0	0	0	0	0	0	171	0	0	0	0	0	0	0	0	0	0	15
39	assemblage-394-839	0	0	0	0	0	0	0	0	0	0	0	0	0	0	0	201	0	3	0	0	16	0	0	64	0	0	0	0	0	0	0	0	0	0	198	0	0	0	0	0	0	0	3	0	0	15
39	assemblage-153-925	0	25	0	0	0	0	0	0	0	10	0	0	0	0	0	0	28	0	10	0	0	0	0	0	0	0	0	0	0	0	0	0	0	0	6	0	0	364	0	53	0	0	0	0	0	4

40	assemblage-768-770	0	0	0	0	0	0	0	0	0	0	0	0	0	0	0	247	0	0	0	0	15	0	0	52	0	0	0	0	0	0	0	0	0	0	171	0	0	0	0	0	0	0	0	0	0	15
40	assemblage-394-839	0	0	0	0	0	0	0	0	0	0	0	0	0	0	0	201	0	3	0	0	16	0	0	64	0	0	0	0	0	0	0	0	0	0	198	0	0	0	0	0	0	0	3	0	0	15
40	assemblage-377-179	0	0	0	0	0	0	0	0	0	0	0	30	0	0	0	20	0	0	0	0	0	0	0	0	0	0	0	0	0	376	0	0	0	0	56	0	0	0	0	0	0	0	0	0	0	18

41	assemblage-768-770	0	0	0	0	0	0	0	0	0	0	0	0	0	0	0	247	0	0	0	0	15	0	0	52	0	0	0	0	0	0	0	0	0	0	171	0	0	0	0	0	0	0	0	0	0	15
41	assemblage-394-839	0	0	0	0	0	0	0	0	0	0	0	0	0	0	0	201	0	3	0	0	16	0	0	64	0	0	0	0	0	0	0	0	0	0	198	0	0	0	0	0	0	0	3	0	0	15
41	assemblage-288-419	0	116	0	0	0	0	0	0	0	0	62	0	0	0	0	0	0	284	0	18	0	0	0	0	0	0	0	0	0	0	0	0	0	0	0	0	0	8	0	0	0	0	0	0	0	12

42	assemblage-768-770	0	0	0	0	0	0	0	0	0	0	0	0	0	0	0	247	0	0	0	0	15	0	0	52	0	0	0	0	0	0	0	0	0	0	171	0	0	0	0	0	0	0	0	0	0	15
42	assemblage-394-839	0	0	0	0	0	0	0	0	0	0	0	0	0	0	0	201	0	3	0	0	16	0	0	64	0	0	0	0	0	0	0	0	0	0	198	0	0	0	0	0	0	0	3	0	0	15
42	assemblage-106-503	0	202	0	67	0	0	0	0	0	137	0	0	0	0	0	0	0	0	0	0	0	0	0	0	0	0	0	0	0	0	0	0	0	0	0	0	0	0	0	85	0	0	0	0	0	9

43	assemblage-472-672	0	33	0	0	0	0	0	0	0	0	0	0	0	0	0	0	0	93	0	0	0	0	0	0	0	0	0	0	0	0	0	0	0	0	0	0	0	370	0	0	0	0	0	0	0	4
43	assemblage-580-539	0	16	0	75	184	0	0	0	0	0	135	0	0	0	0	27	25	0	0	0	0	0	0	0	0	0	0	0	5	0	0	0	0	0	0	0	0	0	0	21	0	0	0	0	0	12
43	assemblage-401-853	0	0	0	0	0	0	0	0	0	0	0	0	0	0	0	42	0	0	0	0	13	0	0	0	0	0	0	0	0	0	0	0	0	30	337	0	0	0	0	0	9	0	67	0	0	2

44	assemblage-472-672	0	33	0	0	0	0	0	0	0	0	0	0	0	0	0	0	0	93	0	0	0	0	0	0	0	0	0	0	0	0	0	0	0	0	0	0	0	370	0	0	0	0	0	0	0	4
44	assemblage-153-925	0	25	0	0	0	0	0	0	0	10	0	0	0	0	0	0	28	0	10	0	0	0	0	0	0	0	0	0	0	0	0	0	0	0	6	0	0	364	0	53	0	0	0	0	0	4
44	assemblage-401-853	0	0	0	0	0	0	0	0	0	0	0	0	0	0	0	42	0	0	0	0	13	0	0	0	0	0	0	0	0	0	0	0	0	30	337	0	0	0	0	0	9	0	67	0	0	2

45	assemblage-472-672	0	33	0	0	0	0	0	0	0	0	0	0	0	0	0	0	0	93	0	0	0	0	0	0	0	0	0	0	0	0	0	0	0	0	0	0	0	370	0	0	0	0	0	0	0	4
45	assemblage-153-925	0	25	0	0	0	0	0	0	0	10	0	0	0	0	0	0	28	0	10	0	0	0	0	0	0	0	0	0	0	0	0	0	0	0	6	0	0	364	0	53	0	0	0	0	0	4
45	assemblage-580-539	0	16	0	75	184	0	0	0	0	0	135	0	0	0	0	27	25	0	0	0	0	0	0	0	0	0	0	0	5	0	0	0	0	0	0	0	0	0	0	21	0	0	0	0	0	12

46	assemblage-472-672	0	33	0	0	0	0	0	0	0	0	0	0	0	0	0	0	0	93	0	0	0	0	0	0	0	0	0	0	0	0	0	0	0	0	0	0	0	370	0	0	0	0	0	0	0	4
46	assemblage-377-179	0	0	0	0	0	0	0	0	0	0	0	30	0	0	0	20	0	0	0	0	0	0	0	0	0	0	0	0	0	376	0	0	0	0	56	0	0	0	0	0	0	0	0	0	0	18
46	assemblage-401-853	0	0	0	0	0	0	0	0	0	0	0	0	0	0	0	42	0	0	0	0	13	0	0	0	0	0	0	0	0	0	0	0	0	30	337	0	0	0	0	0	9	0	67	0	0	2

47	assemblage-472-672	0	33	0	0	0	0	0	0	0	0	0	0	0	0	0	0	0	93	0	0	0	0	0	0	0	0	0	0	0	0	0	0	0	0	0	0	0	370	0	0	0	0	0	0	0	4
47	assemblage-288-419	0	116	0	0	0	0	0	0	0	0	62	0	0	0	0	0	0	284	0	18	0	0	0	0	0	0	0	0	0	0	0	0	0	0	0	0	0	8	0	0	0	0	0	0	0	12
47	assemblage-781-185	0	0	4	0	0	0	0	0	0	0	0	0	0	0	0	63	0	170	0	0	0	0	0	0	0	0	0	35	0	0	0	0	0	0	222	0	0	0	0	0	0	0	0	0	0	6

48	assemblage-472-672	0	33	0	0	0	0	0	0	0	0	0	0	0	0	0	0	0	93	0	0	0	0	0	0	0	0	0	0	0	0	0	0	0	0	0	0	0	370	0	0	0	0	0	0	0	4
48	assemblage-288-419	0	116	0	0	0	0	0	0	0	0	62	0	0	0	0	0	0	284	0	18	0	0	0	0	0	0	0	0	0	0	0	0	0	0	0	0	0	8	0	0	0	0	0	0	0	12
48	assemblage-704-150	0	0	0	0	0	0	0	0	0	0	0	27	0	0	0	17	0	1	0	0	0	0	0	0	0	0	0	0	0	403	0	0	0	0	41	0	0	0	0	0	0	0	0	0	0	11

49	assemblage-472-672	0	33	0	0	0	0	0	0	0	0	0	0	0	0	0	0	0	93	0	0	0	0	0	0	0	0	0	0	0	0	0	0	0	0	0	0	0	370	0	0	0	0	0	0	0	4
49	assemblage-288-419	0	116	0	0	0	0	0	0	0	0	62	0	0	0	0	0	0	284	0	18	0	0	0	0	0	0	0	0	0	0	0	0	0	0	0	0	0	8	0	0	0	0	0	0	0	12
49	assemblage-401-853	0	0	0	0	0	0	0	0	0	0	0	0	0	0	0	42	0	0	0	0	13	0	0	0	0	0	0	0	0	0	0	0	0	30	337	0	0	0	0	0	9	0	67	0	0	2

50	assemblage-472-672	0	33	0	0	0	0	0	0	0	0	0	0	0	0	0	0	0	93	0	0	0	0	0	0	0	0	0	0	0	0	0	0	0	0	0	0	0	370	0	0	0	0	0	0	0	4
50	assemblage-288-419	0	116	0	0	0	0	0	0	0	0	62	0	0	0	0	0	0	284	0	18	0	0	0	0	0	0	0	0	0	0	0	0	0	0	0	0	0	8	0	0	0	0	0	0	0	12
50	assemblage-580-539	0	16	0	75	184	0	0	0	0	0	135	0	0	0	0	27	25	0	0	0	0	0	0	0	0	0	0	0	5	0	0	0	0	0	0	0	0	0	0	21	0	0	0	0	0	12

51	assemblage-472-672	0	33	0	0	0	0	0	0	0	0	0	0	0	0	0	0	0	93	0	0	0	0	0	0	0	0	0	0	0	0	0	0	0	0	0	0	0	370	0	0	0	0	0	0	0	4
51	assemblage-106-503	0	202	0	67	0	0	0	0	0	137	0	0	0	0	0	0	0	0	0	0	0	0	0	0	0	0	0	0	0	0	0	0	0	0	0	0	0	0	0	85	0	0	0	0	0	9
51	assemblage-401-853	0	0	0	0	0	0	0	0	0	0	0	0	0	0	0	42	0	0	0	0	13	0	0	0	0	0	0	0	0	0	0	0	0	30	337	0	0	0	0	0	9	0	67	0	0	2

52	assemblage-472-672	0	33	0	0	0	0	0	0	0	0	0	0	0	0	0	0	0	93	0	0	0	0	0	0	0	0	0	0	0	0	0	0	0	0	0	0	0	370	0	0	0	0	0	0	0	4
52	assemblage-394-839	0	0	0	0	0	0	0	0	0	0	0	0	0	0	0	201	0	3	0	0	16	0	0	64	0	0	0	0	0	0	0	0	0	0	198	0	0	0	0	0	0	0	3	0	0	15
52	assemblage-704-150	0	0	0	0	0	0	0	0	0	0	0	27	0	0	0	17	0	1	0	0	0	0	0	0	0	0	0	0	0	403	0	0	0	0	41	0	0	0	0	0	0	0	0	0	0	11

53	assemblage-472-672	0	33	0	0	0	0	0	0	0	0	0	0	0	0	0	0	0	93	0	0	0	0	0	0	0	0	0	0	0	0	0	0	0	0	0	0	0	370	0	0	0	0	0	0	0	4
53	assemblage-394-839	0	0	0	0	0	0	0	0	0	0	0	0	0	0	0	201	0	3	0	0	16	0	0	64	0	0	0	0	0	0	0	0	0	0	198	0	0	0	0	0	0	0	3	0	0	15
53	assemblage-401-853	0	0	0	0	0	0	0	0	0	0	0	0	0	0	0	42	0	0	0	0	13	0	0	0	0	0	0	0	0	0	0	0	0	30	337	0	0	0	0	0	9	0	67	0	0	2

54	assemblage-472-672	0	33	0	0	0	0	0	0	0	0	0	0	0	0	0	0	0	93	0	0	0	0	0	0	0	0	0	0	0	0	0	0	0	0	0	0	0	370	0	0	0	0	0	0	0	4
54	assemblage-768-770	0	0	0	0	0	0	0	0	0	0	0	0	0	0	0	247	0	0	0	0	15	0	0	52	0	0	0	0	0	0	0	0	0	0	171	0	0	0	0	0	0	0	0	0	0	15
54	assemblage-401-853	0	0	0	0	0	0	0	0	0	0	0	0	0	0	0	42	0	0	0	0	13	0	0	0	0	0	0	0	0	0	0	0	0	30	337	0	0	0	0	0	9	0	67	0	0	2

55	assemblage-329-265	0	91	0	23	0	0	0	0	0	43	0	0	0	0	0	0	55	0	0	0	0	0	0	0	0	0	0	0	0	0	0	0	0	0	0	0	0	29	0	231	0	0	0	0	17	11
55	assemblage-922-171	0	0	0	0	0	0	0	0	0	0	0	0	0	0	0	193	0	18	0	0	0	0	0	0	0	0	0	0	0	0	0	0	0	0	231	0	0	42	0	0	0	0	0	0	0	16
55	assemblage-781-185	0	0	4	0	0	0	0	0	0	0	0	0	0	0	0	63	0	170	0	0	0	0	0	0	0	0	0	35	0	0	0	0	0	0	222	0	0	0	0	0	0	0	0	0	0	6

56	assemblage-329-265	0	91	0	23	0	0	0	0	0	43	0	0	0	0	0	0	55	0	0	0	0	0	0	0	0	0	0	0	0	0	0	0	0	0	0	0	0	29	0	231	0	0	0	0	17	11
56	assemblage-500-912	0	256	0	0	0	0	0	0	0	116	0	0	0	0	0	0	0	0	0	0	0	0	0	0	0	0	90	0	0	0	0	0	0	0	0	0	0	0	0	20	0	0	0	0	0	18
56	assemblage-781-185	0	0	4	0	0	0	0	0	0	0	0	0	0	0	0	63	0	170	0	0	0	0	0	0	0	0	0	35	0	0	0	0	0	0	222	0	0	0	0	0	0	0	0	0	0	6

57	assemblage-329-265	0	91	0	23	0	0	0	0	0	43	0	0	0	0	0	0	55	0	0	0	0	0	0	0	0	0	0	0	0	0	0	0	0	0	0	0	0	29	0	231	0	0	0	0	17	11
57	assemblage-704-150	0	0	0	0	0	0	0	0	0	0	0	27	0	0	0	17	0	1	0	0	0	0	0	0	0	0	0	0	0	403	0	0	0	0	41	0	0	0	0	0	0	0	0	0	0	11
57	assemblage-781-185	0	0	4	0	0	0	0	0	0	0	0	0	0	0	0	63	0	170	0	0	0	0	0	0	0	0	0	35	0	0	0	0	0	0	222	0	0	0	0	0	0	0	0	0	0	6

58	assemblage-329-265	0	91	0	23	0	0	0	0	0	43	0	0	0	0	0	0	55	0	0	0	0	0	0	0	0	0	0	0	0	0	0	0	0	0	0	0	0	29	0	231	0	0	0	0	17	11
58	assemblage-580-539	0	16	0	75	184	0	0	0	0	0	135	0	0	0	0	27	25	0	0	0	0	0	0	0	0	0	0	0	5	0	0	0	0	0	0	0	0	0	0	21	0	0	0	0	0	12
58	assemblage-781-185	0	0	4	0	0	0	0	0	0	0	0	0	0	0	0	63	0	170	0	0	0	0	0	0	0	0	0	35	0	0	0	0	0	0	222	0	0	0	0	0	0	0	0	0	0	6

59	assemblage-329-265	0	91	0	23	0	0	0	0	0	43	0	0	0	0	0	0	55	0	0	0	0	0	0	0	0	0	0	0	0	0	0	0	0	0	0	0	0	29	0	231	0	0	0	0	17	11
59	assemblage-580-539	0	16	0	75	184	0	0	0	0	0	135	0	0	0	0	27	25	0	0	0	0	0	0	0	0	0	0	0	5	0	0	0	0	0	0	0	0	0	0	21	0	0	0	0	0	12
59	assemblage-704-150	0	0	0	0	0	0	0	0	0	0	0	27	0	0	0	17	0	1	0	0	0	0	0	0	0	0	0	0	0	403	0	0	0	0	41	0	0	0	0	0	0	0	0	0	0	11

60	assemblage-329-265	0	91	0	23	0	0	0	0	0	43	0	0	0	0	0	0	55	0	0	0	0	0	0	0	0	0	0	0	0	0	0	0	0	0	0	0	0	29	0	231	0	0	0	0	17	11
60	assemblage-580-539	0	16	0	75	184	0	0	0	0	0	135	0	0	0	0	27	25	0	0	0	0	0	0	0	0	0	0	0	5	0	0	0	0	0	0	0	0	0	0	21	0	0	0	0	0	12
60	assemblage-401-853	0	0	0	0	0	0	0	0	0	0	0	0	0	0	0	42	0	0	0	0	13	0	0	0	0	0	0	0	0	0	0	0	0	30	337	0	0	0	0	0	9	0	67	0	0	2

61	assemblage-329-265	0	91	0	23	0	0	0	0	0	43	0	0	0	0	0	0	55	0	0	0	0	0	0	0	0	0	0	0	0	0	0	0	0	0	0	0	0	29	0	231	0	0	0	0	17	11
61	assemblage-153-925	0	25	0	0	0	0	0	0	0	10	0	0	0	0	0	0	28	0	10	0	0	0	0	0	0	0	0	0	0	0	0	0	0	0	6	0	0	364	0	53	0	0	0	0	0	4
61	assemblage-401-853	0	0	0	0	0	0	0	0	0	0	0	0	0	0	0	42	0	0	0	0	13	0	0	0	0	0	0	0	0	0	0	0	0	30	337	0	0	0	0	0	9	0	67	0	0	2

62	assemblage-329-265	0	91	0	23	0	0	0	0	0	43	0	0	0	0	0	0	55	0	0	0	0	0	0	0	0	0	0	0	0	0	0	0	0	0	0	0	0	29	0	231	0	0	0	0	17	11
62	assemblage-377-179	0	0	0	0	0	0	0	0	0	0	0	30	0	0	0	20	0	0	0	0	0	0	0	0	0	0	0	0	0	376	0	0	0	0	56	0	0	0	0	0	0	0	0	0	0	18
62	assemblage-781-185	0	0	4	0	0	0	0	0	0	0	0	0	0	0	0	63	0	170	0	0	0	0	0	0	0	0	0	35	0	0	0	0	0	0	222	0	0	0	0	0	0	0	0	0	0	6

63	assemblage-329-265	0	91	0	23	0	0	0	0	0	43	0	0	0	0	0	0	55	0	0	0	0	0	0	0	0	0	0	0	0	0	0	0	0	0	0	0	0	29	0	231	0	0	0	0	17	11
63	assemblage-377-179	0	0	0	0	0	0	0	0	0	0	0	30	0	0	0	20	0	0	0	0	0	0	0	0	0	0	0	0	0	376	0	0	0	0	56	0	0	0	0	0	0	0	0	0	0	18
63	assemblage-704-150	0	0	0	0	0	0	0	0	0	0	0	27	0	0	0	17	0	1	0	0	0	0	0	0	0	0	0	0	0	403	0	0	0	0	41	0	0	0	0	0	0	0	0	0	0	11

64	assemblage-329-265	0	91	0	23	0	0	0	0	0	43	0	0	0	0	0	0	55	0	0	0	0	0	0	0	0	0	0	0	0	0	0	0	0	0	0	0	0	29	0	231	0	0	0	0	17	11
64	assemblage-377-179	0	0	0	0	0	0	0	0	0	0	0	30	0	0	0	20	0	0	0	0	0	0	0	0	0	0	0	0	0	376	0	0	0	0	56	0	0	0	0	0	0	0	0	0	0	18
64	assemblage-401-853	0	0	0	0	0	0	0	0	0	0	0	0	0	0	0	42	0	0	0	0	13	0	0	0	0	0	0	0	0	0	0	0	0	30	337	0	0	0	0	0	9	0	67	0	0	2

65	assemblage-329-265	0	91	0	23	0	0	0	0	0	43	0	0	0	0	0	0	55	0	0	0	0	0	0	0	0	0	0	0	0	0	0	0	0	0	0	0	0	29	0	231	0	0	0	0	17	11
65	assemblage-288-419	0	116	0	0	0	0	0	0	0	0	62	0	0	0	0	0	0	284	0	18	0	0	0	0	0	0	0	0	0	0	0	0	0	0	0	0	0	8	0	0	0	0	0	0	0	12
65	assemblage-781-185	0	0	4	0	0	0	0	0	0	0	0	0	0	0	0	63	0	170	0	0	0	0	0	0	0	0	0	35	0	0	0	0	0	0	222	0	0	0	0	0	0	0	0	0	0	6

66	assemblage-329-265	0	91	0	23	0	0	0	0	0	43	0	0	0	0	0	0	55	0	0	0	0	0	0	0	0	0	0	0	0	0	0	0	0	0	0	0	0	29	0	231	0	0	0	0	17	11
66	assemblage-288-419	0	116	0	0	0	0	0	0	0	0	62	0	0	0	0	0	0	284	0	18	0	0	0	0	0	0	0	0	0	0	0	0	0	0	0	0	0	8	0	0	0	0	0	0	0	12
66	assemblage-704-150	0	0	0	0	0	0	0	0	0	0	0	27	0	0	0	17	0	1	0	0	0	0	0	0	0	0	0	0	0	403	0	0	0	0	41	0	0	0	0	0	0	0	0	0	0	11

67	assemblage-329-265	0	91	0	23	0	0	0	0	0	43	0	0	0	0	0	0	55	0	0	0	0	0	0	0	0	0	0	0	0	0	0	0	0	0	0	0	0	29	0	231	0	0	0	0	17	11
67	assemblage-288-419	0	116	0	0	0	0	0	0	0	0	62	0	0	0	0	0	0	284	0	18	0	0	0	0	0	0	0	0	0	0	0	0	0	0	0	0	0	8	0	0	0	0	0	0	0	12
67	assemblage-401-853	0	0	0	0	0	0	0	0	0	0	0	0	0	0	0	42	0	0	0	0	13	0	0	0	0	0	0	0	0	0	0	0	0	30	337	0	0	0	0	0	9	0	67	0	0	2

68	assemblage-329-265	0	91	0	23	0	0	0	0	0	43	0	0	0	0	0	0	55	0	0	0	0	0	0	0	0	0	0	0	0	0	0	0	0	0	0	0	0	29	0	231	0	0	0	0	17	11
68	assemblage-106-503	0	202	0	67	0	0	0	0	0	137	0	0	0	0	0	0	0	0	0	0	0	0	0	0	0	0	0	0	0	0	0	0	0	0	0	0	0	0	0	85	0	0	0	0	0	9
68	assemblage-781-185	0	0	4	0	0	0	0	0	0	0	0	0	0	0	0	63	0	170	0	0	0	0	0	0	0	0	0	35	0	0	0	0	0	0	222	0	0	0	0	0	0	0	0	0	0	6

69	assemblage-329-265	0	91	0	23	0	0	0	0	0	43	0	0	0	0	0	0	55	0	0	0	0	0	0	0	0	0	0	0	0	0	0	0	0	0	0	0	0	29	0	231	0	0	0	0	17	11
69	assemblage-106-503	0	202	0	67	0	0	0	0	0	137	0	0	0	0	0	0	0	0	0	0	0	0	0	0	0	0	0	0	0	0	0	0	0	0	0	0	0	0	0	85	0	0	0	0	0	9
69	assemblage-401-853	0	0	0	0	0	0	0	0	0	0	0	0	0	0	0	42	0	0	0	0	13	0	0	0	0	0	0	0	0	0	0	0	0	30	337	0	0	0	0	0	9	0	67	0	0	2

70	assemblage-329-265	0	91	0	23	0	0	0	0	0	43	0	0	0	0	0	0	55	0	0	0	0	0	0	0	0	0	0	0	0	0	0	0	0	0	0	0	0	29	0	231	0	0	0	0	17	11
70	assemblage-394-839	0	0	0	0	0	0	0	0	0	0	0	0	0	0	0	201	0	3	0	0	16	0	0	64	0	0	0	0	0	0	0	0	0	0	198	0	0	0	0	0	0	0	3	0	0	15
70	assemblage-781-185	0	0	4	0	0	0	0	0	0	0	0	0	0	0	0	63	0	170	0	0	0	0	0	0	0	0	0	35	0	0	0	0	0	0	222	0	0	0	0	0	0	0	0	0	0	6

71	assemblage-329-265	0	91	0	23	0	0	0	0	0	43	0	0	0	0	0	0	55	0	0	0	0	0	0	0	0	0	0	0	0	0	0	0	0	0	0	0	0	29	0	231	0	0	0	0	17	11
71	assemblage-394-839	0	0	0	0	0	0	0	0	0	0	0	0	0	0	0	201	0	3	0	0	16	0	0	64	0	0	0	0	0	0	0	0	0	0	198	0	0	0	0	0	0	0	3	0	0	15
71	assemblage-704-150	0	0	0	0	0	0	0	0	0	0	0	27	0	0	0	17	0	1	0	0	0	0	0	0	0	0	0	0	0	403	0	0	0	0	41	0	0	0	0	0	0	0	0	0	0	11

72	assemblage-329-265	0	91	0	23	0	0	0	0	0	43	0	0	0	0	0	0	55	0	0	0	0	0	0	0	0	0	0	0	0	0	0	0	0	0	0	0	0	29	0	231	0	0	0	0	17	11
72	assemblage-394-839	0	0	0	0	0	0	0	0	0	0	0	0	0	0	0	201	0	3	0	0	16	0	0	64	0	0	0	0	0	0	0	0	0	0	198	0	0	0	0	0	0	0	3	0	0	15
72	assemblage-401-853	0	0	0	0	0	0	0	0	0	0	0	0	0	0	0	42	0	0	0	0	13	0	0	0	0	0	0	0	0	0	0	0	0	30	337	0	0	0	0	0	9	0	67	0	0	2

73	assemblage-329-265	0	91	0	23	0	0	0	0	0	43	0	0	0	0	0	0	55	0	0	0	0	0	0	0	0	0	0	0	0	0	0	0	0	0	0	0	0	29	0	231	0	0	0	0	17	11
73	assemblage-768-770	0	0	0	0	0	0	0	0	0	0	0	0	0	0	0	247	0	0	0	0	15	0	0	52	0	0	0	0	0	0	0	0	0	0	171	0	0	0	0	0	0	0	0	0	0	15
73	assemblage-781-185	0	0	4	0	0	0	0	0	0	0	0	0	0	0	0	63	0	170	0	0	0	0	0	0	0	0	0	35	0	0	0	0	0	0	222	0	0	0	0	0	0	0	0	0	0	6

74	assemblage-329-265	0	91	0	23	0	0	0	0	0	43	0	0	0	0	0	0	55	0	0	0	0	0	0	0	0	0	0	0	0	0	0	0	0	0	0	0	0	29	0	231	0	0	0	0	17	11
74	assemblage-768-770	0	0	0	0	0	0	0	0	0	0	0	0	0	0	0	247	0	0	0	0	15	0	0	52	0	0	0	0	0	0	0	0	0	0	171	0	0	0	0	0	0	0	0	0	0	15
74	assemblage-704-150	0	0	0	0	0	0	0	0	0	0	0	27	0	0	0	17	0	1	0	0	0	0	0	0	0	0	0	0	0	403	0	0	0	0	41	0	0	0	0	0	0	0	0	0	0	11

75	assemblage-329-265	0	91	0	23	0	0	0	0	0	43	0	0	0	0	0	0	55	0	0	0	0	0	0	0	0	0	0	0	0	0	0	0	0	0	0	0	0	29	0	231	0	0	0	0	17	11
75	assemblage-768-770	0	0	0	0	0	0	0	0	0	0	0	0	0	0	0	247	0	0	0	0	15	0	0	52	0	0	0	0	0	0	0	0	0	0	171	0	0	0	0	0	0	0	0	0	0	15
75	assemblage-401-853	0	0	0	0	0	0	0	0	0	0	0	0	0	0	0	42	0	0	0	0	13	0	0	0	0	0	0	0	0	0	0	0	0	30	337	0	0	0	0	0	9	0	67	0	0	2

76	assemblage-329-265	0	91	0	23	0	0	0	0	0	43	0	0	0	0	0	0	55	0	0	0	0	0	0	0	0	0	0	0	0	0	0	0	0	0	0	0	0	29	0	231	0	0	0	0	17	11
76	assemblage-768-770	0	0	0	0	0	0	0	0	0	0	0	0	0	0	0	247	0	0	0	0	15	0	0	52	0	0	0	0	0	0	0	0	0	0	171	0	0	0	0	0	0	0	0	0	0	15
76	assemblage-394-839	0	0	0	0	0	0	0	0	0	0	0	0	0	0	0	201	0	3	0	0	16	0	0	64	0	0	0	0	0	0	0	0	0	0	198	0	0	0	0	0	0	0	3	0	0	15

77	assemblage-329-265	0	91	0	23	0	0	0	0	0	43	0	0	0	0	0	0	55	0	0	0	0	0	0	0	0	0	0	0	0	0	0	0	0	0	0	0	0	29	0	231	0	0	0	0	17	11
77	assemblage-472-672	0	33	0	0	0	0	0	0	0	0	0	0	0	0	0	0	0	93	0	0	0	0	0	0	0	0	0	0	0	0	0	0	0	0	0	0	0	370	0	0	0	0	0	0	0	4
77	assemblage-401-853	0	0	0	0	0	0	0	0	0	0	0	0	0	0	0	42	0	0	0	0	13	0	0	0	0	0	0	0	0	0	0	0	0	30	337	0	0	0	0	0	9	0	67	0	0	2

78	assemblage-224-589	0	24	0	75	196	0	0	0	6	4	133	0	0	0	0	15	14	0	0	0	0	0	0	0	0	0	0	0	4	0	0	0	0	0	0	0	0	0	0	23	0	0	0	0	0	6
78	assemblage-922-171	0	0	0	0	0	0	0	0	0	0	0	0	0	0	0	193	0	18	0	0	0	0	0	0	0	0	0	0	0	0	0	0	0	0	231	0	0	42	0	0	0	0	0	0	0	16
78	assemblage-781-185	0	0	4	0	0	0	0	0	0	0	0	0	0	0	0	63	0	170	0	0	0	0	0	0	0	0	0	35	0	0	0	0	0	0	222	0	0	0	0	0	0	0	0	0	0	6

79	assemblage-224-589	0	24	0	75	196	0	0	0	6	4	133	0	0	0	0	15	14	0	0	0	0	0	0	0	0	0	0	0	4	0	0	0	0	0	0	0	0	0	0	23	0	0	0	0	0	6
79	assemblage-704-150	0	0	0	0	0	0	0	0	0	0	0	27	0	0	0	17	0	1	0	0	0	0	0	0	0	0	0	0	0	403	0	0	0	0	41	0	0	0	0	0	0	0	0	0	0	11
79	assemblage-781-185	0	0	4	0	0	0	0	0	0	0	0	0	0	0	0	63	0	170	0	0	0	0	0	0	0	0	0	35	0	0	0	0	0	0	222	0	0	0	0	0	0	0	0	0	0	6

80	assemblage-224-589	0	24	0	75	196	0	0	0	6	4	133	0	0	0	0	15	14	0	0	0	0	0	0	0	0	0	0	0	4	0	0	0	0	0	0	0	0	0	0	23	0	0	0	0	0	6
80	assemblage-580-539	0	16	0	75	184	0	0	0	0	0	135	0	0	0	0	27	25	0	0	0	0	0	0	0	0	0	0	0	5	0	0	0	0	0	0	0	0	0	0	21	0	0	0	0	0	12
80	assemblage-781-185	0	0	4	0	0	0	0	0	0	0	0	0	0	0	0	63	0	170	0	0	0	0	0	0	0	0	0	35	0	0	0	0	0	0	222	0	0	0	0	0	0	0	0	0	0	6

81	assemblage-224-589	0	24	0	75	196	0	0	0	6	4	133	0	0	0	0	15	14	0	0	0	0	0	0	0	0	0	0	0	4	0	0	0	0	0	0	0	0	0	0	23	0	0	0	0	0	6
81	assemblage-580-539	0	16	0	75	184	0	0	0	0	0	135	0	0	0	0	27	25	0	0	0	0	0	0	0	0	0	0	0	5	0	0	0	0	0	0	0	0	0	0	21	0	0	0	0	0	12
81	assemblage-704-150	0	0	0	0	0	0	0	0	0	0	0	27	0	0	0	17	0	1	0	0	0	0	0	0	0	0	0	0	0	403	0	0	0	0	41	0	0	0	0	0	0	0	0	0	0	11

82	assemblage-224-589	0	24	0	75	196	0	0	0	6	4	133	0	0	0	0	15	14	0	0	0	0	0	0	0	0	0	0	0	4	0	0	0	0	0	0	0	0	0	0	23	0	0	0	0	0	6
82	assemblage-580-539	0	16	0	75	184	0	0	0	0	0	135	0	0	0	0	27	25	0	0	0	0	0	0	0	0	0	0	0	5	0	0	0	0	0	0	0	0	0	0	21	0	0	0	0	0	12
82	assemblage-401-853	0	0	0	0	0	0	0	0	0	0	0	0	0	0	0	42	0	0	0	0	13	0	0	0	0	0	0	0	0	0	0	0	0	30	337	0	0	0	0	0	9	0	67	0	0	2

83	assemblage-224-589	0	24	0	75	196	0	0	0	6	4	133	0	0	0	0	15	14	0	0	0	0	0	0	0	0	0	0	0	4	0	0	0	0	0	0	0	0	0	0	23	0	0	0	0	0	6
83	assemblage-377-179	0	0	0	0	0	0	0	0	0	0	0	30	0	0	0	20	0	0	0	0	0	0	0	0	0	0	0	0	0	376	0	0	0	0	56	0	0	0	0	0	0	0	0	0	0	18
83	assemblage-781-185	0	0	4	0	0	0	0	0	0	0	0	0	0	0	0	63	0	170	0	0	0	0	0	0	0	0	0	35	0	0	0	0	0	0	222	0	0	0	0	0	0	0	0	0	0	6

84	assemblage-224-589	0	24	0	75	196	0	0	0	6	4	133	0	0	0	0	15	14	0	0	0	0	0	0	0	0	0	0	0	4	0	0	0	0	0	0	0	0	0	0	23	0	0	0	0	0	6
84	assemblage-377-179	0	0	0	0	0	0	0	0	0	0	0	30	0	0	0	20	0	0	0	0	0	0	0	0	0	0	0	0	0	376	0	0	0	0	56	0	0	0	0	0	0	0	0	0	0	18
84	assemblage-922-171	0	0	0	0	0	0	0	0	0	0	0	0	0	0	0	193	0	18	0	0	0	0	0	0	0	0	0	0	0	0	0	0	0	0	231	0	0	42	0	0	0	0	0	0	0	16

85	assemblage-224-589	0	24	0	75	196	0	0	0	6	4	133	0	0	0	0	15	14	0	0	0	0	0	0	0	0	0	0	0	4	0	0	0	0	0	0	0	0	0	0	23	0	0	0	0	0	6
85	assemblage-377-179	0	0	0	0	0	0	0	0	0	0	0	30	0	0	0	20	0	0	0	0	0	0	0	0	0	0	0	0	0	376	0	0	0	0	56	0	0	0	0	0	0	0	0	0	0	18
85	assemblage-704-150	0	0	0	0	0	0	0	0	0	0	0	27	0	0	0	17	0	1	0	0	0	0	0	0	0	0	0	0	0	403	0	0	0	0	41	0	0	0	0	0	0	0	0	0	0	11

86	assemblage-224-589	0	24	0	75	196	0	0	0	6	4	133	0	0	0	0	15	14	0	0	0	0	0	0	0	0	0	0	0	4	0	0	0	0	0	0	0	0	0	0	23	0	0	0	0	0	6
86	assemblage-377-179	0	0	0	0	0	0	0	0	0	0	0	30	0	0	0	20	0	0	0	0	0	0	0	0	0	0	0	0	0	376	0	0	0	0	56	0	0	0	0	0	0	0	0	0	0	18
86	assemblage-401-853	0	0	0	0	0	0	0	0	0	0	0	0	0	0	0	42	0	0	0	0	13	0	0	0	0	0	0	0	0	0	0	0	0	30	337	0	0	0	0	0	9	0	67	0	0	2

87	assemblage-224-589	0	24	0	75	196	0	0	0	6	4	133	0	0	0	0	15	14	0	0	0	0	0	0	0	0	0	0	0	4	0	0	0	0	0	0	0	0	0	0	23	0	0	0	0	0	6
87	assemblage-394-839	0	0	0	0	0	0	0	0	0	0	0	0	0	0	0	201	0	3	0	0	16	0	0	64	0	0	0	0	0	0	0	0	0	0	198	0	0	0	0	0	0	0	3	0	0	15
87	assemblage-781-185	0	0	4	0	0	0	0	0	0	0	0	0	0	0	0	63	0	170	0	0	0	0	0	0	0	0	0	35	0	0	0	0	0	0	222	0	0	0	0	0	0	0	0	0	0	6

88	assemblage-224-589	0	24	0	75	196	0	0	0	6	4	133	0	0	0	0	15	14	0	0	0	0	0	0	0	0	0	0	0	4	0	0	0	0	0	0	0	0	0	0	23	0	0	0	0	0	6
88	assemblage-394-839	0	0	0	0	0	0	0	0	0	0	0	0	0	0	0	201	0	3	0	0	16	0	0	64	0	0	0	0	0	0	0	0	0	0	198	0	0	0	0	0	0	0	3	0	0	15
88	assemblage-922-171	0	0	0	0	0	0	0	0	0	0	0	0	0	0	0	193	0	18	0	0	0	0	0	0	0	0	0	0	0	0	0	0	0	0	231	0	0	42	0	0	0	0	0	0	0	16

89	assemblage-224-589	0	24	0	75	196	0	0	0	6	4	133	0	0	0	0	15	14	0	0	0	0	0	0	0	0	0	0	0	4	0	0	0	0	0	0	0	0	0	0	23	0	0	0	0	0	6
89	assemblage-394-839	0	0	0	0	0	0	0	0	0	0	0	0	0	0	0	201	0	3	0	0	16	0	0	64	0	0	0	0	0	0	0	0	0	0	198	0	0	0	0	0	0	0	3	0	0	15
89	assemblage-704-150	0	0	0	0	0	0	0	0	0	0	0	27	0	0	0	17	0	1	0	0	0	0	0	0	0	0	0	0	0	403	0	0	0	0	41	0	0	0	0	0	0	0	0	0	0	11

90	assemblage-224-589	0	24	0	75	196	0	0	0	6	4	133	0	0	0	0	15	14	0	0	0	0	0	0	0	0	0	0	0	4	0	0	0	0	0	0	0	0	0	0	23	0	0	0	0	0	6
90	assemblage-394-839	0	0	0	0	0	0	0	0	0	0	0	0	0	0	0	201	0	3	0	0	16	0	0	64	0	0	0	0	0	0	0	0	0	0	198	0	0	0	0	0	0	0	3	0	0	15
90	assemblage-401-853	0	0	0	0	0	0	0	0	0	0	0	0	0	0	0	42	0	0	0	0	13	0	0	0	0	0	0	0	0	0	0	0	0	30	337	0	0	0	0	0	9	0	67	0	0	2

91	assemblage-224-589	0	24	0	75	196	0	0	0	6	4	133	0	0	0	0	15	14	0	0	0	0	0	0	0	0	0	0	0	4	0	0	0	0	0	0	0	0	0	0	23	0	0	0	0	0	6
91	assemblage-768-770	0	0	0	0	0	0	0	0	0	0	0	0	0	0	0	247	0	0	0	0	15	0	0	52	0	0	0	0	0	0	0	0	0	0	171	0	0	0	0	0	0	0	0	0	0	15
91	assemblage-781-185	0	0	4	0	0	0	0	0	0	0	0	0	0	0	0	63	0	170	0	0	0	0	0	0	0	0	0	35	0	0	0	0	0	0	222	0	0	0	0	0	0	0	0	0	0	6

92	assemblage-224-589	0	24	0	75	196	0	0	0	6	4	133	0	0	0	0	15	14	0	0	0	0	0	0	0	0	0	0	0	4	0	0	0	0	0	0	0	0	0	0	23	0	0	0	0	0	6
92	assemblage-768-770	0	0	0	0	0	0	0	0	0	0	0	0	0	0	0	247	0	0	0	0	15	0	0	52	0	0	0	0	0	0	0	0	0	0	171	0	0	0	0	0	0	0	0	0	0	15
92	assemblage-922-171	0	0	0	0	0	0	0	0	0	0	0	0	0	0	0	193	0	18	0	0	0	0	0	0	0	0	0	0	0	0	0	0	0	0	231	0	0	42	0	0	0	0	0	0	0	16

93	assemblage-224-589	0	24	0	75	196	0	0	0	6	4	133	0	0	0	0	15	14	0	0	0	0	0	0	0	0	0	0	0	4	0	0	0	0	0	0	0	0	0	0	23	0	0	0	0	0	6
93	assemblage-768-770	0	0	0	0	0	0	0	0	0	0	0	0	0	0	0	247	0	0	0	0	15	0	0	52	0	0	0	0	0	0	0	0	0	0	171	0	0	0	0	0	0	0	0	0	0	15
93	assemblage-704-150	0	0	0	0	0	0	0	0	0	0	0	27	0	0	0	17	0	1	0	0	0	0	0	0	0	0	0	0	0	403	0	0	0	0	41	0	0	0	0	0	0	0	0	0	0	11

94	assemblage-224-589	0	24	0	75	196	0	0	0	6	4	133	0	0	0	0	15	14	0	0	0	0	0	0	0	0	0	0	0	4	0	0	0	0	0	0	0	0	0	0	23	0	0	0	0	0	6
94	assemblage-768-770	0	0	0	0	0	0	0	0	0	0	0	0	0	0	0	247	0	0	0	0	15	0	0	52	0	0	0	0	0	0	0	0	0	0	171	0	0	0	0	0	0	0	0	0	0	15
94	assemblage-401-853	0	0	0	0	0	0	0	0	0	0	0	0	0	0	0	42	0	0	0	0	13	0	0	0	0	0	0	0	0	0	0	0	0	30	337	0	0	0	0	0	9	0	67	0	0	2

95	assemblage-224-589	0	24	0	75	196	0	0	0	6	4	133	0	0	0	0	15	14	0	0	0	0	0	0	0	0	0	0	0	4	0	0	0	0	0	0	0	0	0	0	23	0	0	0	0	0	6
95	assemblage-768-770	0	0	0	0	0	0	0	0	0	0	0	0	0	0	0	247	0	0	0	0	15	0	0	52	0	0	0	0	0	0	0	0	0	0	171	0	0	0	0	0	0	0	0	0	0	15
95	assemblage-394-839	0	0	0	0	0	0	0	0	0	0	0	0	0	0	0	201	0	3	0	0	16	0	0	64	0	0	0	0	0	0	0	0	0	0	198	0	0	0	0	0	0	0	3	0	0	15

96	assemblage-224-589	0	24	0	75	196	0	0	0	6	4	133	0	0	0	0	15	14	0	0	0	0	0	0	0	0	0	0	0	4	0	0	0	0	0	0	0	0	0	0	23	0	0	0	0	0	6
96	assemblage-329-265	0	91	0	23	0	0	0	0	0	43	0	0	0	0	0	0	55	0	0	0	0	0	0	0	0	0	0	0	0	0	0	0	0	0	0	0	0	29	0	231	0	0	0	0	17	11
96	assemblage-153-925	0	25	0	0	0	0	0	0	0	10	0	0	0	0	0	0	28	0	10	0	0	0	0	0	0	0	0	0	0	0	0	0	0	0	6	0	0	364	0	53	0	0	0	0	0	4

97	assemblage-224-589	0	24	0	75	196	0	0	0	6	4	133	0	0	0	0	15	14	0	0	0	0	0	0	0	0	0	0	0	4	0	0	0	0	0	0	0	0	0	0	23	0	0	0	0	0	6
97	assemblage-329-265	0	91	0	23	0	0	0	0	0	43	0	0	0	0	0	0	55	0	0	0	0	0	0	0	0	0	0	0	0	0	0	0	0	0	0	0	0	29	0	231	0	0	0	0	17	11
97	assemblage-472-672	0	33	0	0	0	0	0	0	0	0	0	0	0	0	0	0	0	93	0	0	0	0	0	0	0	0	0	0	0	0	0	0	0	0	0	0	0	370	0	0	0	0	0	0	0	4

98	assemblage-776-766	0	0	0	0	0	0	0	0	0	0	0	0	0	0	0	48	0	0	0	0	9	0	0	0	0	0	0	0	0	0	0	0	0	43	300	0	0	0	0	0	2	0	89	0	0	9
98	assemblage-922-171	0	0	0	0	0	0	0	0	0	0	0	0	0	0	0	193	0	18	0	0	0	0	0	0	0	0	0	0	0	0	0	0	0	0	231	0	0	42	0	0	0	0	0	0	0	16
98	assemblage-781-185	0	0	4	0	0	0	0	0	0	0	0	0	0	0	0	63	0	170	0	0	0	0	0	0	0	0	0	35	0	0	0	0	0	0	222	0	0	0	0	0	0	0	0	0	0	6

99	assemblage-776-766	0	0	0	0	0	0	0	0	0	0	0	0	0	0	0	48	0	0	0	0	9	0	0	0	0	0	0	0	0	0	0	0	0	43	300	0	0	0	0	0	2	0	89	0	0	9
99	assemblage-377-179	0	0	0	0	0	0	0	0	0	0	0	30	0	0	0	20	0	0	0	0	0	0	0	0	0	0	0	0	0	376	0	0	0	0	56	0	0	0	0	0	0	0	0	0	0	18
99	assemblage-500-912	0	256	0	0	0	0	0	0	0	116	0	0	0	0	0	0	0	0	0	0	0	0	0	0	0	0	90	0	0	0	0	0	0	0	0	0	0	0	0	20	0	0	0	0	0	18

100	assemblage-776-766	0	0	0	0	0	0	0	0	0	0	0	0	0	0	0	48	0	0	0	0	9	0	0	0	0	0	0	0	0	0	0	0	0	43	300	0	0	0	0	0	2	0	89	0	0	9
100	assemblage-377-179	0	0	0	0	0	0	0	0	0	0	0	30	0	0	0	20	0	0	0	0	0	0	0	0	0	0	0	0	0	376	0	0	0	0	56	0	0	0	0	0	0	0	0	0	0	18
100	assemblage-704-150	0	0	0	0	0	0	0	0	0	0	0	27	0	0	0	17	0	1	0	0	0	0	0	0	0	0	0	0	0	403	0	0	0	0	41	0	0	0	0	0	0	0	0	0	0	11

101	assemblage-776-766	0	0	0	0	0	0	0	0	0	0	0	0	0	0	0	48	0	0	0	0	9	0	0	0	0	0	0	0	0	0	0	0	0	43	300	0	0	0	0	0	2	0	89	0	0	9
101	assemblage-377-179	0	0	0	0	0	0	0	0	0	0	0	30	0	0	0	20	0	0	0	0	0	0	0	0	0	0	0	0	0	376	0	0	0	0	56	0	0	0	0	0	0	0	0	0	0	18
101	assemblage-153-925	0	25	0	0	0	0	0	0	0	10	0	0	0	0	0	0	28	0	10	0	0	0	0	0	0	0	0	0	0	0	0	0	0	0	6	0	0	364	0	53	0	0	0	0	0	4

102	assemblage-776-766	0	0	0	0	0	0	0	0	0	0	0	0	0	0	0	48	0	0	0	0	9	0	0	0	0	0	0	0	0	0	0	0	0	43	300	0	0	0	0	0	2	0	89	0	0	9
102	assemblage-106-503	0	202	0	67	0	0	0	0	0	137	0	0	0	0	0	0	0	0	0	0	0	0	0	0	0	0	0	0	0	0	0	0	0	0	0	0	0	0	0	85	0	0	0	0	0	9
102	assemblage-500-912	0	256	0	0	0	0	0	0	0	116	0	0	0	0	0	0	0	0	0	0	0	0	0	0	0	0	90	0	0	0	0	0	0	0	0	0	0	0	0	20	0	0	0	0	0	18

103	assemblage-776-766	0	0	0	0	0	0	0	0	0	0	0	0	0	0	0	48	0	0	0	0	9	0	0	0	0	0	0	0	0	0	0	0	0	43	300	0	0	0	0	0	2	0	89	0	0	9
103	assemblage-106-503	0	202	0	67	0	0	0	0	0	137	0	0	0	0	0	0	0	0	0	0	0	0	0	0	0	0	0	0	0	0	0	0	0	0	0	0	0	0	0	85	0	0	0	0	0	9
103	assemblage-288-419	0	116	0	0	0	0	0	0	0	0	62	0	0	0	0	0	0	284	0	18	0	0	0	0	0	0	0	0	0	0	0	0	0	0	0	0	0	8	0	0	0	0	0	0	0	12

104	assemblage-776-766	0	0	0	0	0	0	0	0	0	0	0	0	0	0	0	48	0	0	0	0	9	0	0	0	0	0	0	0	0	0	0	0	0	43	300	0	0	0	0	0	2	0	89	0	0	9
104	assemblage-394-839	0	0	0	0	0	0	0	0	0	0	0	0	0	0	0	201	0	3	0	0	16	0	0	64	0	0	0	0	0	0	0	0	0	0	198	0	0	0	0	0	0	0	3	0	0	15
104	assemblage-704-150	0	0	0	0	0	0	0	0	0	0	0	27	0	0	0	17	0	1	0	0	0	0	0	0	0	0	0	0	0	403	0	0	0	0	41	0	0	0	0	0	0	0	0	0	0	11

105	assemblage-776-766	0	0	0	0	0	0	0	0	0	0	0	0	0	0	0	48	0	0	0	0	9	0	0	0	0	0	0	0	0	0	0	0	0	43	300	0	0	0	0	0	2	0	89	0	0	9
105	assemblage-394-839	0	0	0	0	0	0	0	0	0	0	0	0	0	0	0	201	0	3	0	0	16	0	0	64	0	0	0	0	0	0	0	0	0	0	198	0	0	0	0	0	0	0	3	0	0	15
105	assemblage-580-539	0	16	0	75	184	0	0	0	0	0	135	0	0	0	0	27	25	0	0	0	0	0	0	0	0	0	0	0	5	0	0	0	0	0	0	0	0	0	0	21	0	0	0	0	0	12

106	assemblage-776-766	0	0	0	0	0	0	0	0	0	0	0	0	0	0	0	48	0	0	0	0	9	0	0	0	0	0	0	0	0	0	0	0	0	43	300	0	0	0	0	0	2	0	89	0	0	9
106	assemblage-394-839	0	0	0	0	0	0	0	0	0	0	0	0	0	0	0	201	0	3	0	0	16	0	0	64	0	0	0	0	0	0	0	0	0	0	198	0	0	0	0	0	0	0	3	0	0	15
106	assemblage-153-925	0	25	0	0	0	0	0	0	0	10	0	0	0	0	0	0	28	0	10	0	0	0	0	0	0	0	0	0	0	0	0	0	0	0	6	0	0	364	0	53	0	0	0	0	0	4

107	assemblage-776-766	0	0	0	0	0	0	0	0	0	0	0	0	0	0	0	48	0	0	0	0	9	0	0	0	0	0	0	0	0	0	0	0	0	43	300	0	0	0	0	0	2	0	89	0	0	9
107	assemblage-394-839	0	0	0	0	0	0	0	0	0	0	0	0	0	0	0	201	0	3	0	0	16	0	0	64	0	0	0	0	0	0	0	0	0	0	198	0	0	0	0	0	0	0	3	0	0	15
107	assemblage-288-419	0	116	0	0	0	0	0	0	0	0	62	0	0	0	0	0	0	284	0	18	0	0	0	0	0	0	0	0	0	0	0	0	0	0	0	0	0	8	0	0	0	0	0	0	0	12

108	assemblage-776-766	0	0	0	0	0	0	0	0	0	0	0	0	0	0	0	48	0	0	0	0	9	0	0	0	0	0	0	0	0	0	0	0	0	43	300	0	0	0	0	0	2	0	89	0	0	9
108	assemblage-394-839	0	0	0	0	0	0	0	0	0	0	0	0	0	0	0	201	0	3	0	0	16	0	0	64	0	0	0	0	0	0	0	0	0	0	198	0	0	0	0	0	0	0	3	0	0	15
108	assemblage-106-503	0	202	0	67	0	0	0	0	0	137	0	0	0	0	0	0	0	0	0	0	0	0	0	0	0	0	0	0	0	0	0	0	0	0	0	0	0	0	0	85	0	0	0	0	0	9

109	assemblage-776-766	0	0	0	0	0	0	0	0	0	0	0	0	0	0	0	48	0	0	0	0	9	0	0	0	0	0	0	0	0	0	0	0	0	43	300	0	0	0	0	0	2	0	89	0	0	9
109	assemblage-768-770	0	0	0	0	0	0	0	0	0	0	0	0	0	0	0	247	0	0	0	0	15	0	0	52	0	0	0	0	0	0	0	0	0	0	171	0	0	0	0	0	0	0	0	0	0	15
109	assemblage-704-150	0	0	0	0	0	0	0	0	0	0	0	27	0	0	0	17	0	1	0	0	0	0	0	0	0	0	0	0	0	403	0	0	0	0	41	0	0	0	0	0	0	0	0	0	0	11

110	assemblage-776-766	0	0	0	0	0	0	0	0	0	0	0	0	0	0	0	48	0	0	0	0	9	0	0	0	0	0	0	0	0	0	0	0	0	43	300	0	0	0	0	0	2	0	89	0	0	9
110	assemblage-768-770	0	0	0	0	0	0	0	0	0	0	0	0	0	0	0	247	0	0	0	0	15	0	0	52	0	0	0	0	0	0	0	0	0	0	171	0	0	0	0	0	0	0	0	0	0	15
110	assemblage-580-539	0	16	0	75	184	0	0	0	0	0	135	0	0	0	0	27	25	0	0	0	0	0	0	0	0	0	0	0	5	0	0	0	0	0	0	0	0	0	0	21	0	0	0	0	0	12

111	assemblage-776-766	0	0	0	0	0	0	0	0	0	0	0	0	0	0	0	48	0	0	0	0	9	0	0	0	0	0	0	0	0	0	0	0	0	43	300	0	0	0	0	0	2	0	89	0	0	9
111	assemblage-768-770	0	0	0	0	0	0	0	0	0	0	0	0	0	0	0	247	0	0	0	0	15	0	0	52	0	0	0	0	0	0	0	0	0	0	171	0	0	0	0	0	0	0	0	0	0	15
111	assemblage-153-925	0	25	0	0	0	0	0	0	0	10	0	0	0	0	0	0	28	0	10	0	0	0	0	0	0	0	0	0	0	0	0	0	0	0	6	0	0	364	0	53	0	0	0	0	0	4

112	assemblage-776-766	0	0	0	0	0	0	0	0	0	0	0	0	0	0	0	48	0	0	0	0	9	0	0	0	0	0	0	0	0	0	0	0	0	43	300	0	0	0	0	0	2	0	89	0	0	9
112	assemblage-768-770	0	0	0	0	0	0	0	0	0	0	0	0	0	0	0	247	0	0	0	0	15	0	0	52	0	0	0	0	0	0	0	0	0	0	171	0	0	0	0	0	0	0	0	0	0	15
112	assemblage-288-419	0	116	0	0	0	0	0	0	0	0	62	0	0	0	0	0	0	284	0	18	0	0	0	0	0	0	0	0	0	0	0	0	0	0	0	0	0	8	0	0	0	0	0	0	0	12

113	assemblage-776-766	0	0	0	0	0	0	0	0	0	0	0	0	0	0	0	48	0	0	0	0	9	0	0	0	0	0	0	0	0	0	0	0	0	43	300	0	0	0	0	0	2	0	89	0	0	9
113	assemblage-768-770	0	0	0	0	0	0	0	0	0	0	0	0	0	0	0	247	0	0	0	0	15	0	0	52	0	0	0	0	0	0	0	0	0	0	171	0	0	0	0	0	0	0	0	0	0	15
113	assemblage-106-503	0	202	0	67	0	0	0	0	0	137	0	0	0	0	0	0	0	0	0	0	0	0	0	0	0	0	0	0	0	0	0	0	0	0	0	0	0	0	0	85	0	0	0	0	0	9

114	assemblage-776-766	0	0	0	0	0	0	0	0	0	0	0	0	0	0	0	48	0	0	0	0	9	0	0	0	0	0	0	0	0	0	0	0	0	43	300	0	0	0	0	0	2	0	89	0	0	9
114	assemblage-329-265	0	91	0	23	0	0	0	0	0	43	0	0	0	0	0	0	55	0	0	0	0	0	0	0	0	0	0	0	0	0	0	0	0	0	0	0	0	29	0	231	0	0	0	0	17	11
114	assemblage-106-503	0	202	0	67	0	0	0	0	0	137	0	0	0	0	0	0	0	0	0	0	0	0	0	0	0	0	0	0	0	0	0	0	0	0	0	0	0	0	0	85	0	0	0	0	0	9

115	assemblage-776-766	0	0	0	0	0	0	0	0	0	0	0	0	0	0	0	48	0	0	0	0	9	0	0	0	0	0	0	0	0	0	0	0	0	43	300	0	0	0	0	0	2	0	89	0	0	9
115	assemblage-329-265	0	91	0	23	0	0	0	0	0	43	0	0	0	0	0	0	55	0	0	0	0	0	0	0	0	0	0	0	0	0	0	0	0	0	0	0	0	29	0	231	0	0	0	0	17	11
115	assemblage-472-672	0	33	0	0	0	0	0	0	0	0	0	0	0	0	0	0	0	93	0	0	0	0	0	0	0	0	0	0	0	0	0	0	0	0	0	0	0	370	0	0	0	0	0	0	0	4

116	assemblage-776-766	0	0	0	0	0	0	0	0	0	0	0	0	0	0	0	48	0	0	0	0	9	0	0	0	0	0	0	0	0	0	0	0	0	43	300	0	0	0	0	0	2	0	89	0	0	9
116	assemblage-224-589	0	24	0	75	196	0	0	0	6	4	133	0	0	0	0	15	14	0	0	0	0	0	0	0	0	0	0	0	4	0	0	0	0	0	0	0	0	0	0	23	0	0	0	0	0	6
116	assemblage-472-672	0	33	0	0	0	0	0	0	0	0	0	0	0	0	0	0	0	93	0	0	0	0	0	0	0	0	0	0	0	0	0	0	0	0	0	0	0	370	0	0	0	0	0	0	0	4

117	assemblage-695-147	0	0	0	0	0	0	0	0	0	0	0	0	0	0	0	106	0	0	0	0	0	0	0	0	51	0	0	0	0	15	0	0	0	0	305	0	0	0	0	0	0	0	0	3	0	20
117	assemblage-922-171	0	0	0	0	0	0	0	0	0	0	0	0	0	0	0	193	0	18	0	0	0	0	0	0	0	0	0	0	0	0	0	0	0	0	231	0	0	42	0	0	0	0	0	0	0	16
117	assemblage-781-185	0	0	4	0	0	0	0	0	0	0	0	0	0	0	0	63	0	170	0	0	0	0	0	0	0	0	0	35	0	0	0	0	0	0	222	0	0	0	0	0	0	0	0	0	0	6

118	assemblage-695-147	0	0	0	0	0	0	0	0	0	0	0	0	0	0	0	106	0	0	0	0	0	0	0	0	51	0	0	0	0	15	0	0	0	0	305	0	0	0	0	0	0	0	0	3	0	20
118	assemblage-377-179	0	0	0	0	0	0	0	0	0	0	0	30	0	0	0	20	0	0	0	0	0	0	0	0	0	0	0	0	0	376	0	0	0	0	56	0	0	0	0	0	0	0	0	0	0	18
118	assemblage-500-912	0	256	0	0	0	0	0	0	0	116	0	0	0	0	0	0	0	0	0	0	0	0	0	0	0	0	90	0	0	0	0	0	0	0	0	0	0	0	0	20	0	0	0	0	0	18

119	assemblage-695-147	0	0	0	0	0	0	0	0	0	0	0	0	0	0	0	106	0	0	0	0	0	0	0	0	51	0	0	0	0	15	0	0	0	0	305	0	0	0	0	0	0	0	0	3	0	20
119	assemblage-377-179	0	0	0	0	0	0	0	0	0	0	0	30	0	0	0	20	0	0	0	0	0	0	0	0	0	0	0	0	0	376	0	0	0	0	56	0	0	0	0	0	0	0	0	0	0	18
119	assemblage-704-150	0	0	0	0	0	0	0	0	0	0	0	27	0	0	0	17	0	1	0	0	0	0	0	0	0	0	0	0	0	403	0	0	0	0	41	0	0	0	0	0	0	0	0	0	0	11

120	assemblage-695-147	0	0	0	0	0	0	0	0	0	0	0	0	0	0	0	106	0	0	0	0	0	0	0	0	51	0	0	0	0	15	0	0	0	0	305	0	0	0	0	0	0	0	0	3	0	20
120	assemblage-377-179	0	0	0	0	0	0	0	0	0	0	0	30	0	0	0	20	0	0	0	0	0	0	0	0	0	0	0	0	0	376	0	0	0	0	56	0	0	0	0	0	0	0	0	0	0	18
120	assemblage-153-925	0	25	0	0	0	0	0	0	0	10	0	0	0	0	0	0	28	0	10	0	0	0	0	0	0	0	0	0	0	0	0	0	0	0	6	0	0	364	0	53	0	0	0	0	0	4

121	assemblage-695-147	0	0	0	0	0	0	0	0	0	0	0	0	0	0	0	106	0	0	0	0	0	0	0	0	51	0	0	0	0	15	0	0	0	0	305	0	0	0	0	0	0	0	0	3	0	20
121	assemblage-394-839	0	0	0	0	0	0	0	0	0	0	0	0	0	0	0	201	0	3	0	0	16	0	0	64	0	0	0	0	0	0	0	0	0	0	198	0	0	0	0	0	0	0	3	0	0	15
121	assemblage-580-539	0	16	0	75	184	0	0	0	0	0	135	0	0	0	0	27	25	0	0	0	0	0	0	0	0	0	0	0	5	0	0	0	0	0	0	0	0	0	0	21	0	0	0	0	0	12

122	assemblage-695-147	0	0	0	0	0	0	0	0	0	0	0	0	0	0	0	106	0	0	0	0	0	0	0	0	51	0	0	0	0	15	0	0	0	0	305	0	0	0	0	0	0	0	0	3	0	20
122	assemblage-394-839	0	0	0	0	0	0	0	0	0	0	0	0	0	0	0	201	0	3	0	0	16	0	0	64	0	0	0	0	0	0	0	0	0	0	198	0	0	0	0	0	0	0	3	0	0	15
122	assemblage-153-925	0	25	0	0	0	0	0	0	0	10	0	0	0	0	0	0	28	0	10	0	0	0	0	0	0	0	0	0	0	0	0	0	0	0	6	0	0	364	0	53	0	0	0	0	0	4

123	assemblage-695-147	0	0	0	0	0	0	0	0	0	0	0	0	0	0	0	106	0	0	0	0	0	0	0	0	51	0	0	0	0	15	0	0	0	0	305	0	0	0	0	0	0	0	0	3	0	20
123	assemblage-394-839	0	0	0	0	0	0	0	0	0	0	0	0	0	0	0	201	0	3	0	0	16	0	0	64	0	0	0	0	0	0	0	0	0	0	198	0	0	0	0	0	0	0	3	0	0	15
123	assemblage-288-419	0	116	0	0	0	0	0	0	0	0	62	0	0	0	0	0	0	284	0	18	0	0	0	0	0	0	0	0	0	0	0	0	0	0	0	0	0	8	0	0	0	0	0	0	0	12

124	assemblage-695-147	0	0	0	0	0	0	0	0	0	0	0	0	0	0	0	106	0	0	0	0	0	0	0	0	51	0	0	0	0	15	0	0	0	0	305	0	0	0	0	0	0	0	0	3	0	20
124	assemblage-394-839	0	0	0	0	0	0	0	0	0	0	0	0	0	0	0	201	0	3	0	0	16	0	0	64	0	0	0	0	0	0	0	0	0	0	198	0	0	0	0	0	0	0	3	0	0	15
124	assemblage-106-503	0	202	0	67	0	0	0	0	0	137	0	0	0	0	0	0	0	0	0	0	0	0	0	0	0	0	0	0	0	0	0	0	0	0	0	0	0	0	0	85	0	0	0	0	0	9

125	assemblage-695-147	0	0	0	0	0	0	0	0	0	0	0	0	0	0	0	106	0	0	0	0	0	0	0	0	51	0	0	0	0	15	0	0	0	0	305	0	0	0	0	0	0	0	0	3	0	20
125	assemblage-768-770	0	0	0	0	0	0	0	0	0	0	0	0	0	0	0	247	0	0	0	0	15	0	0	52	0	0	0	0	0	0	0	0	0	0	171	0	0	0	0	0	0	0	0	0	0	15
125	assemblage-580-539	0	16	0	75	184	0	0	0	0	0	135	0	0	0	0	27	25	0	0	0	0	0	0	0	0	0	0	0	5	0	0	0	0	0	0	0	0	0	0	21	0	0	0	0	0	12

126	assemblage-695-147	0	0	0	0	0	0	0	0	0	0	0	0	0	0	0	106	0	0	0	0	0	0	0	0	51	0	0	0	0	15	0	0	0	0	305	0	0	0	0	0	0	0	0	3	0	20
126	assemblage-768-770	0	0	0	0	0	0	0	0	0	0	0	0	0	0	0	247	0	0	0	0	15	0	0	52	0	0	0	0	0	0	0	0	0	0	171	0	0	0	0	0	0	0	0	0	0	15
126	assemblage-153-925	0	25	0	0	0	0	0	0	0	10	0	0	0	0	0	0	28	0	10	0	0	0	0	0	0	0	0	0	0	0	0	0	0	0	6	0	0	364	0	53	0	0	0	0	0	4

127	assemblage-695-147	0	0	0	0	0	0	0	0	0	0	0	0	0	0	0	106	0	0	0	0	0	0	0	0	51	0	0	0	0	15	0	0	0	0	305	0	0	0	0	0	0	0	0	3	0	20
127	assemblage-768-770	0	0	0	0	0	0	0	0	0	0	0	0	0	0	0	247	0	0	0	0	15	0	0	52	0	0	0	0	0	0	0	0	0	0	171	0	0	0	0	0	0	0	0	0	0	15
127	assemblage-288-419	0	116	0	0	0	0	0	0	0	0	62	0	0	0	0	0	0	284	0	18	0	0	0	0	0	0	0	0	0	0	0	0	0	0	0	0	0	8	0	0	0	0	0	0	0	12

128	assemblage-695-147	0	0	0	0	0	0	0	0	0	0	0	0	0	0	0	106	0	0	0	0	0	0	0	0	51	0	0	0	0	15	0	0	0	0	305	0	0	0	0	0	0	0	0	3	0	20
128	assemblage-768-770	0	0	0	0	0	0	0	0	0	0	0	0	0	0	0	247	0	0	0	0	15	0	0	52	0	0	0	0	0	0	0	0	0	0	171	0	0	0	0	0	0	0	0	0	0	15
128	assemblage-106-503	0	202	0	67	0	0	0	0	0	137	0	0	0	0	0	0	0	0	0	0	0	0	0	0	0	0	0	0	0	0	0	0	0	0	0	0	0	0	0	85	0	0	0	0	0	9

129	assemblage-695-147	0	0	0	0	0	0	0	0	0	0	0	0	0	0	0	106	0	0	0	0	0	0	0	0	51	0	0	0	0	15	0	0	0	0	305	0	0	0	0	0	0	0	0	3	0	20
129	assemblage-329-265	0	91	0	23	0	0	0	0	0	43	0	0	0	0	0	0	55	0	0	0	0	0	0	0	0	0	0	0	0	0	0	0	0	0	0	0	0	29	0	231	0	0	0	0	17	11
129	assemblage-106-503	0	202	0	67	0	0	0	0	0	137	0	0	0	0	0	0	0	0	0	0	0	0	0	0	0	0	0	0	0	0	0	0	0	0	0	0	0	0	0	85	0	0	0	0	0	9

130	assemblage-695-147	0	0	0	0	0	0	0	0	0	0	0	0	0	0	0	106	0	0	0	0	0	0	0	0	51	0	0	0	0	15	0	0	0	0	305	0	0	0	0	0	0	0	0	3	0	20
130	assemblage-329-265	0	91	0	23	0	0	0	0	0	43	0	0	0	0	0	0	55	0	0	0	0	0	0	0	0	0	0	0	0	0	0	0	0	0	0	0	0	29	0	231	0	0	0	0	17	11
130	assemblage-472-672	0	33	0	0	0	0	0	0	0	0	0	0	0	0	0	0	0	93	0	0	0	0	0	0	0	0	0	0	0	0	0	0	0	0	0	0	0	370	0	0	0	0	0	0	0	4

131	assemblage-695-147	0	0	0	0	0	0	0	0	0	0	0	0	0	0	0	106	0	0	0	0	0	0	0	0	51	0	0	0	0	15	0	0	0	0	305	0	0	0	0	0	0	0	0	3	0	20
131	assemblage-224-589	0	24	0	75	196	0	0	0	6	4	133	0	0	0	0	15	14	0	0	0	0	0	0	0	0	0	0	0	4	0	0	0	0	0	0	0	0	0	0	23	0	0	0	0	0	6
131	assemblage-472-672	0	33	0	0	0	0	0	0	0	0	0	0	0	0	0	0	0	93	0	0	0	0	0	0	0	0	0	0	0	0	0	0	0	0	0	0	0	370	0	0	0	0	0	0	0	4

132	assemblage-695-147	0	0	0	0	0	0	0	0	0	0	0	0	0	0	0	106	0	0	0	0	0	0	0	0	51	0	0	0	0	15	0	0	0	0	305	0	0	0	0	0	0	0	0	3	0	20
132	assemblage-776-766	0	0	0	0	0	0	0	0	0	0	0	0	0	0	0	48	0	0	0	0	9	0	0	0	0	0	0	0	0	0	0	0	0	43	300	0	0	0	0	0	2	0	89	0	0	9
132	assemblage-153-925	0	25	0	0	0	0	0	0	0	10	0	0	0	0	0	0	28	0	10	0	0	0	0	0	0	0	0	0	0	0	0	0	0	0	6	0	0	364	0	53	0	0	0	0	0	4

133	assemblage-695-147	0	0	0	0	0	0	0	0	0	0	0	0	0	0	0	106	0	0	0	0	0	0	0	0	51	0	0	0	0	15	0	0	0	0	305	0	0	0	0	0	0	0	0	3	0	20
133	assemblage-776-766	0	0	0	0	0	0	0	0	0	0	0	0	0	0	0	48	0	0	0	0	9	0	0	0	0	0	0	0	0	0	0	0	0	43	300	0	0	0	0	0	2	0	89	0	0	9
133	assemblage-106-503	0	202	0	67	0	0	0	0	0	137	0	0	0	0	0	0	0	0	0	0	0	0	0	0	0	0	0	0	0	0	0	0	0	0	0	0	0	0	0	85	0	0	0	0	0	9

134	assemblage-695-147	0	0	0	0	0	0	0	0	0	0	0	0	0	0	0	106	0	0	0	0	0	0	0	0	51	0	0	0	0	15	0	0	0	0	305	0	0	0	0	0	0	0	0	3	0	20
134	assemblage-776-766	0	0	0	0	0	0	0	0	0	0	0	0	0	0	0	48	0	0	0	0	9	0	0	0	0	0	0	0	0	0	0	0	0	43	300	0	0	0	0	0	2	0	89	0	0	9
134	assemblage-472-672	0	33	0	0	0	0	0	0	0	0	0	0	0	0	0	0	0	93	0	0	0	0	0	0	0	0	0	0	0	0	0	0	0	0	0	0	0	370	0	0	0	0	0	0	0	4

135	assemblage-695-147	0	0	0	0	0	0	0	0	0	0	0	0	0	0	0	106	0	0	0	0	0	0	0	0	51	0	0	0	0	15	0	0	0	0	305	0	0	0	0	0	0	0	0	3	0	20
135	assemblage-776-766	0	0	0	0	0	0	0	0	0	0	0	0	0	0	0	48	0	0	0	0	9	0	0	0	0	0	0	0	0	0	0	0	0	43	300	0	0	0	0	0	2	0	89	0	0	9
135	assemblage-224-589	0	24	0	75	196	0	0	0	6	4	133	0	0	0	0	15	14	0	0	0	0	0	0	0	0	0	0	0	4	0	0	0	0	0	0	0	0	0	0	23	0	0	0	0	0	6

136	assemblage-919-510	0	74	0	0	0	0	71	0	0	207	0	0	0	0	49	0	0	0	0	0	0	0	0	0	0	4	0	0	0	0	0	0	0	0	0	0	0	0	0	78	0	0	0	0	0	17
136	assemblage-922-171	0	0	0	0	0	0	0	0	0	0	0	0	0	0	0	193	0	18	0	0	0	0	0	0	0	0	0	0	0	0	0	0	0	0	231	0	0	42	0	0	0	0	0	0	0	16
136	assemblage-781-185	0	0	4	0	0	0	0	0	0	0	0	0	0	0	0	63	0	170	0	0	0	0	0	0	0	0	0	35	0	0	0	0	0	0	222	0	0	0	0	0	0	0	0	0	0	6

137	assemblage-919-510	0	74	0	0	0	0	71	0	0	207	0	0	0	0	49	0	0	0	0	0	0	0	0	0	0	4	0	0	0	0	0	0	0	0	0	0	0	0	0	78	0	0	0	0	0	17
137	assemblage-500-912	0	256	0	0	0	0	0	0	0	116	0	0	0	0	0	0	0	0	0	0	0	0	0	0	0	0	90	0	0	0	0	0	0	0	0	0	0	0	0	20	0	0	0	0	0	18
137	assemblage-781-185	0	0	4	0	0	0	0	0	0	0	0	0	0	0	0	63	0	170	0	0	0	0	0	0	0	0	0	35	0	0	0	0	0	0	222	0	0	0	0	0	0	0	0	0	0	6

138	assemblage-919-510	0	74	0	0	0	0	71	0	0	207	0	0	0	0	49	0	0	0	0	0	0	0	0	0	0	4	0	0	0	0	0	0	0	0	0	0	0	0	0	78	0	0	0	0	0	17
138	assemblage-500-912	0	256	0	0	0	0	0	0	0	116	0	0	0	0	0	0	0	0	0	0	0	0	0	0	0	0	90	0	0	0	0	0	0	0	0	0	0	0	0	20	0	0	0	0	0	18
138	assemblage-922-171	0	0	0	0	0	0	0	0	0	0	0	0	0	0	0	193	0	18	0	0	0	0	0	0	0	0	0	0	0	0	0	0	0	0	231	0	0	42	0	0	0	0	0	0	0	16

139	assemblage-919-510	0	74	0	0	0	0	71	0	0	207	0	0	0	0	49	0	0	0	0	0	0	0	0	0	0	4	0	0	0	0	0	0	0	0	0	0	0	0	0	78	0	0	0	0	0	17
139	assemblage-704-150	0	0	0	0	0	0	0	0	0	0	0	27	0	0	0	17	0	1	0	0	0	0	0	0	0	0	0	0	0	403	0	0	0	0	41	0	0	0	0	0	0	0	0	0	0	11
139	assemblage-781-185	0	0	4	0	0	0	0	0	0	0	0	0	0	0	0	63	0	170	0	0	0	0	0	0	0	0	0	35	0	0	0	0	0	0	222	0	0	0	0	0	0	0	0	0	0	6

140	assemblage-919-510	0	74	0	0	0	0	71	0	0	207	0	0	0	0	49	0	0	0	0	0	0	0	0	0	0	4	0	0	0	0	0	0	0	0	0	0	0	0	0	78	0	0	0	0	0	17
140	assemblage-580-539	0	16	0	75	184	0	0	0	0	0	135	0	0	0	0	27	25	0	0	0	0	0	0	0	0	0	0	0	5	0	0	0	0	0	0	0	0	0	0	21	0	0	0	0	0	12
140	assemblage-781-185	0	0	4	0	0	0	0	0	0	0	0	0	0	0	0	63	0	170	0	0	0	0	0	0	0	0	0	35	0	0	0	0	0	0	222	0	0	0	0	0	0	0	0	0	0	6

141	assemblage-919-510	0	74	0	0	0	0	71	0	0	207	0	0	0	0	49	0	0	0	0	0	0	0	0	0	0	4	0	0	0	0	0	0	0	0	0	0	0	0	0	78	0	0	0	0	0	17
141	assemblage-580-539	0	16	0	75	184	0	0	0	0	0	135	0	0	0	0	27	25	0	0	0	0	0	0	0	0	0	0	0	5	0	0	0	0	0	0	0	0	0	0	21	0	0	0	0	0	12
141	assemblage-704-150	0	0	0	0	0	0	0	0	0	0	0	27	0	0	0	17	0	1	0	0	0	0	0	0	0	0	0	0	0	403	0	0	0	0	41	0	0	0	0	0	0	0	0	0	0	11

142	assemblage-919-510	0	74	0	0	0	0	71	0	0	207	0	0	0	0	49	0	0	0	0	0	0	0	0	0	0	4	0	0	0	0	0	0	0	0	0	0	0	0	0	78	0	0	0	0	0	17
142	assemblage-580-539	0	16	0	75	184	0	0	0	0	0	135	0	0	0	0	27	25	0	0	0	0	0	0	0	0	0	0	0	5	0	0	0	0	0	0	0	0	0	0	21	0	0	0	0	0	12
142	assemblage-401-853	0	0	0	0	0	0	0	0	0	0	0	0	0	0	0	42	0	0	0	0	13	0	0	0	0	0	0	0	0	0	0	0	0	30	337	0	0	0	0	0	9	0	67	0	0	2

143	assemblage-919-510	0	74	0	0	0	0	71	0	0	207	0	0	0	0	49	0	0	0	0	0	0	0	0	0	0	4	0	0	0	0	0	0	0	0	0	0	0	0	0	78	0	0	0	0	0	17
143	assemblage-153-925	0	25	0	0	0	0	0	0	0	10	0	0	0	0	0	0	28	0	10	0	0	0	0	0	0	0	0	0	0	0	0	0	0	0	6	0	0	364	0	53	0	0	0	0	0	4
143	assemblage-401-853	0	0	0	0	0	0	0	0	0	0	0	0	0	0	0	42	0	0	0	0	13	0	0	0	0	0	0	0	0	0	0	0	0	30	337	0	0	0	0	0	9	0	67	0	0	2

144	assemblage-919-510	0	74	0	0	0	0	71	0	0	207	0	0	0	0	49	0	0	0	0	0	0	0	0	0	0	4	0	0	0	0	0	0	0	0	0	0	0	0	0	78	0	0	0	0	0	17
144	assemblage-377-179	0	0	0	0	0	0	0	0	0	0	0	30	0	0	0	20	0	0	0	0	0	0	0	0	0	0	0	0	0	376	0	0	0	0	56	0	0	0	0	0	0	0	0	0	0	18
144	assemblage-781-185	0	0	4	0	0	0	0	0	0	0	0	0	0	0	0	63	0	170	0	0	0	0	0	0	0	0	0	35	0	0	0	0	0	0	222	0	0	0	0	0	0	0	0	0	0	6

145	assemblage-919-510	0	74	0	0	0	0	71	0	0	207	0	0	0	0	49	0	0	0	0	0	0	0	0	0	0	4	0	0	0	0	0	0	0	0	0	0	0	0	0	78	0	0	0	0	0	17
145	assemblage-377-179	0	0	0	0	0	0	0	0	0	0	0	30	0	0	0	20	0	0	0	0	0	0	0	0	0	0	0	0	0	376	0	0	0	0	56	0	0	0	0	0	0	0	0	0	0	18
145	assemblage-922-171	0	0	0	0	0	0	0	0	0	0	0	0	0	0	0	193	0	18	0	0	0	0	0	0	0	0	0	0	0	0	0	0	0	0	231	0	0	42	0	0	0	0	0	0	0	16

146	assemblage-919-510	0	74	0	0	0	0	71	0	0	207	0	0	0	0	49	0	0	0	0	0	0	0	0	0	0	4	0	0	0	0	0	0	0	0	0	0	0	0	0	78	0	0	0	0	0	17
146	assemblage-377-179	0	0	0	0	0	0	0	0	0	0	0	30	0	0	0	20	0	0	0	0	0	0	0	0	0	0	0	0	0	376	0	0	0	0	56	0	0	0	0	0	0	0	0	0	0	18
146	assemblage-704-150	0	0	0	0	0	0	0	0	0	0	0	27	0	0	0	17	0	1	0	0	0	0	0	0	0	0	0	0	0	403	0	0	0	0	41	0	0	0	0	0	0	0	0	0	0	11

147	assemblage-919-510	0	74	0	0	0	0	71	0	0	207	0	0	0	0	49	0	0	0	0	0	0	0	0	0	0	4	0	0	0	0	0	0	0	0	0	0	0	0	0	78	0	0	0	0	0	17
147	assemblage-377-179	0	0	0	0	0	0	0	0	0	0	0	30	0	0	0	20	0	0	0	0	0	0	0	0	0	0	0	0	0	376	0	0	0	0	56	0	0	0	0	0	0	0	0	0	0	18
147	assemblage-401-853	0	0	0	0	0	0	0	0	0	0	0	0	0	0	0	42	0	0	0	0	13	0	0	0	0	0	0	0	0	0	0	0	0	30	337	0	0	0	0	0	9	0	67	0	0	2

148	assemblage-919-510	0	74	0	0	0	0	71	0	0	207	0	0	0	0	49	0	0	0	0	0	0	0	0	0	0	4	0	0	0	0	0	0	0	0	0	0	0	0	0	78	0	0	0	0	0	17
148	assemblage-288-419	0	116	0	0	0	0	0	0	0	0	62	0	0	0	0	0	0	284	0	18	0	0	0	0	0	0	0	0	0	0	0	0	0	0	0	0	0	8	0	0	0	0	0	0	0	12
148	assemblage-781-185	0	0	4	0	0	0	0	0	0	0	0	0	0	0	0	63	0	170	0	0	0	0	0	0	0	0	0	35	0	0	0	0	0	0	222	0	0	0	0	0	0	0	0	0	0	6

149	assemblage-919-510	0	74	0	0	0	0	71	0	0	207	0	0	0	0	49	0	0	0	0	0	0	0	0	0	0	4	0	0	0	0	0	0	0	0	0	0	0	0	0	78	0	0	0	0	0	17
149	assemblage-288-419	0	116	0	0	0	0	0	0	0	0	62	0	0	0	0	0	0	284	0	18	0	0	0	0	0	0	0	0	0	0	0	0	0	0	0	0	0	8	0	0	0	0	0	0	0	12
149	assemblage-704-150	0	0	0	0	0	0	0	0	0	0	0	27	0	0	0	17	0	1	0	0	0	0	0	0	0	0	0	0	0	403	0	0	0	0	41	0	0	0	0	0	0	0	0	0	0	11

150	assemblage-919-510	0	74	0	0	0	0	71	0	0	207	0	0	0	0	49	0	0	0	0	0	0	0	0	0	0	4	0	0	0	0	0	0	0	0	0	0	0	0	0	78	0	0	0	0	0	17
150	assemblage-288-419	0	116	0	0	0	0	0	0	0	0	62	0	0	0	0	0	0	284	0	18	0	0	0	0	0	0	0	0	0	0	0	0	0	0	0	0	0	8	0	0	0	0	0	0	0	12
150	assemblage-401-853	0	0	0	0	0	0	0	0	0	0	0	0	0	0	0	42	0	0	0	0	13	0	0	0	0	0	0	0	0	0	0	0	0	30	337	0	0	0	0	0	9	0	67	0	0	2

151	assemblage-919-510	0	74	0	0	0	0	71	0	0	207	0	0	0	0	49	0	0	0	0	0	0	0	0	0	0	4	0	0	0	0	0	0	0	0	0	0	0	0	0	78	0	0	0	0	0	17
151	assemblage-106-503	0	202	0	67	0	0	0	0	0	137	0	0	0	0	0	0	0	0	0	0	0	0	0	0	0	0	0	0	0	0	0	0	0	0	0	0	0	0	0	85	0	0	0	0	0	9
151	assemblage-781-185	0	0	4	0	0	0	0	0	0	0	0	0	0	0	0	63	0	170	0	0	0	0	0	0	0	0	0	35	0	0	0	0	0	0	222	0	0	0	0	0	0	0	0	0	0	6

152	assemblage-919-510	0	74	0	0	0	0	71	0	0	207	0	0	0	0	49	0	0	0	0	0	0	0	0	0	0	4	0	0	0	0	0	0	0	0	0	0	0	0	0	78	0	0	0	0	0	17
152	assemblage-106-503	0	202	0	67	0	0	0	0	0	137	0	0	0	0	0	0	0	0	0	0	0	0	0	0	0	0	0	0	0	0	0	0	0	0	0	0	0	0	0	85	0	0	0	0	0	9
152	assemblage-401-853	0	0	0	0	0	0	0	0	0	0	0	0	0	0	0	42	0	0	0	0	13	0	0	0	0	0	0	0	0	0	0	0	0	30	337	0	0	0	0	0	9	0	67	0	0	2

153	assemblage-919-510	0	74	0	0	0	0	71	0	0	207	0	0	0	0	49	0	0	0	0	0	0	0	0	0	0	4	0	0	0	0	0	0	0	0	0	0	0	0	0	78	0	0	0	0	0	17
153	assemblage-106-503	0	202	0	67	0	0	0	0	0	137	0	0	0	0	0	0	0	0	0	0	0	0	0	0	0	0	0	0	0	0	0	0	0	0	0	0	0	0	0	85	0	0	0	0	0	9
153	assemblage-153-925	0	25	0	0	0	0	0	0	0	10	0	0	0	0	0	0	28	0	10	0	0	0	0	0	0	0	0	0	0	0	0	0	0	0	6	0	0	364	0	53	0	0	0	0	0	4

154	assemblage-919-510	0	74	0	0	0	0	71	0	0	207	0	0	0	0	49	0	0	0	0	0	0	0	0	0	0	4	0	0	0	0	0	0	0	0	0	0	0	0	0	78	0	0	0	0	0	17
154	assemblage-394-839	0	0	0	0	0	0	0	0	0	0	0	0	0	0	0	201	0	3	0	0	16	0	0	64	0	0	0	0	0	0	0	0	0	0	198	0	0	0	0	0	0	0	3	0	0	15
154	assemblage-781-185	0	0	4	0	0	0	0	0	0	0	0	0	0	0	0	63	0	170	0	0	0	0	0	0	0	0	0	35	0	0	0	0	0	0	222	0	0	0	0	0	0	0	0	0	0	6

155	assemblage-919-510	0	74	0	0	0	0	71	0	0	207	0	0	0	0	49	0	0	0	0	0	0	0	0	0	0	4	0	0	0	0	0	0	0	0	0	0	0	0	0	78	0	0	0	0	0	17
155	assemblage-394-839	0	0	0	0	0	0	0	0	0	0	0	0	0	0	0	201	0	3	0	0	16	0	0	64	0	0	0	0	0	0	0	0	0	0	198	0	0	0	0	0	0	0	3	0	0	15
155	assemblage-922-171	0	0	0	0	0	0	0	0	0	0	0	0	0	0	0	193	0	18	0	0	0	0	0	0	0	0	0	0	0	0	0	0	0	0	231	0	0	42	0	0	0	0	0	0	0	16

156	assemblage-919-510	0	74	0	0	0	0	71	0	0	207	0	0	0	0	49	0	0	0	0	0	0	0	0	0	0	4	0	0	0	0	0	0	0	0	0	0	0	0	0	78	0	0	0	0	0	17
156	assemblage-394-839	0	0	0	0	0	0	0	0	0	0	0	0	0	0	0	201	0	3	0	0	16	0	0	64	0	0	0	0	0	0	0	0	0	0	198	0	0	0	0	0	0	0	3	0	0	15
156	assemblage-704-150	0	0	0	0	0	0	0	0	0	0	0	27	0	0	0	17	0	1	0	0	0	0	0	0	0	0	0	0	0	403	0	0	0	0	41	0	0	0	0	0	0	0	0	0	0	11

157	assemblage-919-510	0	74	0	0	0	0	71	0	0	207	0	0	0	0	49	0	0	0	0	0	0	0	0	0	0	4	0	0	0	0	0	0	0	0	0	0	0	0	0	78	0	0	0	0	0	17
157	assemblage-394-839	0	0	0	0	0	0	0	0	0	0	0	0	0	0	0	201	0	3	0	0	16	0	0	64	0	0	0	0	0	0	0	0	0	0	198	0	0	0	0	0	0	0	3	0	0	15
157	assemblage-401-853	0	0	0	0	0	0	0	0	0	0	0	0	0	0	0	42	0	0	0	0	13	0	0	0	0	0	0	0	0	0	0	0	0	30	337	0	0	0	0	0	9	0	67	0	0	2

158	assemblage-919-510	0	74	0	0	0	0	71	0	0	207	0	0	0	0	49	0	0	0	0	0	0	0	0	0	0	4	0	0	0	0	0	0	0	0	0	0	0	0	0	78	0	0	0	0	0	17
158	assemblage-768-770	0	0	0	0	0	0	0	0	0	0	0	0	0	0	0	247	0	0	0	0	15	0	0	52	0	0	0	0	0	0	0	0	0	0	171	0	0	0	0	0	0	0	0	0	0	15
158	assemblage-781-185	0	0	4	0	0	0	0	0	0	0	0	0	0	0	0	63	0	170	0	0	0	0	0	0	0	0	0	35	0	0	0	0	0	0	222	0	0	0	0	0	0	0	0	0	0	6

159	assemblage-919-510	0	74	0	0	0	0	71	0	0	207	0	0	0	0	49	0	0	0	0	0	0	0	0	0	0	4	0	0	0	0	0	0	0	0	0	0	0	0	0	78	0	0	0	0	0	17
159	assemblage-768-770	0	0	0	0	0	0	0	0	0	0	0	0	0	0	0	247	0	0	0	0	15	0	0	52	0	0	0	0	0	0	0	0	0	0	171	0	0	0	0	0	0	0	0	0	0	15
159	assemblage-922-171	0	0	0	0	0	0	0	0	0	0	0	0	0	0	0	193	0	18	0	0	0	0	0	0	0	0	0	0	0	0	0	0	0	0	231	0	0	42	0	0	0	0	0	0	0	16

160	assemblage-919-510	0	74	0	0	0	0	71	0	0	207	0	0	0	0	49	0	0	0	0	0	0	0	0	0	0	4	0	0	0	0	0	0	0	0	0	0	0	0	0	78	0	0	0	0	0	17
160	assemblage-768-770	0	0	0	0	0	0	0	0	0	0	0	0	0	0	0	247	0	0	0	0	15	0	0	52	0	0	0	0	0	0	0	0	0	0	171	0	0	0	0	0	0	0	0	0	0	15
160	assemblage-704-150	0	0	0	0	0	0	0	0	0	0	0	27	0	0	0	17	0	1	0	0	0	0	0	0	0	0	0	0	0	403	0	0	0	0	41	0	0	0	0	0	0	0	0	0	0	11

161	assemblage-919-510	0	74	0	0	0	0	71	0	0	207	0	0	0	0	49	0	0	0	0	0	0	0	0	0	0	4	0	0	0	0	0	0	0	0	0	0	0	0	0	78	0	0	0	0	0	17
161	assemblage-768-770	0	0	0	0	0	0	0	0	0	0	0	0	0	0	0	247	0	0	0	0	15	0	0	52	0	0	0	0	0	0	0	0	0	0	171	0	0	0	0	0	0	0	0	0	0	15
161	assemblage-401-853	0	0	0	0	0	0	0	0	0	0	0	0	0	0	0	42	0	0	0	0	13	0	0	0	0	0	0	0	0	0	0	0	0	30	337	0	0	0	0	0	9	0	67	0	0	2

162	assemblage-919-510	0	74	0	0	0	0	71	0	0	207	0	0	0	0	49	0	0	0	0	0	0	0	0	0	0	4	0	0	0	0	0	0	0	0	0	0	0	0	0	78	0	0	0	0	0	17
162	assemblage-768-770	0	0	0	0	0	0	0	0	0	0	0	0	0	0	0	247	0	0	0	0	15	0	0	52	0	0	0	0	0	0	0	0	0	0	171	0	0	0	0	0	0	0	0	0	0	15
162	assemblage-394-839	0	0	0	0	0	0	0	0	0	0	0	0	0	0	0	201	0	3	0	0	16	0	0	64	0	0	0	0	0	0	0	0	0	0	198	0	0	0	0	0	0	0	3	0	0	15

163	assemblage-919-510	0	74	0	0	0	0	71	0	0	207	0	0	0	0	49	0	0	0	0	0	0	0	0	0	0	4	0	0	0	0	0	0	0	0	0	0	0	0	0	78	0	0	0	0	0	17
163	assemblage-472-672	0	33	0	0	0	0	0	0	0	0	0	0	0	0	0	0	0	93	0	0	0	0	0	0	0	0	0	0	0	0	0	0	0	0	0	0	0	370	0	0	0	0	0	0	0	4
163	assemblage-401-853	0	0	0	0	0	0	0	0	0	0	0	0	0	0	0	42	0	0	0	0	13	0	0	0	0	0	0	0	0	0	0	0	0	30	337	0	0	0	0	0	9	0	67	0	0	2

164	assemblage-919-510	0	74	0	0	0	0	71	0	0	207	0	0	0	0	49	0	0	0	0	0	0	0	0	0	0	4	0	0	0	0	0	0	0	0	0	0	0	0	0	78	0	0	0	0	0	17
164	assemblage-329-265	0	91	0	23	0	0	0	0	0	43	0	0	0	0	0	0	55	0	0	0	0	0	0	0	0	0	0	0	0	0	0	0	0	0	0	0	0	29	0	231	0	0	0	0	17	11
164	assemblage-781-185	0	0	4	0	0	0	0	0	0	0	0	0	0	0	0	63	0	170	0	0	0	0	0	0	0	0	0	35	0	0	0	0	0	0	222	0	0	0	0	0	0	0	0	0	0	6

165	assemblage-919-510	0	74	0	0	0	0	71	0	0	207	0	0	0	0	49	0	0	0	0	0	0	0	0	0	0	4	0	0	0	0	0	0	0	0	0	0	0	0	0	78	0	0	0	0	0	17
165	assemblage-329-265	0	91	0	23	0	0	0	0	0	43	0	0	0	0	0	0	55	0	0	0	0	0	0	0	0	0	0	0	0	0	0	0	0	0	0	0	0	29	0	231	0	0	0	0	17	11
165	assemblage-704-150	0	0	0	0	0	0	0	0	0	0	0	27	0	0	0	17	0	1	0	0	0	0	0	0	0	0	0	0	0	403	0	0	0	0	41	0	0	0	0	0	0	0	0	0	0	11

166	assemblage-919-510	0	74	0	0	0	0	71	0	0	207	0	0	0	0	49	0	0	0	0	0	0	0	0	0	0	4	0	0	0	0	0	0	0	0	0	0	0	0	0	78	0	0	0	0	0	17
166	assemblage-329-265	0	91	0	23	0	0	0	0	0	43	0	0	0	0	0	0	55	0	0	0	0	0	0	0	0	0	0	0	0	0	0	0	0	0	0	0	0	29	0	231	0	0	0	0	17	11
166	assemblage-401-853	0	0	0	0	0	0	0	0	0	0	0	0	0	0	0	42	0	0	0	0	13	0	0	0	0	0	0	0	0	0	0	0	0	30	337	0	0	0	0	0	9	0	67	0	0	2

167	assemblage-919-510	0	74	0	0	0	0	71	0	0	207	0	0	0	0	49	0	0	0	0	0	0	0	0	0	0	4	0	0	0	0	0	0	0	0	0	0	0	0	0	78	0	0	0	0	0	17
167	assemblage-329-265	0	91	0	23	0	0	0	0	0	43	0	0	0	0	0	0	55	0	0	0	0	0	0	0	0	0	0	0	0	0	0	0	0	0	0	0	0	29	0	231	0	0	0	0	17	11
167	assemblage-580-539	0	16	0	75	184	0	0	0	0	0	135	0	0	0	0	27	25	0	0	0	0	0	0	0	0	0	0	0	5	0	0	0	0	0	0	0	0	0	0	21	0	0	0	0	0	12

168	assemblage-919-510	0	74	0	0	0	0	71	0	0	207	0	0	0	0	49	0	0	0	0	0	0	0	0	0	0	4	0	0	0	0	0	0	0	0	0	0	0	0	0	78	0	0	0	0	0	17
168	assemblage-329-265	0	91	0	23	0	0	0	0	0	43	0	0	0	0	0	0	55	0	0	0	0	0	0	0	0	0	0	0	0	0	0	0	0	0	0	0	0	29	0	231	0	0	0	0	17	11
168	assemblage-153-925	0	25	0	0	0	0	0	0	0	10	0	0	0	0	0	0	28	0	10	0	0	0	0	0	0	0	0	0	0	0	0	0	0	0	6	0	0	364	0	53	0	0	0	0	0	4

169	assemblage-919-510	0	74	0	0	0	0	71	0	0	207	0	0	0	0	49	0	0	0	0	0	0	0	0	0	0	4	0	0	0	0	0	0	0	0	0	0	0	0	0	78	0	0	0	0	0	17
169	assemblage-329-265	0	91	0	23	0	0	0	0	0	43	0	0	0	0	0	0	55	0	0	0	0	0	0	0	0	0	0	0	0	0	0	0	0	0	0	0	0	29	0	231	0	0	0	0	17	11
169	assemblage-472-672	0	33	0	0	0	0	0	0	0	0	0	0	0	0	0	0	0	93	0	0	0	0	0	0	0	0	0	0	0	0	0	0	0	0	0	0	0	370	0	0	0	0	0	0	0	4

170	assemblage-919-510	0	74	0	0	0	0	71	0	0	207	0	0	0	0	49	0	0	0	0	0	0	0	0	0	0	4	0	0	0	0	0	0	0	0	0	0	0	0	0	78	0	0	0	0	0	17
170	assemblage-224-589	0	24	0	75	196	0	0	0	6	4	133	0	0	0	0	15	14	0	0	0	0	0	0	0	0	0	0	0	4	0	0	0	0	0	0	0	0	0	0	23	0	0	0	0	0	6
170	assemblage-781-185	0	0	4	0	0	0	0	0	0	0	0	0	0	0	0	63	0	170	0	0	0	0	0	0	0	0	0	35	0	0	0	0	0	0	222	0	0	0	0	0	0	0	0	0	0	6

171	assemblage-919-510	0	74	0	0	0	0	71	0	0	207	0	0	0	0	49	0	0	0	0	0	0	0	0	0	0	4	0	0	0	0	0	0	0	0	0	0	0	0	0	78	0	0	0	0	0	17
171	assemblage-224-589	0	24	0	75	196	0	0	0	6	4	133	0	0	0	0	15	14	0	0	0	0	0	0	0	0	0	0	0	4	0	0	0	0	0	0	0	0	0	0	23	0	0	0	0	0	6
171	assemblage-401-853	0	0	0	0	0	0	0	0	0	0	0	0	0	0	0	42	0	0	0	0	13	0	0	0	0	0	0	0	0	0	0	0	0	30	337	0	0	0	0	0	9	0	67	0	0	2

172	assemblage-919-510	0	74	0	0	0	0	71	0	0	207	0	0	0	0	49	0	0	0	0	0	0	0	0	0	0	4	0	0	0	0	0	0	0	0	0	0	0	0	0	78	0	0	0	0	0	17
172	assemblage-776-766	0	0	0	0	0	0	0	0	0	0	0	0	0	0	0	48	0	0	0	0	9	0	0	0	0	0	0	0	0	0	0	0	0	43	300	0	0	0	0	0	2	0	89	0	0	9
172	assemblage-781-185	0	0	4	0	0	0	0	0	0	0	0	0	0	0	0	63	0	170	0	0	0	0	0	0	0	0	0	35	0	0	0	0	0	0	222	0	0	0	0	0	0	0	0	0	0	6

173	assemblage-919-510	0	74	0	0	0	0	71	0	0	207	0	0	0	0	49	0	0	0	0	0	0	0	0	0	0	4	0	0	0	0	0	0	0	0	0	0	0	0	0	78	0	0	0	0	0	17
173	assemblage-776-766	0	0	0	0	0	0	0	0	0	0	0	0	0	0	0	48	0	0	0	0	9	0	0	0	0	0	0	0	0	0	0	0	0	43	300	0	0	0	0	0	2	0	89	0	0	9
173	assemblage-401-853	0	0	0	0	0	0	0	0	0	0	0	0	0	0	0	42	0	0	0	0	13	0	0	0	0	0	0	0	0	0	0	0	0	30	337	0	0	0	0	0	9	0	67	0	0	2

174	assemblage-919-510	0	74	0	0	0	0	71	0	0	207	0	0	0	0	49	0	0	0	0	0	0	0	0	0	0	4	0	0	0	0	0	0	0	0	0	0	0	0	0	78	0	0	0	0	0	17
174	assemblage-695-147	0	0	0	0	0	0	0	0	0	0	0	0	0	0	0	106	0	0	0	0	0	0	0	0	51	0	0	0	0	15	0	0	0	0	305	0	0	0	0	0	0	0	0	3	0	20
174	assemblage-781-185	0	0	4	0	0	0	0	0	0	0	0	0	0	0	0	63	0	170	0	0	0	0	0	0	0	0	0	35	0	0	0	0	0	0	222	0	0	0	0	0	0	0	0	0	0	6

175	assemblage-919-510	0	74	0	0	0	0	71	0	0	207	0	0	0	0	49	0	0	0	0	0	0	0	0	0	0	4	0	0	0	0	0	0	0	0	0	0	0	0	0	78	0	0	0	0	0	17
175	assemblage-695-147	0	0	0	0	0	0	0	0	0	0	0	0	0	0	0	106	0	0	0	0	0	0	0	0	51	0	0	0	0	15	0	0	0	0	305	0	0	0	0	0	0	0	0	3	0	20
175	assemblage-922-171	0	0	0	0	0	0	0	0	0	0	0	0	0	0	0	193	0	18	0	0	0	0	0	0	0	0	0	0	0	0	0	0	0	0	231	0	0	42	0	0	0	0	0	0	0	16

176	assemblage-919-510	0	74	0	0	0	0	71	0	0	207	0	0	0	0	49	0	0	0	0	0	0	0	0	0	0	4	0	0	0	0	0	0	0	0	0	0	0	0	0	78	0	0	0	0	0	17
176	assemblage-695-147	0	0	0	0	0	0	0	0	0	0	0	0	0	0	0	106	0	0	0	0	0	0	0	0	51	0	0	0	0	15	0	0	0	0	305	0	0	0	0	0	0	0	0	3	0	20
176	assemblage-704-150	0	0	0	0	0	0	0	0	0	0	0	27	0	0	0	17	0	1	0	0	0	0	0	0	0	0	0	0	0	403	0	0	0	0	41	0	0	0	0	0	0	0	0	0	0	11

177	assemblage-919-510	0	74	0	0	0	0	71	0	0	207	0	0	0	0	49	0	0	0	0	0	0	0	0	0	0	4	0	0	0	0	0	0	0	0	0	0	0	0	0	78	0	0	0	0	0	17
177	assemblage-695-147	0	0	0	0	0	0	0	0	0	0	0	0	0	0	0	106	0	0	0	0	0	0	0	0	51	0	0	0	0	15	0	0	0	0	305	0	0	0	0	0	0	0	0	3	0	20
177	assemblage-401-853	0	0	0	0	0	0	0	0	0	0	0	0	0	0	0	42	0	0	0	0	13	0	0	0	0	0	0	0	0	0	0	0	0	30	337	0	0	0	0	0	9	0	67	0	0	2

178	assemblage-919-510	0	74	0	0	0	0	71	0	0	207	0	0	0	0	49	0	0	0	0	0	0	0	0	0	0	4	0	0	0	0	0	0	0	0	0	0	0	0	0	78	0	0	0	0	0	17
178	assemblage-695-147	0	0	0	0	0	0	0	0	0	0	0	0	0	0	0	106	0	0	0	0	0	0	0	0	51	0	0	0	0	15	0	0	0	0	305	0	0	0	0	0	0	0	0	3	0	20
178	assemblage-377-179	0	0	0	0	0	0	0	0	0	0	0	30	0	0	0	20	0	0	0	0	0	0	0	0	0	0	0	0	0	376	0	0	0	0	56	0	0	0	0	0	0	0	0	0	0	18

179	assemblage-919-510	0	74	0	0	0	0	71	0	0	207	0	0	0	0	49	0	0	0	0	0	0	0	0	0	0	4	0	0	0	0	0	0	0	0	0	0	0	0	0	78	0	0	0	0	0	17
179	assemblage-695-147	0	0	0	0	0	0	0	0	0	0	0	0	0	0	0	106	0	0	0	0	0	0	0	0	51	0	0	0	0	15	0	0	0	0	305	0	0	0	0	0	0	0	0	3	0	20
179	assemblage-394-839	0	0	0	0	0	0	0	0	0	0	0	0	0	0	0	201	0	3	0	0	16	0	0	64	0	0	0	0	0	0	0	0	0	0	198	0	0	0	0	0	0	0	3	0	0	15

180	assemblage-919-510	0	74	0	0	0	0	71	0	0	207	0	0	0	0	49	0	0	0	0	0	0	0	0	0	0	4	0	0	0	0	0	0	0	0	0	0	0	0	0	78	0	0	0	0	0	17
180	assemblage-695-147	0	0	0	0	0	0	0	0	0	0	0	0	0	0	0	106	0	0	0	0	0	0	0	0	51	0	0	0	0	15	0	0	0	0	305	0	0	0	0	0	0	0	0	3	0	20
180	assemblage-768-770	0	0	0	0	0	0	0	0	0	0	0	0	0	0	0	247	0	0	0	0	15	0	0	52	0	0	0	0	0	0	0	0	0	0	171	0	0	0	0	0	0	0	0	0	0	15

181	assemblage-919-510	0	74	0	0	0	0	71	0	0	207	0	0	0	0	49	0	0	0	0	0	0	0	0	0	0	4	0	0	0	0	0	0	0	0	0	0	0	0	0	78	0	0	0	0	0	17
181	assemblage-695-147	0	0	0	0	0	0	0	0	0	0	0	0	0	0	0	106	0	0	0	0	0	0	0	0	51	0	0	0	0	15	0	0	0	0	305	0	0	0	0	0	0	0	0	3	0	20
181	assemblage-776-766	0	0	0	0	0	0	0	0	0	0	0	0	0	0	0	48	0	0	0	0	9	0	0	0	0	0	0	0	0	0	0	0	0	43	300	0	0	0	0	0	2	0	89	0	0	9

182	assemblage-465-461	0	21	0	60	177	0	0	0	0	7	131	0	0	0	0	27	20	7	0	0	0	0	0	0	0	0	0	0	0	0	0	0	0	0	0	0	0	0	0	33	0	0	0	0	0	17
182	assemblage-922-171	0	0	0	0	0	0	0	0	0	0	0	0	0	0	0	193	0	18	0	0	0	0	0	0	0	0	0	0	0	0	0	0	0	0	231	0	0	42	0	0	0	0	0	0	0	16
182	assemblage-781-185	0	0	4	0	0	0	0	0	0	0	0	0	0	0	0	63	0	170	0	0	0	0	0	0	0	0	0	35	0	0	0	0	0	0	222	0	0	0	0	0	0	0	0	0	0	6

183	assemblage-465-461	0	21	0	60	177	0	0	0	0	7	131	0	0	0	0	27	20	7	0	0	0	0	0	0	0	0	0	0	0	0	0	0	0	0	0	0	0	0	0	33	0	0	0	0	0	17
183	assemblage-580-539	0	16	0	75	184	0	0	0	0	0	135	0	0	0	0	27	25	0	0	0	0	0	0	0	0	0	0	0	5	0	0	0	0	0	0	0	0	0	0	21	0	0	0	0	0	12
183	assemblage-401-853	0	0	0	0	0	0	0	0	0	0	0	0	0	0	0	42	0	0	0	0	13	0	0	0	0	0	0	0	0	0	0	0	0	30	337	0	0	0	0	0	9	0	67	0	0	2

184	assemblage-465-461	0	21	0	60	177	0	0	0	0	7	131	0	0	0	0	27	20	7	0	0	0	0	0	0	0	0	0	0	0	0	0	0	0	0	0	0	0	0	0	33	0	0	0	0	0	17
184	assemblage-394-839	0	0	0	0	0	0	0	0	0	0	0	0	0	0	0	201	0	3	0	0	16	0	0	64	0	0	0	0	0	0	0	0	0	0	198	0	0	0	0	0	0	0	3	0	0	15
184	assemblage-704-150	0	0	0	0	0	0	0	0	0	0	0	27	0	0	0	17	0	1	0	0	0	0	0	0	0	0	0	0	0	403	0	0	0	0	41	0	0	0	0	0	0	0	0	0	0	11

185	assemblage-465-461	0	21	0	60	177	0	0	0	0	7	131	0	0	0	0	27	20	7	0	0	0	0	0	0	0	0	0	0	0	0	0	0	0	0	0	0	0	0	0	33	0	0	0	0	0	17
185	assemblage-394-839	0	0	0	0	0	0	0	0	0	0	0	0	0	0	0	201	0	3	0	0	16	0	0	64	0	0	0	0	0	0	0	0	0	0	198	0	0	0	0	0	0	0	3	0	0	15
185	assemblage-401-853	0	0	0	0	0	0	0	0	0	0	0	0	0	0	0	42	0	0	0	0	13	0	0	0	0	0	0	0	0	0	0	0	0	30	337	0	0	0	0	0	9	0	67	0	0	2

186	assemblage-465-461	0	21	0	60	177	0	0	0	0	7	131	0	0	0	0	27	20	7	0	0	0	0	0	0	0	0	0	0	0	0	0	0	0	0	0	0	0	0	0	33	0	0	0	0	0	17
186	assemblage-768-770	0	0	0	0	0	0	0	0	0	0	0	0	0	0	0	247	0	0	0	0	15	0	0	52	0	0	0	0	0	0	0	0	0	0	171	0	0	0	0	0	0	0	0	0	0	15
186	assemblage-401-853	0	0	0	0	0	0	0	0	0	0	0	0	0	0	0	42	0	0	0	0	13	0	0	0	0	0	0	0	0	0	0	0	0	30	337	0	0	0	0	0	9	0	67	0	0	2

187	assemblage-465-461	0	21	0	60	177	0	0	0	0	7	131	0	0	0	0	27	20	7	0	0	0	0	0	0	0	0	0	0	0	0	0	0	0	0	0	0	0	0	0	33	0	0	0	0	0	17
187	assemblage-329-265	0	91	0	23	0	0	0	0	0	43	0	0	0	0	0	0	55	0	0	0	0	0	0	0	0	0	0	0	0	0	0	0	0	0	0	0	0	29	0	231	0	0	0	0	17	11
187	assemblage-153-925	0	25	0	0	0	0	0	0	0	10	0	0	0	0	0	0	28	0	10	0	0	0	0	0	0	0	0	0	0	0	0	0	0	0	6	0	0	364	0	53	0	0	0	0	0	4

188	assemblage-465-461	0	21	0	60	177	0	0	0	0	7	131	0	0	0	0	27	20	7	0	0	0	0	0	0	0	0	0	0	0	0	0	0	0	0	0	0	0	0	0	33	0	0	0	0	0	17
188	assemblage-776-766	0	0	0	0	0	0	0	0	0	0	0	0	0	0	0	48	0	0	0	0	9	0	0	0	0	0	0	0	0	0	0	0	0	43	300	0	0	0	0	0	2	0	89	0	0	9
188	assemblage-401-853	0	0	0	0	0	0	0	0	0	0	0	0	0	0	0	42	0	0	0	0	13	0	0	0	0	0	0	0	0	0	0	0	0	30	337	0	0	0	0	0	9	0	67	0	0	2

189	assemblage-465-461	0	21	0	60	177	0	0	0	0	7	131	0	0	0	0	27	20	7	0	0	0	0	0	0	0	0	0	0	0	0	0	0	0	0	0	0	0	0	0	33	0	0	0	0	0	17
189	assemblage-695-147	0	0	0	0	0	0	0	0	0	0	0	0	0	0	0	106	0	0	0	0	0	0	0	0	51	0	0	0	0	15	0	0	0	0	305	0	0	0	0	0	0	0	0	3	0	20
189	assemblage-401-853	0	0	0	0	0	0	0	0	0	0	0	0	0	0	0	42	0	0	0	0	13	0	0	0	0	0	0	0	0	0	0	0	0	30	337	0	0	0	0	0	9	0	67	0	0	2

190	assemblage-465-461	0	21	0	60	177	0	0	0	0	7	131	0	0	0	0	27	20	7	0	0	0	0	0	0	0	0	0	0	0	0	0	0	0	0	0	0	0	0	0	33	0	0	0	0	0	17
190	assemblage-695-147	0	0	0	0	0	0	0	0	0	0	0	0	0	0	0	106	0	0	0	0	0	0	0	0	51	0	0	0	0	15	0	0	0	0	305	0	0	0	0	0	0	0	0	3	0	20
190	assemblage-377-179	0	0	0	0	0	0	0	0	0	0	0	30	0	0	0	20	0	0	0	0	0	0	0	0	0	0	0	0	0	376	0	0	0	0	56	0	0	0	0	0	0	0	0	0	0	18

191	assemblage-465-461	0	21	0	60	177	0	0	0	0	7	131	0	0	0	0	27	20	7	0	0	0	0	0	0	0	0	0	0	0	0	0	0	0	0	0	0	0	0	0	33	0	0	0	0	0	17
191	assemblage-695-147	0	0	0	0	0	0	0	0	0	0	0	0	0	0	0	106	0	0	0	0	0	0	0	0	51	0	0	0	0	15	0	0	0	0	305	0	0	0	0	0	0	0	0	3	0	20
191	assemblage-768-770	0	0	0	0	0	0	0	0	0	0	0	0	0	0	0	247	0	0	0	0	15	0	0	52	0	0	0	0	0	0	0	0	0	0	171	0	0	0	0	0	0	0	0	0	0	15

192	assemblage-465-461	0	21	0	60	177	0	0	0	0	7	131	0	0	0	0	27	20	7	0	0	0	0	0	0	0	0	0	0	0	0	0	0	0	0	0	0	0	0	0	33	0	0	0	0	0	17
192	assemblage-695-147	0	0	0	0	0	0	0	0	0	0	0	0	0	0	0	106	0	0	0	0	0	0	0	0	51	0	0	0	0	15	0	0	0	0	305	0	0	0	0	0	0	0	0	3	0	20
192	assemblage-776-766	0	0	0	0	0	0	0	0	0	0	0	0	0	0	0	48	0	0	0	0	9	0	0	0	0	0	0	0	0	0	0	0	0	43	300	0	0	0	0	0	2	0	89	0	0	9

193	assemblage-465-461	0	21	0	60	177	0	0	0	0	7	131	0	0	0	0	27	20	7	0	0	0	0	0	0	0	0	0	0	0	0	0	0	0	0	0	0	0	0	0	33	0	0	0	0	0	17
193	assemblage-919-510	0	74	0	0	0	0	71	0	0	207	0	0	0	0	49	0	0	0	0	0	0	0	0	0	0	4	0	0	0	0	0	0	0	0	0	0	0	0	0	78	0	0	0	0	0	17
193	assemblage-500-912	0	256	0	0	0	0	0	0	0	116	0	0	0	0	0	0	0	0	0	0	0	0	0	0	0	0	90	0	0	0	0	0	0	0	0	0	0	0	0	20	0	0	0	0	0	18

194	assemblage-601-539	0	17	0	87	174	0	0	0	5	8	102	0	0	0	0	33	29	0	0	0	0	0	0	0	0	0	0	0	0	0	0	0	0	0	0	0	0	0	0	28	0	0	0	0	0	17
194	assemblage-922-171	0	0	0	0	0	0	0	0	0	0	0	0	0	0	0	193	0	18	0	0	0	0	0	0	0	0	0	0	0	0	0	0	0	0	231	0	0	42	0	0	0	0	0	0	0	16
194	assemblage-781-185	0	0	4	0	0	0	0	0	0	0	0	0	0	0	0	63	0	170	0	0	0	0	0	0	0	0	0	35	0	0	0	0	0	0	222	0	0	0	0	0	0	0	0	0	0	6

195	assemblage-601-539	0	17	0	87	174	0	0	0	5	8	102	0	0	0	0	33	29	0	0	0	0	0	0	0	0	0	0	0	0	0	0	0	0	0	0	0	0	0	0	28	0	0	0	0	0	17
195	assemblage-580-539	0	16	0	75	184	0	0	0	0	0	135	0	0	0	0	27	25	0	0	0	0	0	0	0	0	0	0	0	5	0	0	0	0	0	0	0	0	0	0	21	0	0	0	0	0	12
195	assemblage-704-150	0	0	0	0	0	0	0	0	0	0	0	27	0	0	0	17	0	1	0	0	0	0	0	0	0	0	0	0	0	403	0	0	0	0	41	0	0	0	0	0	0	0	0	0	0	11

196	assemblage-601-539	0	17	0	87	174	0	0	0	5	8	102	0	0	0	0	33	29	0	0	0	0	0	0	0	0	0	0	0	0	0	0	0	0	0	0	0	0	0	0	28	0	0	0	0	0	17
196	assemblage-377-179	0	0	0	0	0	0	0	0	0	0	0	30	0	0	0	20	0	0	0	0	0	0	0	0	0	0	0	0	0	376	0	0	0	0	56	0	0	0	0	0	0	0	0	0	0	18
196	assemblage-704-150	0	0	0	0	0	0	0	0	0	0	0	27	0	0	0	17	0	1	0	0	0	0	0	0	0	0	0	0	0	403	0	0	0	0	41	0	0	0	0	0	0	0	0	0	0	11

197	assemblage-601-539	0	17	0	87	174	0	0	0	5	8	102	0	0	0	0	33	29	0	0	0	0	0	0	0	0	0	0	0	0	0	0	0	0	0	0	0	0	0	0	28	0	0	0	0	0	17
197	assemblage-394-839	0	0	0	0	0	0	0	0	0	0	0	0	0	0	0	201	0	3	0	0	16	0	0	64	0	0	0	0	0	0	0	0	0	0	198	0	0	0	0	0	0	0	3	0	0	15
197	assemblage-781-185	0	0	4	0	0	0	0	0	0	0	0	0	0	0	0	63	0	170	0	0	0	0	0	0	0	0	0	35	0	0	0	0	0	0	222	0	0	0	0	0	0	0	0	0	0	6

198	assemblage-601-539	0	17	0	87	174	0	0	0	5	8	102	0	0	0	0	33	29	0	0	0	0	0	0	0	0	0	0	0	0	0	0	0	0	0	0	0	0	0	0	28	0	0	0	0	0	17
198	assemblage-394-839	0	0	0	0	0	0	0	0	0	0	0	0	0	0	0	201	0	3	0	0	16	0	0	64	0	0	0	0	0	0	0	0	0	0	198	0	0	0	0	0	0	0	3	0	0	15
198	assemblage-922-171	0	0	0	0	0	0	0	0	0	0	0	0	0	0	0	193	0	18	0	0	0	0	0	0	0	0	0	0	0	0	0	0	0	0	231	0	0	42	0	0	0	0	0	0	0	16

199	assemblage-601-539	0	17	0	87	174	0	0	0	5	8	102	0	0	0	0	33	29	0	0	0	0	0	0	0	0	0	0	0	0	0	0	0	0	0	0	0	0	0	0	28	0	0	0	0	0	17
199	assemblage-394-839	0	0	0	0	0	0	0	0	0	0	0	0	0	0	0	201	0	3	0	0	16	0	0	64	0	0	0	0	0	0	0	0	0	0	198	0	0	0	0	0	0	0	3	0	0	15
199	assemblage-704-150	0	0	0	0	0	0	0	0	0	0	0	27	0	0	0	17	0	1	0	0	0	0	0	0	0	0	0	0	0	403	0	0	0	0	41	0	0	0	0	0	0	0	0	0	0	11

200	assemblage-601-539	0	17	0	87	174	0	0	0	5	8	102	0	0	0	0	33	29	0	0	0	0	0	0	0	0	0	0	0	0	0	0	0	0	0	0	0	0	0	0	28	0	0	0	0	0	17
200	assemblage-394-839	0	0	0	0	0	0	0	0	0	0	0	0	0	0	0	201	0	3	0	0	16	0	0	64	0	0	0	0	0	0	0	0	0	0	198	0	0	0	0	0	0	0	3	0	0	15
200	assemblage-401-853	0	0	0	0	0	0	0	0	0	0	0	0	0	0	0	42	0	0	0	0	13	0	0	0	0	0	0	0	0	0	0	0	0	30	337	0	0	0	0	0	9	0	67	0	0	2

201	assemblage-601-539	0	17	0	87	174	0	0	0	5	8	102	0	0	0	0	33	29	0	0	0	0	0	0	0	0	0	0	0	0	0	0	0	0	0	0	0	0	0	0	28	0	0	0	0	0	17
201	assemblage-768-770	0	0	0	0	0	0	0	0	0	0	0	0	0	0	0	247	0	0	0	0	15	0	0	52	0	0	0	0	0	0	0	0	0	0	171	0	0	0	0	0	0	0	0	0	0	15
201	assemblage-781-185	0	0	4	0	0	0	0	0	0	0	0	0	0	0	0	63	0	170	0	0	0	0	0	0	0	0	0	35	0	0	0	0	0	0	222	0	0	0	0	0	0	0	0	0	0	6

202	assemblage-601-539	0	17	0	87	174	0	0	0	5	8	102	0	0	0	0	33	29	0	0	0	0	0	0	0	0	0	0	0	0	0	0	0	0	0	0	0	0	0	0	28	0	0	0	0	0	17
202	assemblage-768-770	0	0	0	0	0	0	0	0	0	0	0	0	0	0	0	247	0	0	0	0	15	0	0	52	0	0	0	0	0	0	0	0	0	0	171	0	0	0	0	0	0	0	0	0	0	15
202	assemblage-922-171	0	0	0	0	0	0	0	0	0	0	0	0	0	0	0	193	0	18	0	0	0	0	0	0	0	0	0	0	0	0	0	0	0	0	231	0	0	42	0	0	0	0	0	0	0	16

203	assemblage-601-539	0	17	0	87	174	0	0	0	5	8	102	0	0	0	0	33	29	0	0	0	0	0	0	0	0	0	0	0	0	0	0	0	0	0	0	0	0	0	0	28	0	0	0	0	0	17
203	assemblage-768-770	0	0	0	0	0	0	0	0	0	0	0	0	0	0	0	247	0	0	0	0	15	0	0	52	0	0	0	0	0	0	0	0	0	0	171	0	0	0	0	0	0	0	0	0	0	15
203	assemblage-704-150	0	0	0	0	0	0	0	0	0	0	0	27	0	0	0	17	0	1	0	0	0	0	0	0	0	0	0	0	0	403	0	0	0	0	41	0	0	0	0	0	0	0	0	0	0	11

204	assemblage-601-539	0	17	0	87	174	0	0	0	5	8	102	0	0	0	0	33	29	0	0	0	0	0	0	0	0	0	0	0	0	0	0	0	0	0	0	0	0	0	0	28	0	0	0	0	0	17
204	assemblage-768-770	0	0	0	0	0	0	0	0	0	0	0	0	0	0	0	247	0	0	0	0	15	0	0	52	0	0	0	0	0	0	0	0	0	0	171	0	0	0	0	0	0	0	0	0	0	15
204	assemblage-401-853	0	0	0	0	0	0	0	0	0	0	0	0	0	0	0	42	0	0	0	0	13	0	0	0	0	0	0	0	0	0	0	0	0	30	337	0	0	0	0	0	9	0	67	0	0	2

205	assemblage-601-539	0	17	0	87	174	0	0	0	5	8	102	0	0	0	0	33	29	0	0	0	0	0	0	0	0	0	0	0	0	0	0	0	0	0	0	0	0	0	0	28	0	0	0	0	0	17
205	assemblage-768-770	0	0	0	0	0	0	0	0	0	0	0	0	0	0	0	247	0	0	0	0	15	0	0	52	0	0	0	0	0	0	0	0	0	0	171	0	0	0	0	0	0	0	0	0	0	15
205	assemblage-394-839	0	0	0	0	0	0	0	0	0	0	0	0	0	0	0	201	0	3	0	0	16	0	0	64	0	0	0	0	0	0	0	0	0	0	198	0	0	0	0	0	0	0	3	0	0	15

206	assemblage-601-539	0	17	0	87	174	0	0	0	5	8	102	0	0	0	0	33	29	0	0	0	0	0	0	0	0	0	0	0	0	0	0	0	0	0	0	0	0	0	0	28	0	0	0	0	0	17
206	assemblage-329-265	0	91	0	23	0	0	0	0	0	43	0	0	0	0	0	0	55	0	0	0	0	0	0	0	0	0	0	0	0	0	0	0	0	0	0	0	0	29	0	231	0	0	0	0	17	11
206	assemblage-153-925	0	25	0	0	0	0	0	0	0	10	0	0	0	0	0	0	28	0	10	0	0	0	0	0	0	0	0	0	0	0	0	0	0	0	6	0	0	364	0	53	0	0	0	0	0	4

207	assemblage-601-539	0	17	0	87	174	0	0	0	5	8	102	0	0	0	0	33	29	0	0	0	0	0	0	0	0	0	0	0	0	0	0	0	0	0	0	0	0	0	0	28	0	0	0	0	0	17
207	assemblage-329-265	0	91	0	23	0	0	0	0	0	43	0	0	0	0	0	0	55	0	0	0	0	0	0	0	0	0	0	0	0	0	0	0	0	0	0	0	0	29	0	231	0	0	0	0	17	11
207	assemblage-472-672	0	33	0	0	0	0	0	0	0	0	0	0	0	0	0	0	0	93	0	0	0	0	0	0	0	0	0	0	0	0	0	0	0	0	0	0	0	370	0	0	0	0	0	0	0	4

208	assemblage-601-539	0	17	0	87	174	0	0	0	5	8	102	0	0	0	0	33	29	0	0	0	0	0	0	0	0	0	0	0	0	0	0	0	0	0	0	0	0	0	0	28	0	0	0	0	0	17
208	assemblage-224-589	0	24	0	75	196	0	0	0	6	4	133	0	0	0	0	15	14	0	0	0	0	0	0	0	0	0	0	0	4	0	0	0	0	0	0	0	0	0	0	23	0	0	0	0	0	6
208	assemblage-472-672	0	33	0	0	0	0	0	0	0	0	0	0	0	0	0	0	0	93	0	0	0	0	0	0	0	0	0	0	0	0	0	0	0	0	0	0	0	370	0	0	0	0	0	0	0	4

209	assemblage-601-539	0	17	0	87	174	0	0	0	5	8	102	0	0	0	0	33	29	0	0	0	0	0	0	0	0	0	0	0	0	0	0	0	0	0	0	0	0	0	0	28	0	0	0	0	0	17
209	assemblage-776-766	0	0	0	0	0	0	0	0	0	0	0	0	0	0	0	48	0	0	0	0	9	0	0	0	0	0	0	0	0	0	0	0	0	43	300	0	0	0	0	0	2	0	89	0	0	9
209	assemblage-781-185	0	0	4	0	0	0	0	0	0	0	0	0	0	0	0	63	0	170	0	0	0	0	0	0	0	0	0	35	0	0	0	0	0	0	222	0	0	0	0	0	0	0	0	0	0	6

210	assemblage-601-539	0	17	0	87	174	0	0	0	5	8	102	0	0	0	0	33	29	0	0	0	0	0	0	0	0	0	0	0	0	0	0	0	0	0	0	0	0	0	0	28	0	0	0	0	0	17
210	assemblage-776-766	0	0	0	0	0	0	0	0	0	0	0	0	0	0	0	48	0	0	0	0	9	0	0	0	0	0	0	0	0	0	0	0	0	43	300	0	0	0	0	0	2	0	89	0	0	9
210	assemblage-401-853	0	0	0	0	0	0	0	0	0	0	0	0	0	0	0	42	0	0	0	0	13	0	0	0	0	0	0	0	0	0	0	0	0	30	337	0	0	0	0	0	9	0	67	0	0	2

211	assemblage-601-539	0	17	0	87	174	0	0	0	5	8	102	0	0	0	0	33	29	0	0	0	0	0	0	0	0	0	0	0	0	0	0	0	0	0	0	0	0	0	0	28	0	0	0	0	0	17
211	assemblage-695-147	0	0	0	0	0	0	0	0	0	0	0	0	0	0	0	106	0	0	0	0	0	0	0	0	51	0	0	0	0	15	0	0	0	0	305	0	0	0	0	0	0	0	0	3	0	20
211	assemblage-781-185	0	0	4	0	0	0	0	0	0	0	0	0	0	0	0	63	0	170	0	0	0	0	0	0	0	0	0	35	0	0	0	0	0	0	222	0	0	0	0	0	0	0	0	0	0	6

212	assemblage-601-539	0	17	0	87	174	0	0	0	5	8	102	0	0	0	0	33	29	0	0	0	0	0	0	0	0	0	0	0	0	0	0	0	0	0	0	0	0	0	0	28	0	0	0	0	0	17
212	assemblage-695-147	0	0	0	0	0	0	0	0	0	0	0	0	0	0	0	106	0	0	0	0	0	0	0	0	51	0	0	0	0	15	0	0	0	0	305	0	0	0	0	0	0	0	0	3	0	20
212	assemblage-922-171	0	0	0	0	0	0	0	0	0	0	0	0	0	0	0	193	0	18	0	0	0	0	0	0	0	0	0	0	0	0	0	0	0	0	231	0	0	42	0	0	0	0	0	0	0	16

213	assemblage-601-539	0	17	0	87	174	0	0	0	5	8	102	0	0	0	0	33	29	0	0	0	0	0	0	0	0	0	0	0	0	0	0	0	0	0	0	0	0	0	0	28	0	0	0	0	0	17
213	assemblage-695-147	0	0	0	0	0	0	0	0	0	0	0	0	0	0	0	106	0	0	0	0	0	0	0	0	51	0	0	0	0	15	0	0	0	0	305	0	0	0	0	0	0	0	0	3	0	20
213	assemblage-704-150	0	0	0	0	0	0	0	0	0	0	0	27	0	0	0	17	0	1	0	0	0	0	0	0	0	0	0	0	0	403	0	0	0	0	41	0	0	0	0	0	0	0	0	0	0	11

214	assemblage-601-539	0	17	0	87	174	0	0	0	5	8	102	0	0	0	0	33	29	0	0	0	0	0	0	0	0	0	0	0	0	0	0	0	0	0	0	0	0	0	0	28	0	0	0	0	0	17
214	assemblage-695-147	0	0	0	0	0	0	0	0	0	0	0	0	0	0	0	106	0	0	0	0	0	0	0	0	51	0	0	0	0	15	0	0	0	0	305	0	0	0	0	0	0	0	0	3	0	20
214	assemblage-401-853	0	0	0	0	0	0	0	0	0	0	0	0	0	0	0	42	0	0	0	0	13	0	0	0	0	0	0	0	0	0	0	0	0	30	337	0	0	0	0	0	9	0	67	0	0	2

215	assemblage-601-539	0	17	0	87	174	0	0	0	5	8	102	0	0	0	0	33	29	0	0	0	0	0	0	0	0	0	0	0	0	0	0	0	0	0	0	0	0	0	0	28	0	0	0	0	0	17
215	assemblage-695-147	0	0	0	0	0	0	0	0	0	0	0	0	0	0	0	106	0	0	0	0	0	0	0	0	51	0	0	0	0	15	0	0	0	0	305	0	0	0	0	0	0	0	0	3	0	20
215	assemblage-377-179	0	0	0	0	0	0	0	0	0	0	0	30	0	0	0	20	0	0	0	0	0	0	0	0	0	0	0	0	0	376	0	0	0	0	56	0	0	0	0	0	0	0	0	0	0	18

216	assemblage-601-539	0	17	0	87	174	0	0	0	5	8	102	0	0	0	0	33	29	0	0	0	0	0	0	0	0	0	0	0	0	0	0	0	0	0	0	0	0	0	0	28	0	0	0	0	0	17
216	assemblage-695-147	0	0	0	0	0	0	0	0	0	0	0	0	0	0	0	106	0	0	0	0	0	0	0	0	51	0	0	0	0	15	0	0	0	0	305	0	0	0	0	0	0	0	0	3	0	20
216	assemblage-394-839	0	0	0	0	0	0	0	0	0	0	0	0	0	0	0	201	0	3	0	0	16	0	0	64	0	0	0	0	0	0	0	0	0	0	198	0	0	0	0	0	0	0	3	0	0	15

217	assemblage-601-539	0	17	0	87	174	0	0	0	5	8	102	0	0	0	0	33	29	0	0	0	0	0	0	0	0	0	0	0	0	0	0	0	0	0	0	0	0	0	0	28	0	0	0	0	0	17
217	assemblage-695-147	0	0	0	0	0	0	0	0	0	0	0	0	0	0	0	106	0	0	0	0	0	0	0	0	51	0	0	0	0	15	0	0	0	0	305	0	0	0	0	0	0	0	0	3	0	20
217	assemblage-768-770	0	0	0	0	0	0	0	0	0	0	0	0	0	0	0	247	0	0	0	0	15	0	0	52	0	0	0	0	0	0	0	0	0	0	171	0	0	0	0	0	0	0	0	0	0	15

218	assemblage-601-539	0	17	0	87	174	0	0	0	5	8	102	0	0	0	0	33	29	0	0	0	0	0	0	0	0	0	0	0	0	0	0	0	0	0	0	0	0	0	0	28	0	0	0	0	0	17
218	assemblage-695-147	0	0	0	0	0	0	0	0	0	0	0	0	0	0	0	106	0	0	0	0	0	0	0	0	51	0	0	0	0	15	0	0	0	0	305	0	0	0	0	0	0	0	0	3	0	20
218	assemblage-776-766	0	0	0	0	0	0	0	0	0	0	0	0	0	0	0	48	0	0	0	0	9	0	0	0	0	0	0	0	0	0	0	0	0	43	300	0	0	0	0	0	2	0	89	0	0	9

219	assemblage-601-539	0	17	0	87	174	0	0	0	5	8	102	0	0	0	0	33	29	0	0	0	0	0	0	0	0	0	0	0	0	0	0	0	0	0	0	0	0	0	0	28	0	0	0	0	0	17
219	assemblage-919-510	0	74	0	0	0	0	71	0	0	207	0	0	0	0	49	0	0	0	0	0	0	0	0	0	0	4	0	0	0	0	0	0	0	0	0	0	0	0	0	78	0	0	0	0	0	17
219	assemblage-500-912	0	256	0	0	0	0	0	0	0	116	0	0	0	0	0	0	0	0	0	0	0	0	0	0	0	0	90	0	0	0	0	0	0	0	0	0	0	0	0	20	0	0	0	0	0	18

220	assemblage-601-539	0	17	0	87	174	0	0	0	5	8	102	0	0	0	0	33	29	0	0	0	0	0	0	0	0	0	0	0	0	0	0	0	0	0	0	0	0	0	0	28	0	0	0	0	0	17
220	assemblage-919-510	0	74	0	0	0	0	71	0	0	207	0	0	0	0	49	0	0	0	0	0	0	0	0	0	0	4	0	0	0	0	0	0	0	0	0	0	0	0	0	78	0	0	0	0	0	17
220	assemblage-472-672	0	33	0	0	0	0	0	0	0	0	0	0	0	0	0	0	0	93	0	0	0	0	0	0	0	0	0	0	0	0	0	0	0	0	0	0	0	370	0	0	0	0	0	0	0	4

221	assemblage-601-539	0	17	0	87	174	0	0	0	5	8	102	0	0	0	0	33	29	0	0	0	0	0	0	0	0	0	0	0	0	0	0	0	0	0	0	0	0	0	0	28	0	0	0	0	0	17
221	assemblage-465-461	0	21	0	60	177	0	0	0	0	7	131	0	0	0	0	27	20	7	0	0	0	0	0	0	0	0	0	0	0	0	0	0	0	0	0	0	0	0	0	33	0	0	0	0	0	17
221	assemblage-704-150	0	0	0	0	0	0	0	0	0	0	0	27	0	0	0	17	0	1	0	0	0	0	0	0	0	0	0	0	0	403	0	0	0	0	41	0	0	0	0	0	0	0	0	0	0	11

222	assemblage-601-539	0	17	0	87	174	0	0	0	5	8	102	0	0	0	0	33	29	0	0	0	0	0	0	0	0	0	0	0	0	0	0	0	0	0	0	0	0	0	0	28	0	0	0	0	0	17
222	assemblage-465-461	0	21	0	60	177	0	0	0	0	7	131	0	0	0	0	27	20	7	0	0	0	0	0	0	0	0	0	0	0	0	0	0	0	0	0	0	0	0	0	33	0	0	0	0	0	17
222	assemblage-377-179	0	0	0	0	0	0	0	0	0	0	0	30	0	0	0	20	0	0	0	0	0	0	0	0	0	0	0	0	0	376	0	0	0	0	56	0	0	0	0	0	0	0	0	0	0	18

223	assemblage-601-539	0	17	0	87	174	0	0	0	5	8	102	0	0	0	0	33	29	0	0	0	0	0	0	0	0	0	0	0	0	0	0	0	0	0	0	0	0	0	0	28	0	0	0	0	0	17
223	assemblage-465-461	0	21	0	60	177	0	0	0	0	7	131	0	0	0	0	27	20	7	0	0	0	0	0	0	0	0	0	0	0	0	0	0	0	0	0	0	0	0	0	33	0	0	0	0	0	17
223	assemblage-288-419	0	116	0	0	0	0	0	0	0	0	62	0	0	0	0	0	0	284	0	18	0	0	0	0	0	0	0	0	0	0	0	0	0	0	0	0	0	8	0	0	0	0	0	0	0	12

224	assemblage-601-539	0	17	0	87	174	0	0	0	5	8	102	0	0	0	0	33	29	0	0	0	0	0	0	0	0	0	0	0	0	0	0	0	0	0	0	0	0	0	0	28	0	0	0	0	0	17
224	assemblage-465-461	0	21	0	60	177	0	0	0	0	7	131	0	0	0	0	27	20	7	0	0	0	0	0	0	0	0	0	0	0	0	0	0	0	0	0	0	0	0	0	33	0	0	0	0	0	17
224	assemblage-472-672	0	33	0	0	0	0	0	0	0	0	0	0	0	0	0	0	0	93	0	0	0	0	0	0	0	0	0	0	0	0	0	0	0	0	0	0	0	370	0	0	0	0	0	0	0	4

