Assemblage_Name	4-6322689-1648284	3-1371646-2440868	4-1686387-3	4-4113590-9810541	455553-1823486-9111588	8742938-8110583-546278	9064139-3-2	4-9684261-9644985	3-1371646-1077073	8742938-8157002-2	4-8067198-118406	8742938-8110583-2422311	4-1-6605515	2-1-2734258	4-1-51463	3-4503909-3	4793274-1-118406	4846593-1823486-9644985	4-2867794-118406	4-1-4790127	2-1168993-1	2-1-1	4-1823486-905291	4301366-8110583-2	5718838-1823486-9644985	8742938-3301708-2	4-5571643-665440	4-1-8772345	4-1216903-6277804	8742938-8110583-1435664	4-1-316590	4-3734994-9644985	8742938-8110583-2320253	0-4-2	4-7789904-9644985	4-1823486-5468015	2633389-1823486-9644985	2567359-1-6605515	4-1-9644985	4-814437-2	8111415-8110583-2	4-1823486-1269711	1812710-8110583-2	4-1-5635388	4-7789904-3018108	4-1-1196825	4-1823486-9644985	2-1-6543191	1513429-1823486-9644985	4-1-118406	5885079-8110583-2	2366716-1-118406	8742938-8110583-2	2-3-2	5830465-1-6543191	4-2097715-118406	4-647113-7102275	343445-3-2	1-3-1539752	4-647113-3	4-6516764-118406	7920179-8110583-2	6013422-1823486-9644985	4-4473010-9644985	4-8000526-4790127	4-1-3163702	6437813-1-118406	0-2-1	1-3-2	4-1823486-4380486	8742938-8110583-341008	4-2359876-9644985	4-5038020-118406	4-1-6312871	6492197-1823486-9644985	1-7555520-2	4-6322689-118406	4-7504282-665440	751429-3-2	4318633-3-2	8742938-2158233-2	4-1-2	4-2359876-8838849	1-2240877-2	4-1823486-6424320	4-1783783-9810541	4-4691179-2	1-8589247-2	8742938-1-2	751429-4400113-2	4-8648284-9810541	8742938-8110583-8703149	4-3670259-9644985	4-6484201-9644985	4-3732817-9644985	4-1783783-9644985	8742938-8835726-2	4-2097715-976703
assemblage-562-973	0	0	0	0	0	0	0	0	0	0	0	0	0	0	0	0	0	0	0	63	0	52	0	0	0	0	0	0	0	0	0	0	0	0	0	0	0	0	0	0	0	0	0	0	0	0	0	0	0	0	0	0	93	0	0	0	0	0	0	0	0	0	0	0	0	0	0	0	33	0	0	0	0	0	0	11	0	0	0	0	0	188	0	0	0	0	0	0	38	0	0	0	0	0	0	0	0	22
assemblage-880-355	0	0	0	0	0	0	0	0	0	0	0	0	0	0	0	0	0	0	0	0	0	0	0	0	0	0	0	0	0	0	0	0	0	0	0	0	0	0	0	0	0	0	0	0	0	0	367	0	0	2	23	3	29	0	0	41	0	0	0	0	0	0	0	0	0	0	0	0	0	0	0	0	0	0	0	0	0	0	0	0	0	0	0	0	0	0	0	0	0	0	0	24	0	0	0	0	0	11
assemblage-831-602	0	0	0	0	0	0	0	0	0	0	0	0	0	0	0	0	0	0	0	0	0	0	0	0	0	0	0	0	0	0	0	0	0	0	0	0	0	0	0	0	0	0	0	0	0	0	185	0	0	60	0	0	205	0	0	0	0	0	0	0	0	10	0	0	0	0	0	0	0	0	0	0	0	0	0	0	0	5	0	0	0	0	0	0	0	0	0	0	0	0	0	0	0	0	0	0	0	35
assemblage-652-638	0	0	0	0	0	0	0	0	0	0	0	0	0	0	0	0	0	0	0	0	0	33	0	0	0	0	0	0	0	0	0	0	0	21	0	0	0	0	0	0	0	0	0	0	0	0	0	0	0	0	0	0	0	0	0	0	0	0	0	0	0	0	0	0	0	0	0	12	2	0	0	0	0	0	0	0	0	0	0	0	0	414	0	0	0	0	0	0	0	0	0	0	0	0	0	0	0	18
assemblage-718-251	0	0	0	0	0	0	0	7	0	0	0	0	112	0	0	0	0	0	0	0	0	0	0	0	0	0	0	7	0	0	0	12	0	0	0	0	0	0	0	0	0	0	0	0	0	0	194	0	0	0	0	0	15	0	0	0	0	0	0	0	0	0	0	130	0	0	0	0	0	0	0	11	0	0	0	0	0	0	0	0	0	0	0	0	0	0	0	0	0	0	0	0	0	0	0	0	0	12
assemblage-404-538	7	0	0	0	0	0	0	0	0	0	0	0	0	0	0	0	0	0	0	0	0	0	0	0	0	0	0	0	0	0	0	0	0	0	0	0	0	0	0	0	0	0	0	0	0	0	0	0	0	314	0	0	24	0	0	0	0	0	0	0	0	0	0	0	0	0	6	0	9	0	0	0	18	7	0	0	70	0	0	0	0	9	0	0	0	0	0	0	0	0	0	0	0	0	0	0	0	36
assemblage-867-386	3	0	0	0	0	0	0	0	0	0	0	0	0	0	0	0	0	0	0	0	0	0	0	0	0	0	0	0	0	0	0	0	0	0	0	0	0	0	0	0	0	0	0	0	0	0	357	0	0	7	17	8	39	0	0	32	0	0	0	0	0	0	0	0	0	0	0	0	0	0	0	0	0	0	0	0	0	0	0	0	0	0	0	0	0	0	0	0	0	0	0	23	0	0	0	0	0	14
assemblage-894-621	0	0	0	0	0	0	0	0	0	0	0	0	0	0	0	0	0	0	0	0	0	0	0	0	0	0	14	0	0	0	0	0	0	0	0	0	0	0	0	0	0	0	0	0	0	0	146	0	0	0	0	0	324	0	0	0	0	0	0	0	0	0	0	0	0	0	0	0	0	0	0	0	0	0	0	0	0	6	0	0	0	0	0	0	0	0	0	0	0	0	0	0	0	0	0	0	0	10
assemblage-887-244	0	0	0	0	0	0	0	0	0	0	0	0	0	0	0	0	0	0	0	0	0	136	0	0	0	0	0	0	0	0	0	0	0	0	0	0	0	0	0	0	0	0	0	0	0	0	0	0	0	33	0	0	0	0	0	0	0	0	15	0	0	0	0	0	0	0	0	0	23	0	0	0	0	0	0	4	0	0	0	0	0	265	0	0	0	0	9	0	0	0	0	0	0	0	0	0	0	15
assemblage-890-241	0	0	0	0	0	0	0	0	0	0	0	0	0	0	0	0	0	0	0	0	0	19	0	0	0	0	0	0	0	0	0	0	0	0	0	0	0	0	0	0	0	0	0	0	0	0	0	51	0	0	0	0	0	0	0	0	0	7	39	0	0	0	0	0	0	0	0	0	270	0	0	0	0	0	0	0	0	0	0	42	0	34	0	13	0	0	0	0	0	0	0	0	0	0	0	0	0	25
assemblage-443-504	0	0	0	0	0	0	0	0	0	0	0	0	0	0	0	0	0	0	0	0	9	4	0	0	0	0	0	0	0	0	0	0	0	0	0	0	0	0	0	0	0	0	0	0	0	0	0	51	0	0	0	0	0	0	0	0	0	13	41	0	0	0	0	0	0	0	0	0	271	0	0	0	0	0	0	0	0	0	0	47	0	31	0	13	0	0	0	0	0	0	0	0	0	0	0	0	0	20
assemblage-331-486	0	0	0	16	10	0	0	0	0	0	0	0	9	0	0	0	0	0	0	0	0	0	0	0	0	0	0	0	0	0	0	0	0	0	0	7	0	0	0	0	0	0	0	0	0	0	237	0	0	0	0	0	105	0	0	0	0	0	0	0	0	0	0	0	0	0	0	0	0	0	8	0	0	0	0	0	0	0	0	0	0	0	0	0	0	55	0	0	0	0	31	0	0	0	0	0	0	22
assemblage-422-543	0	0	0	0	0	0	0	0	0	0	0	4	0	0	0	0	0	0	0	0	0	0	0	0	0	0	0	0	0	0	0	0	0	0	0	0	0	0	33	0	0	0	0	0	0	0	233	0	0	4	0	0	161	0	0	0	0	0	0	0	0	0	0	0	0	0	0	0	19	0	0	0	0	0	0	0	0	0	0	0	0	21	0	0	0	0	0	0	0	0	0	0	0	0	0	0	0	25
assemblage-639-275	0	0	0	0	0	0	0	0	0	0	0	0	0	0	0	0	0	5	0	0	0	0	0	0	0	0	0	0	0	0	0	0	0	0	0	0	0	0	0	0	0	0	0	0	0	0	296	0	0	0	0	0	169	0	0	0	0	0	0	0	0	0	0	8	0	0	0	0	0	0	0	0	0	0	6	0	0	0	0	0	0	0	0	0	0	0	0	0	0	0	0	0	0	0	0	0	0	16
assemblage-641-648	0	0	0	0	0	0	0	0	0	0	0	0	0	0	0	0	0	0	0	0	0	25	0	0	0	0	0	0	0	0	3	0	0	18	0	0	0	0	0	0	0	0	0	0	0	0	0	0	0	0	0	0	0	0	0	0	0	0	0	0	0	0	0	0	0	0	0	9	9	0	0	0	0	0	0	0	0	0	0	0	0	420	0	0	0	0	0	0	0	0	0	0	0	0	0	0	0	16
assemblage-902-625	0	0	0	0	0	0	0	0	0	0	0	0	57	0	0	0	0	0	0	0	0	0	0	0	0	0	0	0	0	0	0	0	0	0	0	0	0	19	0	0	7	0	0	0	0	0	253	0	0	0	0	0	117	0	0	0	0	0	0	0	0	0	0	0	0	0	0	0	0	0	0	0	0	0	0	0	0	0	0	0	0	0	0	0	0	13	0	0	0	0	0	0	0	0	0	8	0	26
assemblage-824-967	0	0	0	0	0	0	0	0	0	22	0	0	0	0	0	0	0	0	0	0	0	0	0	0	0	7	0	0	0	0	0	0	0	0	0	0	0	0	9	0	0	0	23	0	0	0	0	0	0	3	0	0	391	0	0	0	0	0	0	0	0	0	0	0	0	16	0	0	0	0	0	0	0	0	0	0	0	0	0	0	0	9	0	0	0	0	0	0	0	0	0	0	0	0	0	0	0	20
assemblage-407-870	0	5	24	0	0	0	0	0	65	0	0	0	0	0	0	0	0	0	0	0	0	0	0	0	0	0	0	0	0	0	0	0	0	0	0	0	0	0	0	0	0	0	0	0	0	0	0	0	0	0	0	0	0	0	0	0	0	0	0	53	0	0	0	0	0	0	0	0	169	0	0	0	0	0	0	0	0	0	0	0	0	169	0	0	0	0	0	0	0	0	0	0	0	0	0	0	0	15
assemblage-316-477	0	0	0	0	0	0	0	0	0	0	0	0	16	0	0	0	0	0	0	0	0	0	0	0	0	0	0	0	0	0	0	0	0	0	0	0	0	0	0	0	0	0	0	0	0	0	13	0	0	0	0	0	51	0	0	0	0	0	0	0	0	0	0	22	0	0	0	0	0	0	0	355	0	0	0	0	0	0	0	0	0	0	24	0	0	5	0	0	0	0	0	0	0	0	0	0	0	14
assemblage-574-203	0	0	0	0	0	0	3	0	0	0	0	0	0	0	0	6	0	0	0	0	0	0	0	0	0	0	0	0	0	0	0	0	0	0	0	0	0	0	0	8	0	0	0	0	0	0	0	0	0	0	0	0	0	44	0	0	0	0	0	2	0	0	0	0	0	0	0	0	254	0	0	0	0	0	0	0	0	0	5	0	0	153	0	0	0	0	0	0	0	8	0	0	0	0	0	0	0	17
assemblage-290-648	0	0	0	0	0	0	0	0	0	0	0	0	0	0	0	0	0	0	0	0	0	0	0	0	0	0	0	0	0	0	0	0	0	0	0	0	0	0	0	0	0	0	0	0	0	0	194	0	0	52	0	0	201	0	0	0	0	0	0	0	0	8	0	0	0	0	0	0	0	0	0	0	0	0	0	0	0	0	0	0	0	0	0	0	3	0	0	0	0	0	0	0	0	0	0	0	0	42
assemblage-214-898	0	0	0	0	0	0	0	0	0	0	0	0	0	0	0	0	10	0	0	0	0	7	0	0	0	0	0	0	0	0	0	0	0	0	0	0	0	0	23	0	0	0	0	0	0	0	34	0	0	175	0	0	76	0	0	39	0	0	0	0	0	0	0	0	0	17	0	0	13	0	0	0	0	0	0	0	0	0	0	0	0	5	0	0	0	0	0	0	0	0	0	0	87	0	0	0	0	14
