Assemblage_Name	3863936-7463674-2	8638766-6766830-4866952	951185-3741774-2	6198895-6766830-6592068	951185-7463674-2	4046153-7463674-2376222	8065671-7463674-2	8638766-2532191-6592068	4-1273712-2425209	4410024-2-4	2-2-7849543	3863936-7463674-6650257	5777922-4-2	2679739-6766830-6592068	4-5357567-2425209	4-4-3127737	8507628-2-2	743801-7463674-2	1-5509353-8209884	1-3834870-2	1-2-9097515	951185-30505-2	6348007-6766830-2	3863936-7463674-6199675	4679561-7463674-6199675	1419218-7463674-6199675	1837954-5509353-8209884	4-8856579-2425209	1555915-7463674-2	3863936-7463674-4327482	8638766-6766830-962747	4-1462720-2425209	4-4-2425209	6348007-7054411-2	2-0-1	8638766-6766830-4124975	460832-4-2425209	1-2-2	3863936-4462588-2	849020-4-2	3863936-2-2	4046153-7463674-2	4-7806106-2425209	1419218-7055282-6199675	4342078-0-3	9982093-4-2425209	2908238-2-4	2-2-2	2-2-4	3863936-7463674-558377	8638766-6766830-9261898	2-832720-2	2-2-7036232	4-6963226-2425209	8638766-6766830-2	1-3355841-2	5727312-7463674-2	3863936-4163241-2	4-4-5268397	5531328-2-4	4-9903156-2	8638766-6766830-6558874	3-0-6137916	1-5509353-2	4046153-7463674-5082468	2-8091505-2	2-2-5949415	2638422-0-1	2-2-2442516	664612-7463674-2376222	8638766-6766830-6592068	2603179-4-4648555	4-4-2204340	9624259-2-4	374377-3741774-2	1929208-8091505-2	951185-9176509-2	1837954-3474682-8209884	1-6766830-2	3863936-3190156-2	3-0-4	3-0-3	4-4-0	4-4-2	1604020-2-2	1-2168812-2	4-2059413-2	9930920-2-2	3863936-7463674-6107512	3863936-7463674-5360990	3863936-7463674-3009337
assemblage-234-894	432	0	0	0	0	0	0	0	0	0	0	0	0	0	0	0	0	0	0	0	0	0	0	0	0	0	0	0	0	0	0	0	0	0	0	0	0	0	0	0	0	0	0	0	0	0	0	0	0	0	0	0	0	0	18	0	0	0	0	0	0	0	0	0	0	0	0	0	0	0	0	0	0	0	0	0	0	0	0	22	0	0	0	11	0	0	0	0	0	0	17
assemblage-894-621	4	0	0	0	199	42	0	0	0	0	0	0	0	0	0	0	0	0	0	0	0	0	0	0	0	0	0	0	0	0	0	0	10	0	0	0	0	0	0	0	0	172	0	0	0	0	0	0	0	0	0	0	0	0	0	0	0	0	0	0	0	0	0	0	15	0	0	0	0	24	10	0	0	0	0	0	0	0	0	0	0	0	0	0	0	0	0	0	0	0	24
assemblage-844-948	229	0	0	0	0	0	0	0	0	0	0	0	0	0	0	0	0	0	0	0	0	0	0	0	0	0	0	0	0	0	0	0	0	0	0	0	0	0	0	0	0	0	0	0	0	0	0	0	0	0	0	0	0	0	220	0	0	0	0	0	0	0	0	0	0	0	11	0	0	0	0	0	0	0	0	0	0	0	0	0	0	0	0	23	0	0	0	0	0	0	17
assemblage-567-203	0	0	0	0	0	0	0	0	0	0	0	0	0	0	0	0	0	0	0	0	0	0	0	0	0	0	0	0	0	0	0	0	0	0	6	0	0	15	0	0	8	0	0	0	0	0	0	321	22	0	0	0	7	0	0	70	0	0	0	0	0	0	18	0	0	0	0	0	0	0	0	0	0	0	0	0	0	0	0	0	0	0	0	3	0	0	0	9	0	0	21
assemblage-612-409	35	4	0	0	0	0	0	0	0	0	0	0	0	0	0	0	0	0	0	0	0	0	0	0	0	0	0	0	0	0	0	0	0	0	0	11	0	0	0	0	0	0	0	0	0	0	0	0	18	0	0	0	0	0	278	0	0	0	0	0	0	0	0	0	0	0	0	0	0	0	0	0	0	9	0	0	0	0	0	0	0	0	0	98	0	0	0	0	27	0	20
assemblage-887-244	89	0	0	0	0	0	0	0	0	0	0	0	0	0	0	0	0	0	0	0	0	0	0	0	0	0	24	0	0	0	0	0	0	0	0	0	0	0	0	0	0	0	0	0	0	0	0	0	48	0	0	0	0	0	88	0	0	17	0	0	0	0	0	0	0	0	0	0	0	0	0	0	0	0	0	0	0	0	4	0	0	0	0	188	0	0	0	0	29	0	13
assemblage-831-602	38	0	0	0	0	0	0	0	0	0	0	0	0	0	0	0	0	0	0	0	0	0	54	0	0	0	0	0	0	0	0	0	57	9	0	0	0	0	0	0	0	0	0	0	0	0	0	0	0	0	0	0	0	0	26	0	0	0	0	0	0	0	0	0	0	0	0	0	0	0	0	0	0	0	0	0	0	0	0	53	0	0	0	241	0	0	0	0	0	0	22
assemblage-402-557	48	0	0	0	0	0	0	0	0	0	0	0	0	0	0	0	0	0	0	0	0	0	0	0	0	0	0	0	0	0	0	0	0	0	0	8	0	0	0	0	0	0	0	0	0	0	0	0	16	0	0	0	0	0	286	0	0	0	0	0	0	0	0	0	0	0	0	0	0	0	0	0	0	1	0	0	0	0	0	0	0	0	0	103	0	0	0	0	23	0	15
assemblage-393-858	0	0	0	0	0	0	0	0	0	0	0	0	0	0	0	0	0	0	0	0	0	0	0	0	0	0	0	0	0	0	0	0	0	0	0	0	0	11	0	0	0	0	0	0	24	0	12	0	291	0	0	0	0	0	0	0	0	0	0	0	0	0	0	0	0	0	0	0	0	0	0	0	0	0	0	0	0	0	0	0	0	131	11	5	0	0	0	0	0	0	15
assemblage-663-387	72	0	0	0	0	0	0	0	0	0	0	0	0	0	0	0	0	0	0	0	0	0	0	181	17	0	0	0	0	0	0	0	171	0	0	0	0	0	0	0	0	0	0	0	0	0	0	0	0	0	0	0	0	0	0	0	7	0	0	0	0	0	0	0	0	0	0	0	0	0	31	0	0	0	0	0	0	0	0	0	0	0	0	0	0	0	0	0	0	0	21
assemblage-652-638	0	0	0	0	0	0	0	0	0	0	0	0	0	0	0	0	4	0	16	15	0	0	0	0	0	0	8	0	0	0	0	0	0	0	0	0	0	259	0	0	0	0	0	0	0	0	0	0	14	0	0	0	0	0	0	0	0	0	0	0	0	0	0	26	0	0	0	0	0	0	0	0	0	0	0	0	0	0	23	0	0	0	0	113	0	0	0	0	0	0	22
assemblage-410-550	39	0	0	0	0	0	0	0	0	0	0	0	0	0	0	0	0	0	0	0	0	0	0	0	0	0	0	0	0	0	0	0	0	0	0	0	0	0	0	0	0	0	0	0	0	0	0	0	15	0	0	0	0	0	27	0	0	0	0	0	0	17	0	0	0	0	0	0	0	0	0	0	0	0	0	0	0	0	0	0	0	0	0	387	0	0	0	0	0	0	15
assemblage-625-397	30	0	0	0	0	0	0	0	0	0	0	0	0	0	0	0	0	0	0	0	0	0	0	0	0	0	0	0	0	0	0	0	0	0	0	0	0	0	0	0	0	0	0	0	0	0	0	0	0	0	0	0	0	0	44	0	0	0	0	0	0	25	0	0	0	0	0	0	0	0	0	0	0	0	0	0	0	0	0	0	0	0	0	384	0	0	0	0	0	0	17
assemblage-899-644	48	0	0	0	17	0	0	0	0	0	0	0	0	0	0	150	0	0	0	0	0	0	0	2	0	0	0	0	0	0	0	0	225	0	0	0	0	0	0	0	0	0	0	0	0	15	0	0	0	8	0	0	0	0	0	0	0	0	0	0	0	0	0	0	0	0	0	0	0	0	12	0	0	0	0	0	0	0	0	0	0	0	0	3	0	0	0	0	0	0	20
assemblage-721-243	41	0	0	0	27	0	0	0	0	0	0	0	0	0	0	147	0	0	0	0	0	0	0	7	0	0	0	0	0	0	0	0	217	0	0	0	0	0	0	0	0	5	0	0	0	13	0	0	0	6	0	0	0	0	0	0	0	0	0	0	0	0	0	0	0	0	0	0	0	0	10	0	0	0	0	0	0	0	0	0	0	0	0	10	0	0	0	0	0	0	17
assemblage-302-608	38	0	0	6	0	0	0	0	0	0	0	0	0	11	0	0	0	0	0	0	0	0	0	8	0	0	0	0	0	0	27	0	0	0	0	0	0	0	0	0	0	106	0	0	0	0	0	0	0	0	0	0	0	0	5	0	0	0	0	0	0	0	0	0	0	0	0	0	0	0	203	4	0	0	0	0	0	0	0	43	0	0	0	28	0	0	0	0	0	0	21
assemblage-315-456	0	0	20	0	222	0	0	0	0	0	0	0	0	0	5	0	0	0	0	0	0	11	0	0	0	0	0	0	6	0	0	0	153	0	0	0	0	0	0	0	0	0	0	0	0	0	0	0	0	0	0	0	0	0	0	0	0	0	0	0	0	0	0	0	0	0	0	0	0	0	0	0	11	0	0	0	0	0	0	0	0	0	0	53	0	0	0	0	0	0	19
assemblage-559-199	0	0	0	0	0	0	0	0	0	0	0	0	0	0	0	0	0	0	0	0	0	0	0	0	0	0	0	0	0	0	0	0	0	0	19	0	0	14	0	0	11	0	0	0	0	0	0	320	20	0	0	0	6	0	0	74	0	0	0	0	0	0	16	0	0	0	0	0	0	0	0	0	0	0	0	0	0	0	0	0	0	0	0	3	0	0	0	0	0	0	17
assemblage-315-835	0	0	0	0	0	0	0	0	0	0	0	0	0	0	0	0	0	0	0	0	13	0	0	0	0	0	0	0	0	0	0	0	0	0	0	0	0	110	10	0	200	0	0	0	0	0	0	68	0	0	0	0	0	0	0	0	0	29	0	0	0	0	0	0	0	0	0	0	0	0	0	0	0	0	0	0	0	0	0	0	26	0	0	0	32	0	0	0	0	0	12
assemblage-875-237	337	0	0	0	0	0	0	0	0	0	0	0	0	0	0	0	0	0	0	0	0	0	0	0	0	0	0	0	0	0	0	0	0	0	0	0	0	0	0	0	41	0	0	0	0	0	0	23	17	0	0	0	0	0	5	0	0	0	0	0	0	0	0	0	0	0	0	0	0	0	0	0	0	0	0	0	0	0	0	0	0	0	0	57	0	5	0	0	0	0	15
assemblage-323-476	100	0	0	0	46	0	0	0	0	0	0	0	0	0	0	0	0	0	0	0	0	0	0	0	0	0	0	11	0	0	0	0	323	0	0	0	0	0	0	0	0	0	0	0	0	0	0	0	0	0	0	0	0	0	0	0	0	0	0	0	0	0	0	0	0	0	0	0	0	0	0	0	0	0	0	0	0	0	0	0	0	0	0	2	0	0	0	0	0	0	18
