Seriation_Number	Assemblage	8639351-4-4	733770-4-2	0-0-2	3-2677409-2	5119683-4-2	3-7596707-2	3-4-1403441	3-4-2	3-7779774-2	2-1-4	4-4-4	3-3983074-2	4-4-0	3-8671927-2	3-4507280-2	3295939-0-2	9543264-4-2	2-2-0	1176652-4-2	3-4-9589649	3288350-4-2	3-4-6650077	4-4-6784101	3-8421824-2	2-2522762-4
1	assemblage-46-35	0	0	0	0	0	0	0	68743	0	0	0	0	0	0	1	0	0	0	0	0	0	0	0	0	0
1	assemblage-3-16	0	0	0	0	0	0	0	68341	0	0	0	1	0	0	0	0	0	0	0	0	0	4	0	0	0
1	assemblage-50-41	0	0	0	0	0	0	0	0	0	0	2171	0	0	0	0	0	0	0	0	0	0	0	538	0	0

2	assemblage-1-73	0	0	0	0	0	0	0	70871	0	0	0	0	0	0	0	0	0	0	0	0	0	0	0	0	0
2	assemblage-3-16	0	0	0	0	0	0	0	68341	0	0	0	1	0	0	0	0	0	0	0	0	0	4	0	0	0
2	assemblage-50-41	0	0	0	0	0	0	0	0	0	0	2171	0	0	0	0	0	0	0	0	0	0	0	538	0	0

3	assemblage-1-73	0	0	0	0	0	0	0	70871	0	0	0	0	0	0	0	0	0	0	0	0	0	0	0	0	0
3	assemblage-46-35	0	0	0	0	0	0	0	68743	0	0	0	0	0	0	1	0	0	0	0	0	0	0	0	0	0
3	assemblage-50-41	0	0	0	0	0	0	0	0	0	0	2171	0	0	0	0	0	0	0	0	0	0	0	538	0	0

4	assemblage-1-73	0	0	0	0	0	0	0	70871	0	0	0	0	0	0	0	0	0	0	0	0	0	0	0	0	0
4	assemblage-46-35	0	0	0	0	0	0	0	68743	0	0	0	0	0	0	1	0	0	0	0	0	0	0	0	0	0
4	assemblage-3-16	0	0	0	0	0	0	0	68341	0	0	0	1	0	0	0	0	0	0	0	0	0	4	0	0	0

5	assemblage-55-47	0	0	0	0	0	0	0	0	0	0	0	0	2695	0	0	0	0	14	0	0	0	0	0	0	0
5	assemblage-3-16	0	0	0	0	0	0	0	68341	0	0	0	1	0	0	0	0	0	0	0	0	0	4	0	0	0
5	assemblage-50-41	0	0	0	0	0	0	0	0	0	0	2171	0	0	0	0	0	0	0	0	0	0	0	538	0	0

6	assemblage-55-47	0	0	0	0	0	0	0	0	0	0	0	0	2695	0	0	0	0	14	0	0	0	0	0	0	0
6	assemblage-46-35	0	0	0	0	0	0	0	68743	0	0	0	0	0	0	1	0	0	0	0	0	0	0	0	0	0
6	assemblage-50-41	0	0	0	0	0	0	0	0	0	0	2171	0	0	0	0	0	0	0	0	0	0	0	538	0	0

7	assemblage-55-47	0	0	0	0	0	0	0	0	0	0	0	0	2695	0	0	0	0	14	0	0	0	0	0	0	0
7	assemblage-46-35	0	0	0	0	0	0	0	68743	0	0	0	0	0	0	1	0	0	0	0	0	0	0	0	0	0
7	assemblage-3-16	0	0	0	0	0	0	0	68341	0	0	0	1	0	0	0	0	0	0	0	0	0	4	0	0	0

8	assemblage-55-47	0	0	0	0	0	0	0	0	0	0	0	0	2695	0	0	0	0	14	0	0	0	0	0	0	0
8	assemblage-1-73	0	0	0	0	0	0	0	70871	0	0	0	0	0	0	0	0	0	0	0	0	0	0	0	0	0
8	assemblage-50-41	0	0	0	0	0	0	0	0	0	0	2171	0	0	0	0	0	0	0	0	0	0	0	538	0	0

9	assemblage-55-47	0	0	0	0	0	0	0	0	0	0	0	0	2695	0	0	0	0	14	0	0	0	0	0	0	0
9	assemblage-1-73	0	0	0	0	0	0	0	70871	0	0	0	0	0	0	0	0	0	0	0	0	0	0	0	0	0
9	assemblage-3-16	0	0	0	0	0	0	0	68341	0	0	0	1	0	0	0	0	0	0	0	0	0	4	0	0	0

10	assemblage-55-47	0	0	0	0	0	0	0	0	0	0	0	0	2695	0	0	0	0	14	0	0	0	0	0	0	0
10	assemblage-1-73	0	0	0	0	0	0	0	70871	0	0	0	0	0	0	0	0	0	0	0	0	0	0	0	0	0
10	assemblage-46-35	0	0	0	0	0	0	0	68743	0	0	0	0	0	0	1	0	0	0	0	0	0	0	0	0	0

11	assemblage-28-69	0	0	300	0	0	0	0	36	0	0	191	0	2178	0	0	0	0	4	0	0	0	0	0	0	0
11	assemblage-46-35	0	0	0	0	0	0	0	68743	0	0	0	0	0	0	1	0	0	0	0	0	0	0	0	0	0
11	assemblage-3-16	0	0	0	0	0	0	0	68341	0	0	0	1	0	0	0	0	0	0	0	0	0	4	0	0	0

12	assemblage-28-69	0	0	300	0	0	0	0	36	0	0	191	0	2178	0	0	0	0	4	0	0	0	0	0	0	0
12	assemblage-1-73	0	0	0	0	0	0	0	70871	0	0	0	0	0	0	0	0	0	0	0	0	0	0	0	0	0
12	assemblage-3-16	0	0	0	0	0	0	0	68341	0	0	0	1	0	0	0	0	0	0	0	0	0	4	0	0	0

13	assemblage-28-69	0	0	300	0	0	0	0	36	0	0	191	0	2178	0	0	0	0	4	0	0	0	0	0	0	0
13	assemblage-1-73	0	0	0	0	0	0	0	70871	0	0	0	0	0	0	0	0	0	0	0	0	0	0	0	0	0
13	assemblage-46-35	0	0	0	0	0	0	0	68743	0	0	0	0	0	0	1	0	0	0	0	0	0	0	0	0	0

14	assemblage-67-29	0	0	64	0	0	0	0	13	0	0	1547	0	1084	0	0	0	0	0	0	0	0	0	1	0	0
14	assemblage-46-35	0	0	0	0	0	0	0	68743	0	0	0	0	0	0	1	0	0	0	0	0	0	0	0	0	0
14	assemblage-3-16	0	0	0	0	0	0	0	68341	0	0	0	1	0	0	0	0	0	0	0	0	0	4	0	0	0

15	assemblage-67-29	0	0	64	0	0	0	0	13	0	0	1547	0	1084	0	0	0	0	0	0	0	0	0	1	0	0
15	assemblage-1-73	0	0	0	0	0	0	0	70871	0	0	0	0	0	0	0	0	0	0	0	0	0	0	0	0	0
15	assemblage-3-16	0	0	0	0	0	0	0	68341	0	0	0	1	0	0	0	0	0	0	0	0	0	4	0	0	0

16	assemblage-67-29	0	0	64	0	0	0	0	13	0	0	1547	0	1084	0	0	0	0	0	0	0	0	0	1	0	0
16	assemblage-1-73	0	0	0	0	0	0	0	70871	0	0	0	0	0	0	0	0	0	0	0	0	0	0	0	0	0
16	assemblage-46-35	0	0	0	0	0	0	0	68743	0	0	0	0	0	0	1	0	0	0	0	0	0	0	0	0	0

17	assemblage-67-29	0	0	64	0	0	0	0	13	0	0	1547	0	1084	0	0	0	0	0	0	0	0	0	1	0	0
17	assemblage-28-69	0	0	300	0	0	0	0	36	0	0	191	0	2178	0	0	0	0	4	0	0	0	0	0	0	0
17	assemblage-3-16	0	0	0	0	0	0	0	68341	0	0	0	1	0	0	0	0	0	0	0	0	0	4	0	0	0

18	assemblage-67-29	0	0	64	0	0	0	0	13	0	0	1547	0	1084	0	0	0	0	0	0	0	0	0	1	0	0
18	assemblage-28-69	0	0	300	0	0	0	0	36	0	0	191	0	2178	0	0	0	0	4	0	0	0	0	0	0	0
18	assemblage-46-35	0	0	0	0	0	0	0	68743	0	0	0	0	0	0	1	0	0	0	0	0	0	0	0	0	0

19	assemblage-67-29	0	0	64	0	0	0	0	13	0	0	1547	0	1084	0	0	0	0	0	0	0	0	0	1	0	0
19	assemblage-28-69	0	0	300	0	0	0	0	36	0	0	191	0	2178	0	0	0	0	4	0	0	0	0	0	0	0
19	assemblage-1-73	0	0	0	0	0	0	0	70871	0	0	0	0	0	0	0	0	0	0	0	0	0	0	0	0	0

20	assemblage-67-29	0	0	64	0	0	0	0	13	0	0	1547	0	1084	0	0	0	0	0	0	0	0	0	1	0	0
20	assemblage-28-69	0	0	300	0	0	0	0	36	0	0	191	0	2178	0	0	0	0	4	0	0	0	0	0	0	0
20	assemblage-55-47	0	0	0	0	0	0	0	0	0	0	0	0	2695	0	0	0	0	14	0	0	0	0	0	0	0

21	assemblage-51-43	0	0	470	0	0	0	0	682	0	225	516	0	676	0	0	0	0	6	0	0	0	0	134	0	0
21	assemblage-46-35	0	0	0	0	0	0	0	68743	0	0	0	0	0	0	1	0	0	0	0	0	0	0	0	0	0
21	assemblage-3-16	0	0	0	0	0	0	0	68341	0	0	0	1	0	0	0	0	0	0	0	0	0	4	0	0	0

22	assemblage-51-43	0	0	470	0	0	0	0	682	0	225	516	0	676	0	0	0	0	6	0	0	0	0	134	0	0
22	assemblage-1-73	0	0	0	0	0	0	0	70871	0	0	0	0	0	0	0	0	0	0	0	0	0	0	0	0	0
22	assemblage-3-16	0	0	0	0	0	0	0	68341	0	0	0	1	0	0	0	0	0	0	0	0	0	4	0	0	0

23	assemblage-51-43	0	0	470	0	0	0	0	682	0	225	516	0	676	0	0	0	0	6	0	0	0	0	134	0	0
23	assemblage-1-73	0	0	0	0	0	0	0	70871	0	0	0	0	0	0	0	0	0	0	0	0	0	0	0	0	0
23	assemblage-46-35	0	0	0	0	0	0	0	68743	0	0	0	0	0	0	1	0	0	0	0	0	0	0	0	0	0

24	assemblage-32-5	0	0	0	0	0	0	0	0	0	0	1753	0	4	0	0	0	0	0	0	0	0	0	951	0	0
24	assemblage-46-35	0	0	0	0	0	0	0	68743	0	0	0	0	0	0	1	0	0	0	0	0	0	0	0	0	0
24	assemblage-3-16	0	0	0	0	0	0	0	68341	0	0	0	1	0	0	0	0	0	0	0	0	0	4	0	0	0

25	assemblage-32-5	0	0	0	0	0	0	0	0	0	0	1753	0	4	0	0	0	0	0	0	0	0	0	951	0	0
25	assemblage-1-73	0	0	0	0	0	0	0	70871	0	0	0	0	0	0	0	0	0	0	0	0	0	0	0	0	0
25	assemblage-3-16	0	0	0	0	0	0	0	68341	0	0	0	1	0	0	0	0	0	0	0	0	0	4	0	0	0

26	assemblage-32-5	0	0	0	0	0	0	0	0	0	0	1753	0	4	0	0	0	0	0	0	0	0	0	951	0	0
26	assemblage-1-73	0	0	0	0	0	0	0	70871	0	0	0	0	0	0	0	0	0	0	0	0	0	0	0	0	0
26	assemblage-46-35	0	0	0	0	0	0	0	68743	0	0	0	0	0	0	1	0	0	0	0	0	0	0	0	0	0

27	assemblage-32-5	0	0	0	0	0	0	0	0	0	0	1753	0	4	0	0	0	0	0	0	0	0	0	951	0	0
27	assemblage-55-47	0	0	0	0	0	0	0	0	0	0	0	0	2695	0	0	0	0	14	0	0	0	0	0	0	0
27	assemblage-3-16	0	0	0	0	0	0	0	68341	0	0	0	1	0	0	0	0	0	0	0	0	0	4	0	0	0

28	assemblage-32-5	0	0	0	0	0	0	0	0	0	0	1753	0	4	0	0	0	0	0	0	0	0	0	951	0	0
28	assemblage-55-47	0	0	0	0	0	0	0	0	0	0	0	0	2695	0	0	0	0	14	0	0	0	0	0	0	0
28	assemblage-46-35	0	0	0	0	0	0	0	68743	0	0	0	0	0	0	1	0	0	0	0	0	0	0	0	0	0

29	assemblage-32-5	0	0	0	0	0	0	0	0	0	0	1753	0	4	0	0	0	0	0	0	0	0	0	951	0	0
29	assemblage-55-47	0	0	0	0	0	0	0	0	0	0	0	0	2695	0	0	0	0	14	0	0	0	0	0	0	0
29	assemblage-1-73	0	0	0	0	0	0	0	70871	0	0	0	0	0	0	0	0	0	0	0	0	0	0	0	0	0

30	assemblage-32-5	0	0	0	0	0	0	0	0	0	0	1753	0	4	0	0	0	0	0	0	0	0	0	951	0	0
30	assemblage-28-69	0	0	300	0	0	0	0	36	0	0	191	0	2178	0	0	0	0	4	0	0	0	0	0	0	0
30	assemblage-3-16	0	0	0	0	0	0	0	68341	0	0	0	1	0	0	0	0	0	0	0	0	0	4	0	0	0

31	assemblage-32-5	0	0	0	0	0	0	0	0	0	0	1753	0	4	0	0	0	0	0	0	0	0	0	951	0	0
31	assemblage-28-69	0	0	300	0	0	0	0	36	0	0	191	0	2178	0	0	0	0	4	0	0	0	0	0	0	0
31	assemblage-46-35	0	0	0	0	0	0	0	68743	0	0	0	0	0	0	1	0	0	0	0	0	0	0	0	0	0

32	assemblage-32-5	0	0	0	0	0	0	0	0	0	0	1753	0	4	0	0	0	0	0	0	0	0	0	951	0	0
32	assemblage-28-69	0	0	300	0	0	0	0	36	0	0	191	0	2178	0	0	0	0	4	0	0	0	0	0	0	0
32	assemblage-1-73	0	0	0	0	0	0	0	70871	0	0	0	0	0	0	0	0	0	0	0	0	0	0	0	0	0

33	assemblage-32-5	0	0	0	0	0	0	0	0	0	0	1753	0	4	0	0	0	0	0	0	0	0	0	951	0	0
33	assemblage-28-69	0	0	300	0	0	0	0	36	0	0	191	0	2178	0	0	0	0	4	0	0	0	0	0	0	0
33	assemblage-55-47	0	0	0	0	0	0	0	0	0	0	0	0	2695	0	0	0	0	14	0	0	0	0	0	0	0

34	assemblage-32-5	0	0	0	0	0	0	0	0	0	0	1753	0	4	0	0	0	0	0	0	0	0	0	951	0	0
34	assemblage-67-29	0	0	64	0	0	0	0	13	0	0	1547	0	1084	0	0	0	0	0	0	0	0	0	1	0	0
34	assemblage-3-16	0	0	0	0	0	0	0	68341	0	0	0	1	0	0	0	0	0	0	0	0	0	4	0	0	0

35	assemblage-32-5	0	0	0	0	0	0	0	0	0	0	1753	0	4	0	0	0	0	0	0	0	0	0	951	0	0
35	assemblage-67-29	0	0	64	0	0	0	0	13	0	0	1547	0	1084	0	0	0	0	0	0	0	0	0	1	0	0
35	assemblage-46-35	0	0	0	0	0	0	0	68743	0	0	0	0	0	0	1	0	0	0	0	0	0	0	0	0	0

36	assemblage-32-5	0	0	0	0	0	0	0	0	0	0	1753	0	4	0	0	0	0	0	0	0	0	0	951	0	0
36	assemblage-67-29	0	0	64	0	0	0	0	13	0	0	1547	0	1084	0	0	0	0	0	0	0	0	0	1	0	0
36	assemblage-1-73	0	0	0	0	0	0	0	70871	0	0	0	0	0	0	0	0	0	0	0	0	0	0	0	0	0

37	assemblage-32-5	0	0	0	0	0	0	0	0	0	0	1753	0	4	0	0	0	0	0	0	0	0	0	951	0	0
37	assemblage-67-29	0	0	64	0	0	0	0	13	0	0	1547	0	1084	0	0	0	0	0	0	0	0	0	1	0	0
37	assemblage-55-47	0	0	0	0	0	0	0	0	0	0	0	0	2695	0	0	0	0	14	0	0	0	0	0	0	0

38	assemblage-32-5	0	0	0	0	0	0	0	0	0	0	1753	0	4	0	0	0	0	0	0	0	0	0	951	0	0
38	assemblage-67-29	0	0	64	0	0	0	0	13	0	0	1547	0	1084	0	0	0	0	0	0	0	0	0	1	0	0
38	assemblage-28-69	0	0	300	0	0	0	0	36	0	0	191	0	2178	0	0	0	0	4	0	0	0	0	0	0	0

39	assemblage-32-5	0	0	0	0	0	0	0	0	0	0	1753	0	4	0	0	0	0	0	0	0	0	0	951	0	0
39	assemblage-51-43	0	0	470	0	0	0	0	682	0	225	516	0	676	0	0	0	0	6	0	0	0	0	134	0	0
39	assemblage-3-16	0	0	0	0	0	0	0	68341	0	0	0	1	0	0	0	0	0	0	0	0	0	4	0	0	0

40	assemblage-32-5	0	0	0	0	0	0	0	0	0	0	1753	0	4	0	0	0	0	0	0	0	0	0	951	0	0
40	assemblage-51-43	0	0	470	0	0	0	0	682	0	225	516	0	676	0	0	0	0	6	0	0	0	0	134	0	0
40	assemblage-46-35	0	0	0	0	0	0	0	68743	0	0	0	0	0	0	1	0	0	0	0	0	0	0	0	0	0

41	assemblage-32-5	0	0	0	0	0	0	0	0	0	0	1753	0	4	0	0	0	0	0	0	0	0	0	951	0	0
41	assemblage-51-43	0	0	470	0	0	0	0	682	0	225	516	0	676	0	0	0	0	6	0	0	0	0	134	0	0
41	assemblage-1-73	0	0	0	0	0	0	0	70871	0	0	0	0	0	0	0	0	0	0	0	0	0	0	0	0	0

42	assemblage-32-5	0	0	0	0	0	0	0	0	0	0	1753	0	4	0	0	0	0	0	0	0	0	0	951	0	0
42	assemblage-51-43	0	0	470	0	0	0	0	682	0	225	516	0	676	0	0	0	0	6	0	0	0	0	134	0	0
42	assemblage-55-47	0	0	0	0	0	0	0	0	0	0	0	0	2695	0	0	0	0	14	0	0	0	0	0	0	0

43	assemblage-32-5	0	0	0	0	0	0	0	0	0	0	1753	0	4	0	0	0	0	0	0	0	0	0	951	0	0
43	assemblage-51-43	0	0	470	0	0	0	0	682	0	225	516	0	676	0	0	0	0	6	0	0	0	0	134	0	0
43	assemblage-28-69	0	0	300	0	0	0	0	36	0	0	191	0	2178	0	0	0	0	4	0	0	0	0	0	0	0

44	assemblage-37-57	0	0	0	0	0	0	0	67595	0	0	0	0	0	0	0	0	0	0	0	751	0	0	0	0	0
44	assemblage-3-16	0	0	0	0	0	0	0	68341	0	0	0	1	0	0	0	0	0	0	0	0	0	4	0	0	0
44	assemblage-50-41	0	0	0	0	0	0	0	0	0	0	2171	0	0	0	0	0	0	0	0	0	0	0	538	0	0

45	assemblage-37-57	0	0	0	0	0	0	0	67595	0	0	0	0	0	0	0	0	0	0	0	751	0	0	0	0	0
45	assemblage-46-35	0	0	0	0	0	0	0	68743	0	0	0	0	0	0	1	0	0	0	0	0	0	0	0	0	0
45	assemblage-50-41	0	0	0	0	0	0	0	0	0	0	2171	0	0	0	0	0	0	0	0	0	0	0	538	0	0

46	assemblage-37-57	0	0	0	0	0	0	0	67595	0	0	0	0	0	0	0	0	0	0	0	751	0	0	0	0	0
46	assemblage-46-35	0	0	0	0	0	0	0	68743	0	0	0	0	0	0	1	0	0	0	0	0	0	0	0	0	0
46	assemblage-3-16	0	0	0	0	0	0	0	68341	0	0	0	1	0	0	0	0	0	0	0	0	0	4	0	0	0

47	assemblage-37-57	0	0	0	0	0	0	0	67595	0	0	0	0	0	0	0	0	0	0	0	751	0	0	0	0	0
47	assemblage-1-73	0	0	0	0	0	0	0	70871	0	0	0	0	0	0	0	0	0	0	0	0	0	0	0	0	0
47	assemblage-50-41	0	0	0	0	0	0	0	0	0	0	2171	0	0	0	0	0	0	0	0	0	0	0	538	0	0

48	assemblage-37-57	0	0	0	0	0	0	0	67595	0	0	0	0	0	0	0	0	0	0	0	751	0	0	0	0	0
48	assemblage-1-73	0	0	0	0	0	0	0	70871	0	0	0	0	0	0	0	0	0	0	0	0	0	0	0	0	0
48	assemblage-3-16	0	0	0	0	0	0	0	68341	0	0	0	1	0	0	0	0	0	0	0	0	0	4	0	0	0

49	assemblage-37-57	0	0	0	0	0	0	0	67595	0	0	0	0	0	0	0	0	0	0	0	751	0	0	0	0	0
49	assemblage-1-73	0	0	0	0	0	0	0	70871	0	0	0	0	0	0	0	0	0	0	0	0	0	0	0	0	0
49	assemblage-46-35	0	0	0	0	0	0	0	68743	0	0	0	0	0	0	1	0	0	0	0	0	0	0	0	0	0

50	assemblage-37-57	0	0	0	0	0	0	0	67595	0	0	0	0	0	0	0	0	0	0	0	751	0	0	0	0	0
50	assemblage-55-47	0	0	0	0	0	0	0	0	0	0	0	0	2695	0	0	0	0	14	0	0	0	0	0	0	0
50	assemblage-50-41	0	0	0	0	0	0	0	0	0	0	2171	0	0	0	0	0	0	0	0	0	0	0	538	0	0

51	assemblage-37-57	0	0	0	0	0	0	0	67595	0	0	0	0	0	0	0	0	0	0	0	751	0	0	0	0	0
51	assemblage-28-69	0	0	300	0	0	0	0	36	0	0	191	0	2178	0	0	0	0	4	0	0	0	0	0	0	0
51	assemblage-50-41	0	0	0	0	0	0	0	0	0	0	2171	0	0	0	0	0	0	0	0	0	0	0	538	0	0

52	assemblage-37-57	0	0	0	0	0	0	0	67595	0	0	0	0	0	0	0	0	0	0	0	751	0	0	0	0	0
52	assemblage-28-69	0	0	300	0	0	0	0	36	0	0	191	0	2178	0	0	0	0	4	0	0	0	0	0	0	0
52	assemblage-55-47	0	0	0	0	0	0	0	0	0	0	0	0	2695	0	0	0	0	14	0	0	0	0	0	0	0

53	assemblage-37-57	0	0	0	0	0	0	0	67595	0	0	0	0	0	0	0	0	0	0	0	751	0	0	0	0	0
53	assemblage-67-29	0	0	64	0	0	0	0	13	0	0	1547	0	1084	0	0	0	0	0	0	0	0	0	1	0	0
53	assemblage-50-41	0	0	0	0	0	0	0	0	0	0	2171	0	0	0	0	0	0	0	0	0	0	0	538	0	0

54	assemblage-37-57	0	0	0	0	0	0	0	67595	0	0	0	0	0	0	0	0	0	0	0	751	0	0	0	0	0
54	assemblage-67-29	0	0	64	0	0	0	0	13	0	0	1547	0	1084	0	0	0	0	0	0	0	0	0	1	0	0
54	assemblage-55-47	0	0	0	0	0	0	0	0	0	0	0	0	2695	0	0	0	0	14	0	0	0	0	0	0	0

55	assemblage-37-57	0	0	0	0	0	0	0	67595	0	0	0	0	0	0	0	0	0	0	0	751	0	0	0	0	0
55	assemblage-51-43	0	0	470	0	0	0	0	682	0	225	516	0	676	0	0	0	0	6	0	0	0	0	134	0	0
55	assemblage-50-41	0	0	0	0	0	0	0	0	0	0	2171	0	0	0	0	0	0	0	0	0	0	0	538	0	0

56	assemblage-37-57	0	0	0	0	0	0	0	67595	0	0	0	0	0	0	0	0	0	0	0	751	0	0	0	0	0
56	assemblage-51-43	0	0	470	0	0	0	0	682	0	225	516	0	676	0	0	0	0	6	0	0	0	0	134	0	0
56	assemblage-55-47	0	0	0	0	0	0	0	0	0	0	0	0	2695	0	0	0	0	14	0	0	0	0	0	0	0

57	assemblage-37-57	0	0	0	0	0	0	0	67595	0	0	0	0	0	0	0	0	0	0	0	751	0	0	0	0	0
57	assemblage-51-43	0	0	470	0	0	0	0	682	0	225	516	0	676	0	0	0	0	6	0	0	0	0	134	0	0
57	assemblage-28-69	0	0	300	0	0	0	0	36	0	0	191	0	2178	0	0	0	0	4	0	0	0	0	0	0	0

58	assemblage-37-57	0	0	0	0	0	0	0	67595	0	0	0	0	0	0	0	0	0	0	0	751	0	0	0	0	0
58	assemblage-51-43	0	0	470	0	0	0	0	682	0	225	516	0	676	0	0	0	0	6	0	0	0	0	134	0	0
58	assemblage-67-29	0	0	64	0	0	0	0	13	0	0	1547	0	1084	0	0	0	0	0	0	0	0	0	1	0	0

59	assemblage-37-57	0	0	0	0	0	0	0	67595	0	0	0	0	0	0	0	0	0	0	0	751	0	0	0	0	0
59	assemblage-32-5	0	0	0	0	0	0	0	0	0	0	1753	0	4	0	0	0	0	0	0	0	0	0	951	0	0
59	assemblage-50-41	0	0	0	0	0	0	0	0	0	0	2171	0	0	0	0	0	0	0	0	0	0	0	538	0	0

60	assemblage-37-57	0	0	0	0	0	0	0	67595	0	0	0	0	0	0	0	0	0	0	0	751	0	0	0	0	0
60	assemblage-32-5	0	0	0	0	0	0	0	0	0	0	1753	0	4	0	0	0	0	0	0	0	0	0	951	0	0
60	assemblage-55-47	0	0	0	0	0	0	0	0	0	0	0	0	2695	0	0	0	0	14	0	0	0	0	0	0	0

