Seriation_Number	Assemblage	3-4919179-1283151	2-9155993-2380781	2-7444650-2380781	5660961-2-2144254	8686891-8771218-9295576	3-4919179-1198245	3-4919179-2641281	6046892-8771218-2380781	3-4919179-1246825	3-6323090-1	3-1-1	2-2776146-2380781	2286111-4919179-1	9137402-4919179-1	3-5981222-1	1376588-6323090-1	9351274-4919179-1	1-1-1	2-2947082-2380781	0-4-4	8686891-8771218-2380781	2122427-4919179-1	1-2-2144254	3-4919179-8836489	1716825-2-3	8686891-8771218-3959453	4-2491633-4	431805-4-4	8686891-3684699-2380781	1-2-3	7974409-2947082-2380781	3-799211-1	3-440655-1	2-3-1	4955252-8771218-2380781	0-3-2	2-8771218-2380781	4940136-1-0	2-7444650-9597746	9905954-4919179-1	6947615-4919179-1	2-5622160-2380781	3702521-8771218-2380781	2232380-2947082-2380781	3-4919179-1	2-3-2380781	2-5302857-2380781	8686891-8771218-2835564	1-3247362-3	3-4919179-6504723	4-1-0	3-3497595-1	8686891-8771218-5090766	8535480-6323090-1	6788910-4919179-1	2-4470709-2380781	3-9319610-1	2-2876945-2380781	2-7444650-533147	8686891-8771218-2379541
1	assemblage-586-290	0	0	0	0	0	12	0	0	0	0	0	0	17	0	0	0	0	0	78	0	10	0	0	0	0	0	0	0	0	0	0	0	0	0	0	0	0	0	0	0	0	0	0	0	345	0	20	0	0	0	0	0	9	0	0	0	0	3	0	6
1	assemblage-955-844	0	0	48	0	0	0	0	0	0	0	0	0	0	0	0	0	0	0	22	0	0	0	0	44	0	0	0	0	0	0	0	0	0	0	0	0	0	0	0	0	0	28	0	0	315	0	0	0	0	8	0	0	0	0	0	0	0	0	0	35
1	assemblage-181-736	0	0	0	0	0	0	0	0	0	198	206	0	0	0	0	29	0	0	0	0	0	0	0	0	0	0	0	0	0	6	0	0	0	0	0	0	0	0	0	0	0	0	0	0	31	0	0	0	6	0	0	0	0	0	0	0	0	0	0	24

2	assemblage-943-100	0	0	14	0	0	0	0	0	0	5	6	0	0	0	0	0	0	0	0	0	0	0	0	0	43	0	0	0	0	116	0	0	9	4	0	0	0	0	0	0	0	0	0	0	176	17	0	0	0	0	96	0	0	0	0	0	0	0	0	14
2	assemblage-955-844	0	0	48	0	0	0	0	0	0	0	0	0	0	0	0	0	0	0	22	0	0	0	0	44	0	0	0	0	0	0	0	0	0	0	0	0	0	0	0	0	0	28	0	0	315	0	0	0	0	8	0	0	0	0	0	0	0	0	0	35
2	assemblage-359-992	0	0	0	0	0	0	0	178	0	0	0	33	0	0	0	0	0	0	96	0	111	0	0	0	0	0	0	0	0	0	0	0	0	0	0	0	0	0	0	0	0	0	0	6	59	0	0	0	0	0	0	0	0	0	0	0	0	3	0	14

3	assemblage-715-624	0	0	17	0	0	0	0	0	29	0	10	0	0	0	0	0	0	0	145	0	40	0	0	0	0	0	0	0	0	0	0	0	0	0	7	0	122	0	0	0	0	0	0	0	122	0	0	3	0	0	0	0	0	0	0	0	0	0	0	5
3	assemblage-346-467	0	0	19	0	0	0	0	0	31	0	16	0	0	0	0	0	0	0	134	0	21	0	0	0	0	0	0	0	0	0	0	0	0	0	6	0	122	0	0	0	0	0	0	0	141	0	0	5	0	0	0	0	0	0	0	0	0	0	0	5
3	assemblage-181-736	0	0	0	0	0	0	0	0	0	198	206	0	0	0	0	29	0	0	0	0	0	0	0	0	0	0	0	0	0	6	0	0	0	0	0	0	0	0	0	0	0	0	0	0	31	0	0	0	6	0	0	0	0	0	0	0	0	0	0	24

4	assemblage-715-624	0	0	17	0	0	0	0	0	29	0	10	0	0	0	0	0	0	0	145	0	40	0	0	0	0	0	0	0	0	0	0	0	0	0	7	0	122	0	0	0	0	0	0	0	122	0	0	3	0	0	0	0	0	0	0	0	0	0	0	5
4	assemblage-346-467	0	0	19	0	0	0	0	0	31	0	16	0	0	0	0	0	0	0	134	0	21	0	0	0	0	0	0	0	0	0	0	0	0	0	6	0	122	0	0	0	0	0	0	0	141	0	0	5	0	0	0	0	0	0	0	0	0	0	0	5
4	assemblage-955-844	0	0	48	0	0	0	0	0	0	0	0	0	0	0	0	0	0	0	22	0	0	0	0	44	0	0	0	0	0	0	0	0	0	0	0	0	0	0	0	0	0	28	0	0	315	0	0	0	0	8	0	0	0	0	0	0	0	0	0	35

5	assemblage-715-624	0	0	17	0	0	0	0	0	29	0	10	0	0	0	0	0	0	0	145	0	40	0	0	0	0	0	0	0	0	0	0	0	0	0	7	0	122	0	0	0	0	0	0	0	122	0	0	3	0	0	0	0	0	0	0	0	0	0	0	5
5	assemblage-346-467	0	0	19	0	0	0	0	0	31	0	16	0	0	0	0	0	0	0	134	0	21	0	0	0	0	0	0	0	0	0	0	0	0	0	6	0	122	0	0	0	0	0	0	0	141	0	0	5	0	0	0	0	0	0	0	0	0	0	0	5
5	assemblage-586-290	0	0	0	0	0	12	0	0	0	0	0	0	17	0	0	0	0	0	78	0	10	0	0	0	0	0	0	0	0	0	0	0	0	0	0	0	0	0	0	0	0	0	0	0	345	0	20	0	0	0	0	0	9	0	0	0	0	3	0	6

6	assemblage-178-720	0	0	0	0	0	0	0	0	0	0	0	0	108	0	0	0	0	0	79	0	197	0	0	0	0	0	0	0	0	0	0	0	0	0	0	0	0	0	0	0	0	0	0	0	0	0	0	0	0	0	5	0	0	0	0	0	0	98	0	13
6	assemblage-955-844	0	0	48	0	0	0	0	0	0	0	0	0	0	0	0	0	0	0	22	0	0	0	0	44	0	0	0	0	0	0	0	0	0	0	0	0	0	0	0	0	0	28	0	0	315	0	0	0	0	8	0	0	0	0	0	0	0	0	0	35
6	assemblage-181-736	0	0	0	0	0	0	0	0	0	198	206	0	0	0	0	29	0	0	0	0	0	0	0	0	0	0	0	0	0	6	0	0	0	0	0	0	0	0	0	0	0	0	0	0	31	0	0	0	6	0	0	0	0	0	0	0	0	0	0	24

7	assemblage-178-720	0	0	0	0	0	0	0	0	0	0	0	0	108	0	0	0	0	0	79	0	197	0	0	0	0	0	0	0	0	0	0	0	0	0	0	0	0	0	0	0	0	0	0	0	0	0	0	0	0	0	5	0	0	0	0	0	0	98	0	13
7	assemblage-943-100	0	0	14	0	0	0	0	0	0	5	6	0	0	0	0	0	0	0	0	0	0	0	0	0	43	0	0	0	0	116	0	0	9	4	0	0	0	0	0	0	0	0	0	0	176	17	0	0	0	0	96	0	0	0	0	0	0	0	0	14
7	assemblage-181-736	0	0	0	0	0	0	0	0	0	198	206	0	0	0	0	29	0	0	0	0	0	0	0	0	0	0	0	0	0	6	0	0	0	0	0	0	0	0	0	0	0	0	0	0	31	0	0	0	6	0	0	0	0	0	0	0	0	0	0	24

8	assemblage-178-720	0	0	0	0	0	0	0	0	0	0	0	0	108	0	0	0	0	0	79	0	197	0	0	0	0	0	0	0	0	0	0	0	0	0	0	0	0	0	0	0	0	0	0	0	0	0	0	0	0	0	5	0	0	0	0	0	0	98	0	13
8	assemblage-715-624	0	0	17	0	0	0	0	0	29	0	10	0	0	0	0	0	0	0	145	0	40	0	0	0	0	0	0	0	0	0	0	0	0	0	7	0	122	0	0	0	0	0	0	0	122	0	0	3	0	0	0	0	0	0	0	0	0	0	0	5
8	assemblage-346-467	0	0	19	0	0	0	0	0	31	0	16	0	0	0	0	0	0	0	134	0	21	0	0	0	0	0	0	0	0	0	0	0	0	0	6	0	122	0	0	0	0	0	0	0	141	0	0	5	0	0	0	0	0	0	0	0	0	0	0	5

9	assemblage-494-173	0	0	0	0	0	0	0	0	0	0	0	0	0	0	0	0	0	0	45	0	285	0	0	0	0	0	0	0	105	0	0	0	0	0	0	0	0	0	0	0	0	0	0	0	33	0	0	0	0	0	0	0	0	0	0	16	0	0	0	16
9	assemblage-955-844	0	0	48	0	0	0	0	0	0	0	0	0	0	0	0	0	0	0	22	0	0	0	0	44	0	0	0	0	0	0	0	0	0	0	0	0	0	0	0	0	0	28	0	0	315	0	0	0	0	8	0	0	0	0	0	0	0	0	0	35
9	assemblage-181-736	0	0	0	0	0	0	0	0	0	198	206	0	0	0	0	29	0	0	0	0	0	0	0	0	0	0	0	0	0	6	0	0	0	0	0	0	0	0	0	0	0	0	0	0	31	0	0	0	6	0	0	0	0	0	0	0	0	0	0	24

10	assemblage-494-173	0	0	0	0	0	0	0	0	0	0	0	0	0	0	0	0	0	0	45	0	285	0	0	0	0	0	0	0	105	0	0	0	0	0	0	0	0	0	0	0	0	0	0	0	33	0	0	0	0	0	0	0	0	0	0	16	0	0	0	16
10	assemblage-346-467	0	0	19	0	0	0	0	0	31	0	16	0	0	0	0	0	0	0	134	0	21	0	0	0	0	0	0	0	0	0	0	0	0	0	6	0	122	0	0	0	0	0	0	0	141	0	0	5	0	0	0	0	0	0	0	0	0	0	0	5
10	assemblage-586-290	0	0	0	0	0	12	0	0	0	0	0	0	17	0	0	0	0	0	78	0	10	0	0	0	0	0	0	0	0	0	0	0	0	0	0	0	0	0	0	0	0	0	0	0	345	0	20	0	0	0	0	0	9	0	0	0	0	3	0	6

11	assemblage-494-173	0	0	0	0	0	0	0	0	0	0	0	0	0	0	0	0	0	0	45	0	285	0	0	0	0	0	0	0	105	0	0	0	0	0	0	0	0	0	0	0	0	0	0	0	33	0	0	0	0	0	0	0	0	0	0	16	0	0	0	16
11	assemblage-715-624	0	0	17	0	0	0	0	0	29	0	10	0	0	0	0	0	0	0	145	0	40	0	0	0	0	0	0	0	0	0	0	0	0	0	7	0	122	0	0	0	0	0	0	0	122	0	0	3	0	0	0	0	0	0	0	0	0	0	0	5
11	assemblage-346-467	0	0	19	0	0	0	0	0	31	0	16	0	0	0	0	0	0	0	134	0	21	0	0	0	0	0	0	0	0	0	0	0	0	0	6	0	122	0	0	0	0	0	0	0	141	0	0	5	0	0	0	0	0	0	0	0	0	0	0	5

12	assemblage-946-107	0	0	199	0	0	0	0	0	0	12	13	0	0	0	0	0	0	0	0	0	0	0	28	0	0	0	0	8	0	68	0	0	0	0	0	0	0	0	0	0	0	0	0	0	88	0	0	0	0	0	55	0	0	0	0	0	0	0	0	29
12	assemblage-955-844	0	0	48	0	0	0	0	0	0	0	0	0	0	0	0	0	0	0	22	0	0	0	0	44	0	0	0	0	0	0	0	0	0	0	0	0	0	0	0	0	0	28	0	0	315	0	0	0	0	8	0	0	0	0	0	0	0	0	0	35
12	assemblage-359-992	0	0	0	0	0	0	0	178	0	0	0	33	0	0	0	0	0	0	96	0	111	0	0	0	0	0	0	0	0	0	0	0	0	0	0	0	0	0	0	0	0	0	0	6	59	0	0	0	0	0	0	0	0	0	0	0	0	3	0	14

13	assemblage-946-107	0	0	199	0	0	0	0	0	0	12	13	0	0	0	0	0	0	0	0	0	0	0	28	0	0	0	0	8	0	68	0	0	0	0	0	0	0	0	0	0	0	0	0	0	88	0	0	0	0	0	55	0	0	0	0	0	0	0	0	29
13	assemblage-346-467	0	0	19	0	0	0	0	0	31	0	16	0	0	0	0	0	0	0	134	0	21	0	0	0	0	0	0	0	0	0	0	0	0	0	6	0	122	0	0	0	0	0	0	0	141	0	0	5	0	0	0	0	0	0	0	0	0	0	0	5
13	assemblage-586-290	0	0	0	0	0	12	0	0	0	0	0	0	17	0	0	0	0	0	78	0	10	0	0	0	0	0	0	0	0	0	0	0	0	0	0	0	0	0	0	0	0	0	0	0	345	0	20	0	0	0	0	0	9	0	0	0	0	3	0	6

14	assemblage-946-107	0	0	199	0	0	0	0	0	0	12	13	0	0	0	0	0	0	0	0	0	0	0	28	0	0	0	0	8	0	68	0	0	0	0	0	0	0	0	0	0	0	0	0	0	88	0	0	0	0	0	55	0	0	0	0	0	0	0	0	29
14	assemblage-943-100	0	0	14	0	0	0	0	0	0	5	6	0	0	0	0	0	0	0	0	0	0	0	0	0	43	0	0	0	0	116	0	0	9	4	0	0	0	0	0	0	0	0	0	0	176	17	0	0	0	0	96	0	0	0	0	0	0	0	0	14
14	assemblage-359-992	0	0	0	0	0	0	0	178	0	0	0	33	0	0	0	0	0	0	96	0	111	0	0	0	0	0	0	0	0	0	0	0	0	0	0	0	0	0	0	0	0	0	0	6	59	0	0	0	0	0	0	0	0	0	0	0	0	3	0	14

15	assemblage-946-107	0	0	199	0	0	0	0	0	0	12	13	0	0	0	0	0	0	0	0	0	0	0	28	0	0	0	0	8	0	68	0	0	0	0	0	0	0	0	0	0	0	0	0	0	88	0	0	0	0	0	55	0	0	0	0	0	0	0	0	29
15	assemblage-943-100	0	0	14	0	0	0	0	0	0	5	6	0	0	0	0	0	0	0	0	0	0	0	0	0	43	0	0	0	0	116	0	0	9	4	0	0	0	0	0	0	0	0	0	0	176	17	0	0	0	0	96	0	0	0	0	0	0	0	0	14
15	assemblage-586-290	0	0	0	0	0	12	0	0	0	0	0	0	17	0	0	0	0	0	78	0	10	0	0	0	0	0	0	0	0	0	0	0	0	0	0	0	0	0	0	0	0	0	0	0	345	0	20	0	0	0	0	0	9	0	0	0	0	3	0	6

16	assemblage-110-107	0	0	0	0	0	0	47	0	0	0	0	0	0	0	0	0	12	0	0	0	0	0	0	0	0	0	0	0	0	0	0	0	0	0	0	4	0	0	0	0	0	0	0	0	403	0	0	0	0	0	0	17	0	0	0	0	11	0	0	6
16	assemblage-955-844	0	0	48	0	0	0	0	0	0	0	0	0	0	0	0	0	0	0	22	0	0	0	0	44	0	0	0	0	0	0	0	0	0	0	0	0	0	0	0	0	0	28	0	0	315	0	0	0	0	8	0	0	0	0	0	0	0	0	0	35
16	assemblage-453-876	25	0	108	0	0	0	0	0	0	0	0	0	0	0	0	0	0	0	269	0	14	0	0	0	0	0	0	0	0	0	0	0	0	0	0	0	0	9	10	0	0	0	0	0	36	0	0	0	0	0	9	0	0	0	0	0	0	0	0	20

17	assemblage-110-107	0	0	0	0	0	0	47	0	0	0	0	0	0	0	0	0	12	0	0	0	0	0	0	0	0	0	0	0	0	0	0	0	0	0	0	4	0	0	0	0	0	0	0	0	403	0	0	0	0	0	0	17	0	0	0	0	11	0	0	6
17	assemblage-955-844	0	0	48	0	0	0	0	0	0	0	0	0	0	0	0	0	0	0	22	0	0	0	0	44	0	0	0	0	0	0	0	0	0	0	0	0	0	0	0	0	0	28	0	0	315	0	0	0	0	8	0	0	0	0	0	0	0	0	0	35
17	assemblage-359-992	0	0	0	0	0	0	0	178	0	0	0	33	0	0	0	0	0	0	96	0	111	0	0	0	0	0	0	0	0	0	0	0	0	0	0	0	0	0	0	0	0	0	0	6	59	0	0	0	0	0	0	0	0	0	0	0	0	3	0	14

18	assemblage-110-107	0	0	0	0	0	0	47	0	0	0	0	0	0	0	0	0	12	0	0	0	0	0	0	0	0	0	0	0	0	0	0	0	0	0	0	4	0	0	0	0	0	0	0	0	403	0	0	0	0	0	0	17	0	0	0	0	11	0	0	6
18	assemblage-955-844	0	0	48	0	0	0	0	0	0	0	0	0	0	0	0	0	0	0	22	0	0	0	0	44	0	0	0	0	0	0	0	0	0	0	0	0	0	0	0	0	0	28	0	0	315	0	0	0	0	8	0	0	0	0	0	0	0	0	0	35
18	assemblage-181-736	0	0	0	0	0	0	0	0	0	198	206	0	0	0	0	29	0	0	0	0	0	0	0	0	0	0	0	0	0	6	0	0	0	0	0	0	0	0	0	0	0	0	0	0	31	0	0	0	6	0	0	0	0	0	0	0	0	0	0	24

19	assemblage-110-107	0	0	0	0	0	0	47	0	0	0	0	0	0	0	0	0	12	0	0	0	0	0	0	0	0	0	0	0	0	0	0	0	0	0	0	4	0	0	0	0	0	0	0	0	403	0	0	0	0	0	0	17	0	0	0	0	11	0	0	6
19	assemblage-586-290	0	0	0	0	0	12	0	0	0	0	0	0	17	0	0	0	0	0	78	0	10	0	0	0	0	0	0	0	0	0	0	0	0	0	0	0	0	0	0	0	0	0	0	0	345	0	20	0	0	0	0	0	9	0	0	0	0	3	0	6
19	assemblage-453-876	25	0	108	0	0	0	0	0	0	0	0	0	0	0	0	0	0	0	269	0	14	0	0	0	0	0	0	0	0	0	0	0	0	0	0	0	0	9	10	0	0	0	0	0	36	0	0	0	0	0	9	0	0	0	0	0	0	0	0	20

20	assemblage-110-107	0	0	0	0	0	0	47	0	0	0	0	0	0	0	0	0	12	0	0	0	0	0	0	0	0	0	0	0	0	0	0	0	0	0	0	4	0	0	0	0	0	0	0	0	403	0	0	0	0	0	0	17	0	0	0	0	11	0	0	6
20	assemblage-586-290	0	0	0	0	0	12	0	0	0	0	0	0	17	0	0	0	0	0	78	0	10	0	0	0	0	0	0	0	0	0	0	0	0	0	0	0	0	0	0	0	0	0	0	0	345	0	20	0	0	0	0	0	9	0	0	0	0	3	0	6
20	assemblage-359-992	0	0	0	0	0	0	0	178	0	0	0	33	0	0	0	0	0	0	96	0	111	0	0	0	0	0	0	0	0	0	0	0	0	0	0	0	0	0	0	0	0	0	0	6	59	0	0	0	0	0	0	0	0	0	0	0	0	3	0	14

21	assemblage-110-107	0	0	0	0	0	0	47	0	0	0	0	0	0	0	0	0	12	0	0	0	0	0	0	0	0	0	0	0	0	0	0	0	0	0	0	4	0	0	0	0	0	0	0	0	403	0	0	0	0	0	0	17	0	0	0	0	11	0	0	6
21	assemblage-586-290	0	0	0	0	0	12	0	0	0	0	0	0	17	0	0	0	0	0	78	0	10	0	0	0	0	0	0	0	0	0	0	0	0	0	0	0	0	0	0	0	0	0	0	0	345	0	20	0	0	0	0	0	9	0	0	0	0	3	0	6
21	assemblage-181-736	0	0	0	0	0	0	0	0	0	198	206	0	0	0	0	29	0	0	0	0	0	0	0	0	0	0	0	0	0	6	0	0	0	0	0	0	0	0	0	0	0	0	0	0	31	0	0	0	6	0	0	0	0	0	0	0	0	0	0	24

22	assemblage-110-107	0	0	0	0	0	0	47	0	0	0	0	0	0	0	0	0	12	0	0	0	0	0	0	0	0	0	0	0	0	0	0	0	0	0	0	4	0	0	0	0	0	0	0	0	403	0	0	0	0	0	0	17	0	0	0	0	11	0	0	6
22	assemblage-586-290	0	0	0	0	0	12	0	0	0	0	0	0	17	0	0	0	0	0	78	0	10	0	0	0	0	0	0	0	0	0	0	0	0	0	0	0	0	0	0	0	0	0	0	0	345	0	20	0	0	0	0	0	9	0	0	0	0	3	0	6
22	assemblage-955-844	0	0	48	0	0	0	0	0	0	0	0	0	0	0	0	0	0	0	22	0	0	0	0	44	0	0	0	0	0	0	0	0	0	0	0	0	0	0	0	0	0	28	0	0	315	0	0	0	0	8	0	0	0	0	0	0	0	0	0	35

23	assemblage-110-107	0	0	0	0	0	0	47	0	0	0	0	0	0	0	0	0	12	0	0	0	0	0	0	0	0	0	0	0	0	0	0	0	0	0	0	4	0	0	0	0	0	0	0	0	403	0	0	0	0	0	0	17	0	0	0	0	11	0	0	6
23	assemblage-346-467	0	0	19	0	0	0	0	0	31	0	16	0	0	0	0	0	0	0	134	0	21	0	0	0	0	0	0	0	0	0	0	0	0	0	6	0	122	0	0	0	0	0	0	0	141	0	0	5	0	0	0	0	0	0	0	0	0	0	0	5
23	assemblage-453-876	25	0	108	0	0	0	0	0	0	0	0	0	0	0	0	0	0	0	269	0	14	0	0	0	0	0	0	0	0	0	0	0	0	0	0	0	0	9	10	0	0	0	0	0	36	0	0	0	0	0	9	0	0	0	0	0	0	0	0	20

24	assemblage-110-107	0	0	0	0	0	0	47	0	0	0	0	0	0	0	0	0	12	0	0	0	0	0	0	0	0	0	0	0	0	0	0	0	0	0	0	4	0	0	0	0	0	0	0	0	403	0	0	0	0	0	0	17	0	0	0	0	11	0	0	6
24	assemblage-346-467	0	0	19	0	0	0	0	0	31	0	16	0	0	0	0	0	0	0	134	0	21	0	0	0	0	0	0	0	0	0	0	0	0	0	6	0	122	0	0	0	0	0	0	0	141	0	0	5	0	0	0	0	0	0	0	0	0	0	0	5
24	assemblage-359-992	0	0	0	0	0	0	0	178	0	0	0	33	0	0	0	0	0	0	96	0	111	0	0	0	0	0	0	0	0	0	0	0	0	0	0	0	0	0	0	0	0	0	0	6	59	0	0	0	0	0	0	0	0	0	0	0	0	3	0	14

25	assemblage-110-107	0	0	0	0	0	0	47	0	0	0	0	0	0	0	0	0	12	0	0	0	0	0	0	0	0	0	0	0	0	0	0	0	0	0	0	4	0	0	0	0	0	0	0	0	403	0	0	0	0	0	0	17	0	0	0	0	11	0	0	6
25	assemblage-346-467	0	0	19	0	0	0	0	0	31	0	16	0	0	0	0	0	0	0	134	0	21	0	0	0	0	0	0	0	0	0	0	0	0	0	6	0	122	0	0	0	0	0	0	0	141	0	0	5	0	0	0	0	0	0	0	0	0	0	0	5
25	assemblage-181-736	0	0	0	0	0	0	0	0	0	198	206	0	0	0	0	29	0	0	0	0	0	0	0	0	0	0	0	0	0	6	0	0	0	0	0	0	0	0	0	0	0	0	0	0	31	0	0	0	6	0	0	0	0	0	0	0	0	0	0	24

26	assemblage-110-107	0	0	0	0	0	0	47	0	0	0	0	0	0	0	0	0	12	0	0	0	0	0	0	0	0	0	0	0	0	0	0	0	0	0	0	4	0	0	0	0	0	0	0	0	403	0	0	0	0	0	0	17	0	0	0	0	11	0	0	6
26	assemblage-943-100	0	0	14	0	0	0	0	0	0	5	6	0	0	0	0	0	0	0	0	0	0	0	0	0	43	0	0	0	0	116	0	0	9	4	0	0	0	0	0	0	0	0	0	0	176	17	0	0	0	0	96	0	0	0	0	0	0	0	0	14
26	assemblage-359-992	0	0	0	0	0	0	0	178	0	0	0	33	0	0	0	0	0	0	96	0	111	0	0	0	0	0	0	0	0	0	0	0	0	0	0	0	0	0	0	0	0	0	0	6	59	0	0	0	0	0	0	0	0	0	0	0	0	3	0	14

27	assemblage-110-107	0	0	0	0	0	0	47	0	0	0	0	0	0	0	0	0	12	0	0	0	0	0	0	0	0	0	0	0	0	0	0	0	0	0	0	4	0	0	0	0	0	0	0	0	403	0	0	0	0	0	0	17	0	0	0	0	11	0	0	6
27	assemblage-943-100	0	0	14	0	0	0	0	0	0	5	6	0	0	0	0	0	0	0	0	0	0	0	0	0	43	0	0	0	0	116	0	0	9	4	0	0	0	0	0	0	0	0	0	0	176	17	0	0	0	0	96	0	0	0	0	0	0	0	0	14
27	assemblage-346-467	0	0	19	0	0	0	0	0	31	0	16	0	0	0	0	0	0	0	134	0	21	0	0	0	0	0	0	0	0	0	0	0	0	0	6	0	122	0	0	0	0	0	0	0	141	0	0	5	0	0	0	0	0	0	0	0	0	0	0	5

28	assemblage-110-107	0	0	0	0	0	0	47	0	0	0	0	0	0	0	0	0	12	0	0	0	0	0	0	0	0	0	0	0	0	0	0	0	0	0	0	4	0	0	0	0	0	0	0	0	403	0	0	0	0	0	0	17	0	0	0	0	11	0	0	6
28	assemblage-715-624	0	0	17	0	0	0	0	0	29	0	10	0	0	0	0	0	0	0	145	0	40	0	0	0	0	0	0	0	0	0	0	0	0	0	7	0	122	0	0	0	0	0	0	0	122	0	0	3	0	0	0	0	0	0	0	0	0	0	0	5
28	assemblage-453-876	25	0	108	0	0	0	0	0	0	0	0	0	0	0	0	0	0	0	269	0	14	0	0	0	0	0	0	0	0	0	0	0	0	0	0	0	0	9	10	0	0	0	0	0	36	0	0	0	0	0	9	0	0	0	0	0	0	0	0	20

29	assemblage-110-107	0	0	0	0	0	0	47	0	0	0	0	0	0	0	0	0	12	0	0	0	0	0	0	0	0	0	0	0	0	0	0	0	0	0	0	4	0	0	0	0	0	0	0	0	403	0	0	0	0	0	0	17	0	0	0	0	11	0	0	6
29	assemblage-715-624	0	0	17	0	0	0	0	0	29	0	10	0	0	0	0	0	0	0	145	0	40	0	0	0	0	0	0	0	0	0	0	0	0	0	7	0	122	0	0	0	0	0	0	0	122	0	0	3	0	0	0	0	0	0	0	0	0	0	0	5
29	assemblage-359-992	0	0	0	0	0	0	0	178	0	0	0	33	0	0	0	0	0	0	96	0	111	0	0	0	0	0	0	0	0	0	0	0	0	0	0	0	0	0	0	0	0	0	0	6	59	0	0	0	0	0	0	0	0	0	0	0	0	3	0	14

30	assemblage-110-107	0	0	0	0	0	0	47	0	0	0	0	0	0	0	0	0	12	0	0	0	0	0	0	0	0	0	0	0	0	0	0	0	0	0	0	4	0	0	0	0	0	0	0	0	403	0	0	0	0	0	0	17	0	0	0	0	11	0	0	6
30	assemblage-715-624	0	0	17	0	0	0	0	0	29	0	10	0	0	0	0	0	0	0	145	0	40	0	0	0	0	0	0	0	0	0	0	0	0	0	7	0	122	0	0	0	0	0	0	0	122	0	0	3	0	0	0	0	0	0	0	0	0	0	0	5
30	assemblage-181-736	0	0	0	0	0	0	0	0	0	198	206	0	0	0	0	29	0	0	0	0	0	0	0	0	0	0	0	0	0	6	0	0	0	0	0	0	0	0	0	0	0	0	0	0	31	0	0	0	6	0	0	0	0	0	0	0	0	0	0	24

31	assemblage-110-107	0	0	0	0	0	0	47	0	0	0	0	0	0	0	0	0	12	0	0	0	0	0	0	0	0	0	0	0	0	0	0	0	0	0	0	4	0	0	0	0	0	0	0	0	403	0	0	0	0	0	0	17	0	0	0	0	11	0	0	6
31	assemblage-494-173	0	0	0	0	0	0	0	0	0	0	0	0	0	0	0	0	0	0	45	0	285	0	0	0	0	0	0	0	105	0	0	0	0	0	0	0	0	0	0	0	0	0	0	0	33	0	0	0	0	0	0	0	0	0	0	16	0	0	0	16
31	assemblage-178-720	0	0	0	0	0	0	0	0	0	0	0	0	108	0	0	0	0	0	79	0	197	0	0	0	0	0	0	0	0	0	0	0	0	0	0	0	0	0	0	0	0	0	0	0	0	0	0	0	0	0	5	0	0	0	0	0	0	98	0	13

32	assemblage-110-107	0	0	0	0	0	0	47	0	0	0	0	0	0	0	0	0	12	0	0	0	0	0	0	0	0	0	0	0	0	0	0	0	0	0	0	4	0	0	0	0	0	0	0	0	403	0	0	0	0	0	0	17	0	0	0	0	11	0	0	6
32	assemblage-946-107	0	0	199	0	0	0	0	0	0	12	13	0	0	0	0	0	0	0	0	0	0	0	28	0	0	0	0	8	0	68	0	0	0	0	0	0	0	0	0	0	0	0	0	0	88	0	0	0	0	0	55	0	0	0	0	0	0	0	0	29
32	assemblage-453-876	25	0	108	0	0	0	0	0	0	0	0	0	0	0	0	0	0	0	269	0	14	0	0	0	0	0	0	0	0	0	0	0	0	0	0	0	0	9	10	0	0	0	0	0	36	0	0	0	0	0	9	0	0	0	0	0	0	0	0	20

33	assemblage-110-107	0	0	0	0	0	0	47	0	0	0	0	0	0	0	0	0	12	0	0	0	0	0	0	0	0	0	0	0	0	0	0	0	0	0	0	4	0	0	0	0	0	0	0	0	403	0	0	0	0	0	0	17	0	0	0	0	11	0	0	6
33	assemblage-946-107	0	0	199	0	0	0	0	0	0	12	13	0	0	0	0	0	0	0	0	0	0	0	28	0	0	0	0	8	0	68	0	0	0	0	0	0	0	0	0	0	0	0	0	0	88	0	0	0	0	0	55	0	0	0	0	0	0	0	0	29
33	assemblage-359-992	0	0	0	0	0	0	0	178	0	0	0	33	0	0	0	0	0	0	96	0	111	0	0	0	0	0	0	0	0	0	0	0	0	0	0	0	0	0	0	0	0	0	0	6	59	0	0	0	0	0	0	0	0	0	0	0	0	3	0	14

34	assemblage-110-107	0	0	0	0	0	0	47	0	0	0	0	0	0	0	0	0	12	0	0	0	0	0	0	0	0	0	0	0	0	0	0	0	0	0	0	4	0	0	0	0	0	0	0	0	403	0	0	0	0	0	0	17	0	0	0	0	11	0	0	6
34	assemblage-946-107	0	0	199	0	0	0	0	0	0	12	13	0	0	0	0	0	0	0	0	0	0	0	28	0	0	0	0	8	0	68	0	0	0	0	0	0	0	0	0	0	0	0	0	0	88	0	0	0	0	0	55	0	0	0	0	0	0	0	0	29
34	assemblage-181-736	0	0	0	0	0	0	0	0	0	198	206	0	0	0	0	29	0	0	0	0	0	0	0	0	0	0	0	0	0	6	0	0	0	0	0	0	0	0	0	0	0	0	0	0	31	0	0	0	6	0	0	0	0	0	0	0	0	0	0	24

35	assemblage-110-107	0	0	0	0	0	0	47	0	0	0	0	0	0	0	0	0	12	0	0	0	0	0	0	0	0	0	0	0	0	0	0	0	0	0	0	4	0	0	0	0	0	0	0	0	403	0	0	0	0	0	0	17	0	0	0	0	11	0	0	6
35	assemblage-946-107	0	0	199	0	0	0	0	0	0	12	13	0	0	0	0	0	0	0	0	0	0	0	28	0	0	0	0	8	0	68	0	0	0	0	0	0	0	0	0	0	0	0	0	0	88	0	0	0	0	0	55	0	0	0	0	0	0	0	0	29
35	assemblage-178-720	0	0	0	0	0	0	0	0	0	0	0	0	108	0	0	0	0	0	79	0	197	0	0	0	0	0	0	0	0	0	0	0	0	0	0	0	0	0	0	0	0	0	0	0	0	0	0	0	0	0	5	0	0	0	0	0	0	98	0	13

36	assemblage-110-107	0	0	0	0	0	0	47	0	0	0	0	0	0	0	0	0	12	0	0	0	0	0	0	0	0	0	0	0	0	0	0	0	0	0	0	4	0	0	0	0	0	0	0	0	403	0	0	0	0	0	0	17	0	0	0	0	11	0	0	6
36	assemblage-946-107	0	0	199	0	0	0	0	0	0	12	13	0	0	0	0	0	0	0	0	0	0	0	28	0	0	0	0	8	0	68	0	0	0	0	0	0	0	0	0	0	0	0	0	0	88	0	0	0	0	0	55	0	0	0	0	0	0	0	0	29
36	assemblage-494-173	0	0	0	0	0	0	0	0	0	0	0	0	0	0	0	0	0	0	45	0	285	0	0	0	0	0	0	0	105	0	0	0	0	0	0	0	0	0	0	0	0	0	0	0	33	0	0	0	0	0	0	0	0	0	0	16	0	0	0	16

37	assemblage-447-448	0	0	122	0	0	0	0	0	0	0	0	0	0	0	0	0	0	0	121	0	0	0	19	0	0	0	0	0	0	0	0	0	0	0	0	0	111	0	0	0	0	0	0	0	37	0	0	0	0	0	67	0	0	0	0	0	0	0	0	23
37	assemblage-955-844	0	0	48	0	0	0	0	0	0	0	0	0	0	0	0	0	0	0	22	0	0	0	0	44	0	0	0	0	0	0	0	0	0	0	0	0	0	0	0	0	0	28	0	0	315	0	0	0	0	8	0	0	0	0	0	0	0	0	0	35
37	assemblage-181-736	0	0	0	0	0	0	0	0	0	198	206	0	0	0	0	29	0	0	0	0	0	0	0	0	0	0	0	0	0	6	0	0	0	0	0	0	0	0	0	0	0	0	0	0	31	0	0	0	6	0	0	0	0	0	0	0	0	0	0	24

38	assemblage-447-448	0	0	122	0	0	0	0	0	0	0	0	0	0	0	0	0	0	0	121	0	0	0	19	0	0	0	0	0	0	0	0	0	0	0	0	0	111	0	0	0	0	0	0	0	37	0	0	0	0	0	67	0	0	0	0	0	0	0	0	23
38	assemblage-346-467	0	0	19	0	0	0	0	0	31	0	16	0	0	0	0	0	0	0	134	0	21	0	0	0	0	0	0	0	0	0	0	0	0	0	6	0	122	0	0	0	0	0	0	0	141	0	0	5	0	0	0	0	0	0	0	0	0	0	0	5
38	assemblage-586-290	0	0	0	0	0	12	0	0	0	0	0	0	17	0	0	0	0	0	78	0	10	0	0	0	0	0	0	0	0	0	0	0	0	0	0	0	0	0	0	0	0	0	0	0	345	0	20	0	0	0	0	0	9	0	0	0	0	3	0	6

39	assemblage-447-448	0	0	122	0	0	0	0	0	0	0	0	0	0	0	0	0	0	0	121	0	0	0	19	0	0	0	0	0	0	0	0	0	0	0	0	0	111	0	0	0	0	0	0	0	37	0	0	0	0	0	67	0	0	0	0	0	0	0	0	23
39	assemblage-946-107	0	0	199	0	0	0	0	0	0	12	13	0	0	0	0	0	0	0	0	0	0	0	28	0	0	0	0	8	0	68	0	0	0	0	0	0	0	0	0	0	0	0	0	0	88	0	0	0	0	0	55	0	0	0	0	0	0	0	0	29
39	assemblage-181-736	0	0	0	0	0	0	0	0	0	198	206	0	0	0	0	29	0	0	0	0	0	0	0	0	0	0	0	0	0	6	0	0	0	0	0	0	0	0	0	0	0	0	0	0	31	0	0	0	6	0	0	0	0	0	0	0	0	0	0	24

40	assemblage-126-731	40	0	87	0	0	0	0	0	0	0	0	0	0	0	0	0	0	0	297	0	10	0	0	0	0	0	0	0	0	0	0	0	0	0	0	0	0	10	11	0	0	0	0	0	23	0	0	0	0	0	9	0	0	0	0	0	0	0	0	13
40	assemblage-955-844	0	0	48	0	0	0	0	0	0	0	0	0	0	0	0	0	0	0	22	0	0	0	0	44	0	0	0	0	0	0	0	0	0	0	0	0	0	0	0	0	0	28	0	0	315	0	0	0	0	8	0	0	0	0	0	0	0	0	0	35
40	assemblage-181-736	0	0	0	0	0	0	0	0	0	198	206	0	0	0	0	29	0	0	0	0	0	0	0	0	0	0	0	0	0	6	0	0	0	0	0	0	0	0	0	0	0	0	0	0	31	0	0	0	6	0	0	0	0	0	0	0	0	0	0	24

41	assemblage-126-731	40	0	87	0	0	0	0	0	0	0	0	0	0	0	0	0	0	0	297	0	10	0	0	0	0	0	0	0	0	0	0	0	0	0	0	0	0	10	11	0	0	0	0	0	23	0	0	0	0	0	9	0	0	0	0	0	0	0	0	13
41	assemblage-346-467	0	0	19	0	0	0	0	0	31	0	16	0	0	0	0	0	0	0	134	0	21	0	0	0	0	0	0	0	0	0	0	0	0	0	6	0	122	0	0	0	0	0	0	0	141	0	0	5	0	0	0	0	0	0	0	0	0	0	0	5
41	assemblage-586-290	0	0	0	0	0	12	0	0	0	0	0	0	17	0	0	0	0	0	78	0	10	0	0	0	0	0	0	0	0	0	0	0	0	0	0	0	0	0	0	0	0	0	0	0	345	0	20	0	0	0	0	0	9	0	0	0	0	3	0	6

42	assemblage-126-731	40	0	87	0	0	0	0	0	0	0	0	0	0	0	0	0	0	0	297	0	10	0	0	0	0	0	0	0	0	0	0	0	0	0	0	0	0	10	11	0	0	0	0	0	23	0	0	0	0	0	9	0	0	0	0	0	0	0	0	13
42	assemblage-943-100	0	0	14	0	0	0	0	0	0	5	6	0	0	0	0	0	0	0	0	0	0	0	0	0	43	0	0	0	0	116	0	0	9	4	0	0	0	0	0	0	0	0	0	0	176	17	0	0	0	0	96	0	0	0	0	0	0	0	0	14
42	assemblage-181-736	0	0	0	0	0	0	0	0	0	198	206	0	0	0	0	29	0	0	0	0	0	0	0	0	0	0	0	0	0	6	0	0	0	0	0	0	0	0	0	0	0	0	0	0	31	0	0	0	6	0	0	0	0	0	0	0	0	0	0	24

43	assemblage-126-731	40	0	87	0	0	0	0	0	0	0	0	0	0	0	0	0	0	0	297	0	10	0	0	0	0	0	0	0	0	0	0	0	0	0	0	0	0	10	11	0	0	0	0	0	23	0	0	0	0	0	9	0	0	0	0	0	0	0	0	13
43	assemblage-946-107	0	0	199	0	0	0	0	0	0	12	13	0	0	0	0	0	0	0	0	0	0	0	28	0	0	0	0	8	0	68	0	0	0	0	0	0	0	0	0	0	0	0	0	0	88	0	0	0	0	0	55	0	0	0	0	0	0	0	0	29
43	assemblage-181-736	0	0	0	0	0	0	0	0	0	198	206	0	0	0	0	29	0	0	0	0	0	0	0	0	0	0	0	0	0	6	0	0	0	0	0	0	0	0	0	0	0	0	0	0	31	0	0	0	6	0	0	0	0	0	0	0	0	0	0	24

44	assemblage-126-731	40	0	87	0	0	0	0	0	0	0	0	0	0	0	0	0	0	0	297	0	10	0	0	0	0	0	0	0	0	0	0	0	0	0	0	0	0	10	11	0	0	0	0	0	23	0	0	0	0	0	9	0	0	0	0	0	0	0	0	13
44	assemblage-946-107	0	0	199	0	0	0	0	0	0	12	13	0	0	0	0	0	0	0	0	0	0	0	28	0	0	0	0	8	0	68	0	0	0	0	0	0	0	0	0	0	0	0	0	0	88	0	0	0	0	0	55	0	0	0	0	0	0	0	0	29
44	assemblage-943-100	0	0	14	0	0	0	0	0	0	5	6	0	0	0	0	0	0	0	0	0	0	0	0	0	43	0	0	0	0	116	0	0	9	4	0	0	0	0	0	0	0	0	0	0	176	17	0	0	0	0	96	0	0	0	0	0	0	0	0	14

45	assemblage-126-731	40	0	87	0	0	0	0	0	0	0	0	0	0	0	0	0	0	0	297	0	10	0	0	0	0	0	0	0	0	0	0	0	0	0	0	0	0	10	11	0	0	0	0	0	23	0	0	0	0	0	9	0	0	0	0	0	0	0	0	13
45	assemblage-447-448	0	0	122	0	0	0	0	0	0	0	0	0	0	0	0	0	0	0	121	0	0	0	19	0	0	0	0	0	0	0	0	0	0	0	0	0	111	0	0	0	0	0	0	0	37	0	0	0	0	0	67	0	0	0	0	0	0	0	0	23
45	assemblage-943-100	0	0	14	0	0	0	0	0	0	5	6	0	0	0	0	0	0	0	0	0	0	0	0	0	43	0	0	0	0	116	0	0	9	4	0	0	0	0	0	0	0	0	0	0	176	17	0	0	0	0	96	0	0	0	0	0	0	0	0	14

46	assemblage-126-731	40	0	87	0	0	0	0	0	0	0	0	0	0	0	0	0	0	0	297	0	10	0	0	0	0	0	0	0	0	0	0	0	0	0	0	0	0	10	11	0	0	0	0	0	23	0	0	0	0	0	9	0	0	0	0	0	0	0	0	13
46	assemblage-447-448	0	0	122	0	0	0	0	0	0	0	0	0	0	0	0	0	0	0	121	0	0	0	19	0	0	0	0	0	0	0	0	0	0	0	0	0	111	0	0	0	0	0	0	0	37	0	0	0	0	0	67	0	0	0	0	0	0	0	0	23
46	assemblage-110-107	0	0	0	0	0	0	47	0	0	0	0	0	0	0	0	0	12	0	0	0	0	0	0	0	0	0	0	0	0	0	0	0	0	0	0	4	0	0	0	0	0	0	0	0	403	0	0	0	0	0	0	17	0	0	0	0	11	0	0	6

47	assemblage-647-581	0	0	0	0	0	0	0	0	0	0	0	0	0	0	0	0	0	0	0	0	0	0	0	0	0	0	16	0	0	299	0	0	0	0	0	0	0	0	0	0	0	0	0	0	0	0	0	0	0	0	157	0	0	0	0	0	0	0	0	28
47	assemblage-181-736	0	0	0	0	0	0	0	0	0	198	206	0	0	0	0	29	0	0	0	0	0	0	0	0	0	0	0	0	0	6	0	0	0	0	0	0	0	0	0	0	0	0	0	0	31	0	0	0	6	0	0	0	0	0	0	0	0	0	0	24
47	assemblage-359-992	0	0	0	0	0	0	0	178	0	0	0	33	0	0	0	0	0	0	96	0	111	0	0	0	0	0	0	0	0	0	0	0	0	0	0	0	0	0	0	0	0	0	0	6	59	0	0	0	0	0	0	0	0	0	0	0	0	3	0	14

48	assemblage-647-581	0	0	0	0	0	0	0	0	0	0	0	0	0	0	0	0	0	0	0	0	0	0	0	0	0	0	16	0	0	299	0	0	0	0	0	0	0	0	0	0	0	0	0	0	0	0	0	0	0	0	157	0	0	0	0	0	0	0	0	28
48	assemblage-955-844	0	0	48	0	0	0	0	0	0	0	0	0	0	0	0	0	0	0	22	0	0	0	0	44	0	0	0	0	0	0	0	0	0	0	0	0	0	0	0	0	0	28	0	0	315	0	0	0	0	8	0	0	0	0	0	0	0	0	0	35
48	assemblage-359-992	0	0	0	0	0	0	0	178	0	0	0	33	0	0	0	0	0	0	96	0	111	0	0	0	0	0	0	0	0	0	0	0	0	0	0	0	0	0	0	0	0	0	0	6	59	0	0	0	0	0	0	0	0	0	0	0	0	3	0	14

49	assemblage-647-581	0	0	0	0	0	0	0	0	0	0	0	0	0	0	0	0	0	0	0	0	0	0	0	0	0	0	16	0	0	299	0	0	0	0	0	0	0	0	0	0	0	0	0	0	0	0	0	0	0	0	157	0	0	0	0	0	0	0	0	28
49	assemblage-346-467	0	0	19	0	0	0	0	0	31	0	16	0	0	0	0	0	0	0	134	0	21	0	0	0	0	0	0	0	0	0	0	0	0	0	6	0	122	0	0	0	0	0	0	0	141	0	0	5	0	0	0	0	0	0	0	0	0	0	0	5
49	assemblage-586-290	0	0	0	0	0	12	0	0	0	0	0	0	17	0	0	0	0	0	78	0	10	0	0	0	0	0	0	0	0	0	0	0	0	0	0	0	0	0	0	0	0	0	0	0	345	0	20	0	0	0	0	0	9	0	0	0	0	3	0	6

50	assemblage-647-581	0	0	0	0	0	0	0	0	0	0	0	0	0	0	0	0	0	0	0	0	0	0	0	0	0	0	16	0	0	299	0	0	0	0	0	0	0	0	0	0	0	0	0	0	0	0	0	0	0	0	157	0	0	0	0	0	0	0	0	28
50	assemblage-943-100	0	0	14	0	0	0	0	0	0	5	6	0	0	0	0	0	0	0	0	0	0	0	0	0	43	0	0	0	0	116	0	0	9	4	0	0	0	0	0	0	0	0	0	0	176	17	0	0	0	0	96	0	0	0	0	0	0	0	0	14
50	assemblage-359-992	0	0	0	0	0	0	0	178	0	0	0	33	0	0	0	0	0	0	96	0	111	0	0	0	0	0	0	0	0	0	0	0	0	0	0	0	0	0	0	0	0	0	0	6	59	0	0	0	0	0	0	0	0	0	0	0	0	3	0	14

51	assemblage-647-581	0	0	0	0	0	0	0	0	0	0	0	0	0	0	0	0	0	0	0	0	0	0	0	0	0	0	16	0	0	299	0	0	0	0	0	0	0	0	0	0	0	0	0	0	0	0	0	0	0	0	157	0	0	0	0	0	0	0	0	28
51	assemblage-943-100	0	0	14	0	0	0	0	0	0	5	6	0	0	0	0	0	0	0	0	0	0	0	0	0	43	0	0	0	0	116	0	0	9	4	0	0	0	0	0	0	0	0	0	0	176	17	0	0	0	0	96	0	0	0	0	0	0	0	0	14
51	assemblage-586-290	0	0	0	0	0	12	0	0	0	0	0	0	17	0	0	0	0	0	78	0	10	0	0	0	0	0	0	0	0	0	0	0	0	0	0	0	0	0	0	0	0	0	0	0	345	0	20	0	0	0	0	0	9	0	0	0	0	3	0	6

52	assemblage-647-581	0	0	0	0	0	0	0	0	0	0	0	0	0	0	0	0	0	0	0	0	0	0	0	0	0	0	16	0	0	299	0	0	0	0	0	0	0	0	0	0	0	0	0	0	0	0	0	0	0	0	157	0	0	0	0	0	0	0	0	28
52	assemblage-943-100	0	0	14	0	0	0	0	0	0	5	6	0	0	0	0	0	0	0	0	0	0	0	0	0	43	0	0	0	0	116	0	0	9	4	0	0	0	0	0	0	0	0	0	0	176	17	0	0	0	0	96	0	0	0	0	0	0	0	0	14
52	assemblage-346-467	0	0	19	0	0	0	0	0	31	0	16	0	0	0	0	0	0	0	134	0	21	0	0	0	0	0	0	0	0	0	0	0	0	0	6	0	122	0	0	0	0	0	0	0	141	0	0	5	0	0	0	0	0	0	0	0	0	0	0	5

53	assemblage-647-581	0	0	0	0	0	0	0	0	0	0	0	0	0	0	0	0	0	0	0	0	0	0	0	0	0	0	16	0	0	299	0	0	0	0	0	0	0	0	0	0	0	0	0	0	0	0	0	0	0	0	157	0	0	0	0	0	0	0	0	28
53	assemblage-715-624	0	0	17	0	0	0	0	0	29	0	10	0	0	0	0	0	0	0	145	0	40	0	0	0	0	0	0	0	0	0	0	0	0	0	7	0	122	0	0	0	0	0	0	0	122	0	0	3	0	0	0	0	0	0	0	0	0	0	0	5
53	assemblage-346-467	0	0	19	0	0	0	0	0	31	0	16	0	0	0	0	0	0	0	134	0	21	0	0	0	0	0	0	0	0	0	0	0	0	0	6	0	122	0	0	0	0	0	0	0	141	0	0	5	0	0	0	0	0	0	0	0	0	0	0	5

54	assemblage-647-581	0	0	0	0	0	0	0	0	0	0	0	0	0	0	0	0	0	0	0	0	0	0	0	0	0	0	16	0	0	299	0	0	0	0	0	0	0	0	0	0	0	0	0	0	0	0	0	0	0	0	157	0	0	0	0	0	0	0	0	28
54	assemblage-178-720	0	0	0	0	0	0	0	0	0	0	0	0	108	0	0	0	0	0	79	0	197	0	0	0	0	0	0	0	0	0	0	0	0	0	0	0	0	0	0	0	0	0	0	0	0	0	0	0	0	0	5	0	0	0	0	0	0	98	0	13
54	assemblage-359-992	0	0	0	0	0	0	0	178	0	0	0	33	0	0	0	0	0	0	96	0	111	0	0	0	0	0	0	0	0	0	0	0	0	0	0	0	0	0	0	0	0	0	0	6	59	0	0	0	0	0	0	0	0	0	0	0	0	3	0	14

55	assemblage-647-581	0	0	0	0	0	0	0	0	0	0	0	0	0	0	0	0	0	0	0	0	0	0	0	0	0	0	16	0	0	299	0	0	0	0	0	0	0	0	0	0	0	0	0	0	0	0	0	0	0	0	157	0	0	0	0	0	0	0	0	28
55	assemblage-178-720	0	0	0	0	0	0	0	0	0	0	0	0	108	0	0	0	0	0	79	0	197	0	0	0	0	0	0	0	0	0	0	0	0	0	0	0	0	0	0	0	0	0	0	0	0	0	0	0	0	0	5	0	0	0	0	0	0	98	0	13
55	assemblage-586-290	0	0	0	0	0	12	0	0	0	0	0	0	17	0	0	0	0	0	78	0	10	0	0	0	0	0	0	0	0	0	0	0	0	0	0	0	0	0	0	0	0	0	0	0	345	0	20	0	0	0	0	0	9	0	0	0	0	3	0	6

56	assemblage-647-581	0	0	0	0	0	0	0	0	0	0	0	0	0	0	0	0	0	0	0	0	0	0	0	0	0	0	16	0	0	299	0	0	0	0	0	0	0	0	0	0	0	0	0	0	0	0	0	0	0	0	157	0	0	0	0	0	0	0	0	28
56	assemblage-178-720	0	0	0	0	0	0	0	0	0	0	0	0	108	0	0	0	0	0	79	0	197	0	0	0	0	0	0	0	0	0	0	0	0	0	0	0	0	0	0	0	0	0	0	0	0	0	0	0	0	0	5	0	0	0	0	0	0	98	0	13
56	assemblage-346-467	0	0	19	0	0	0	0	0	31	0	16	0	0	0	0	0	0	0	134	0	21	0	0	0	0	0	0	0	0	0	0	0	0	0	6	0	122	0	0	0	0	0	0	0	141	0	0	5	0	0	0	0	0	0	0	0	0	0	0	5

57	assemblage-647-581	0	0	0	0	0	0	0	0	0	0	0	0	0	0	0	0	0	0	0	0	0	0	0	0	0	0	16	0	0	299	0	0	0	0	0	0	0	0	0	0	0	0	0	0	0	0	0	0	0	0	157	0	0	0	0	0	0	0	0	28
57	assemblage-178-720	0	0	0	0	0	0	0	0	0	0	0	0	108	0	0	0	0	0	79	0	197	0	0	0	0	0	0	0	0	0	0	0	0	0	0	0	0	0	0	0	0	0	0	0	0	0	0	0	0	0	5	0	0	0	0	0	0	98	0	13
57	assemblage-715-624	0	0	17	0	0	0	0	0	29	0	10	0	0	0	0	0	0	0	145	0	40	0	0	0	0	0	0	0	0	0	0	0	0	0	7	0	122	0	0	0	0	0	0	0	122	0	0	3	0	0	0	0	0	0	0	0	0	0	0	5

58	assemblage-647-581	0	0	0	0	0	0	0	0	0	0	0	0	0	0	0	0	0	0	0	0	0	0	0	0	0	0	16	0	0	299	0	0	0	0	0	0	0	0	0	0	0	0	0	0	0	0	0	0	0	0	157	0	0	0	0	0	0	0	0	28
58	assemblage-494-173	0	0	0	0	0	0	0	0	0	0	0	0	0	0	0	0	0	0	45	0	285	0	0	0	0	0	0	0	105	0	0	0	0	0	0	0	0	0	0	0	0	0	0	0	33	0	0	0	0	0	0	0	0	0	0	16	0	0	0	16
58	assemblage-359-992	0	0	0	0	0	0	0	178	0	0	0	33	0	0	0	0	0	0	96	0	111	0	0	0	0	0	0	0	0	0	0	0	0	0	0	0	0	0	0	0	0	0	0	6	59	0	0	0	0	0	0	0	0	0	0	0	0	3	0	14

59	assemblage-647-581	0	0	0	0	0	0	0	0	0	0	0	0	0	0	0	0	0	0	0	0	0	0	0	0	0	0	16	0	0	299	0	0	0	0	0	0	0	0	0	0	0	0	0	0	0	0	0	0	0	0	157	0	0	0	0	0	0	0	0	28
59	assemblage-494-173	0	0	0	0	0	0	0	0	0	0	0	0	0	0	0	0	0	0	45	0	285	0	0	0	0	0	0	0	105	0	0	0	0	0	0	0	0	0	0	0	0	0	0	0	33	0	0	0	0	0	0	0	0	0	0	16	0	0	0	16
59	assemblage-586-290	0	0	0	0	0	12	0	0	0	0	0	0	17	0	0	0	0	0	78	0	10	0	0	0	0	0	0	0	0	0	0	0	0	0	0	0	0	0	0	0	0	0	0	0	345	0	20	0	0	0	0	0	9	0	0	0	0	3	0	6

60	assemblage-647-581	0	0	0	0	0	0	0	0	0	0	0	0	0	0	0	0	0	0	0	0	0	0	0	0	0	0	16	0	0	299	0	0	0	0	0	0	0	0	0	0	0	0	0	0	0	0	0	0	0	0	157	0	0	0	0	0	0	0	0	28
60	assemblage-494-173	0	0	0	0	0	0	0	0	0	0	0	0	0	0	0	0	0	0	45	0	285	0	0	0	0	0	0	0	105	0	0	0	0	0	0	0	0	0	0	0	0	0	0	0	33	0	0	0	0	0	0	0	0	0	0	16	0	0	0	16
60	assemblage-346-467	0	0	19	0	0	0	0	0	31	0	16	0	0	0	0	0	0	0	134	0	21	0	0	0	0	0	0	0	0	0	0	0	0	0	6	0	122	0	0	0	0	0	0	0	141	0	0	5	0	0	0	0	0	0	0	0	0	0	0	5

61	assemblage-647-581	0	0	0	0	0	0	0	0	0	0	0	0	0	0	0	0	0	0	0	0	0	0	0	0	0	0	16	0	0	299	0	0	0	0	0	0	0	0	0	0	0	0	0	0	0	0	0	0	0	0	157	0	0	0	0	0	0	0	0	28
61	assemblage-494-173	0	0	0	0	0	0	0	0	0	0	0	0	0	0	0	0	0	0	45	0	285	0	0	0	0	0	0	0	105	0	0	0	0	0	0	0	0	0	0	0	0	0	0	0	33	0	0	0	0	0	0	0	0	0	0	16	0	0	0	16
61	assemblage-715-624	0	0	17	0	0	0	0	0	29	0	10	0	0	0	0	0	0	0	145	0	40	0	0	0	0	0	0	0	0	0	0	0	0	0	7	0	122	0	0	0	0	0	0	0	122	0	0	3	0	0	0	0	0	0	0	0	0	0	0	5

62	assemblage-647-581	0	0	0	0	0	0	0	0	0	0	0	0	0	0	0	0	0	0	0	0	0	0	0	0	0	0	16	0	0	299	0	0	0	0	0	0	0	0	0	0	0	0	0	0	0	0	0	0	0	0	157	0	0	0	0	0	0	0	0	28
62	assemblage-946-107	0	0	199	0	0	0	0	0	0	12	13	0	0	0	0	0	0	0	0	0	0	0	28	0	0	0	0	8	0	68	0	0	0	0	0	0	0	0	0	0	0	0	0	0	88	0	0	0	0	0	55	0	0	0	0	0	0	0	0	29
62	assemblage-453-876	25	0	108	0	0	0	0	0	0	0	0	0	0	0	0	0	0	0	269	0	14	0	0	0	0	0	0	0	0	0	0	0	0	0	0	0	0	9	10	0	0	0	0	0	36	0	0	0	0	0	9	0	0	0	0	0	0	0	0	20

63	assemblage-647-581	0	0	0	0	0	0	0	0	0	0	0	0	0	0	0	0	0	0	0	0	0	0	0	0	0	0	16	0	0	299	0	0	0	0	0	0	0	0	0	0	0	0	0	0	0	0	0	0	0	0	157	0	0	0	0	0	0	0	0	28
63	assemblage-946-107	0	0	199	0	0	0	0	0	0	12	13	0	0	0	0	0	0	0	0	0	0	0	28	0	0	0	0	8	0	68	0	0	0	0	0	0	0	0	0	0	0	0	0	0	88	0	0	0	0	0	55	0	0	0	0	0	0	0	0	29
63	assemblage-359-992	0	0	0	0	0	0	0	178	0	0	0	33	0	0	0	0	0	0	96	0	111	0	0	0	0	0	0	0	0	0	0	0	0	0	0	0	0	0	0	0	0	0	0	6	59	0	0	0	0	0	0	0	0	0	0	0	0	3	0	14

64	assemblage-647-581	0	0	0	0	0	0	0	0	0	0	0	0	0	0	0	0	0	0	0	0	0	0	0	0	0	0	16	0	0	299	0	0	0	0	0	0	0	0	0	0	0	0	0	0	0	0	0	0	0	0	157	0	0	0	0	0	0	0	0	28
64	assemblage-946-107	0	0	199	0	0	0	0	0	0	12	13	0	0	0	0	0	0	0	0	0	0	0	28	0	0	0	0	8	0	68	0	0	0	0	0	0	0	0	0	0	0	0	0	0	88	0	0	0	0	0	55	0	0	0	0	0	0	0	0	29
64	assemblage-181-736	0	0	0	0	0	0	0	0	0	198	206	0	0	0	0	29	0	0	0	0	0	0	0	0	0	0	0	0	0	6	0	0	0	0	0	0	0	0	0	0	0	0	0	0	31	0	0	0	6	0	0	0	0	0	0	0	0	0	0	24

65	assemblage-647-581	0	0	0	0	0	0	0	0	0	0	0	0	0	0	0	0	0	0	0	0	0	0	0	0	0	0	16	0	0	299	0	0	0	0	0	0	0	0	0	0	0	0	0	0	0	0	0	0	0	0	157	0	0	0	0	0	0	0	0	28
65	assemblage-946-107	0	0	199	0	0	0	0	0	0	12	13	0	0	0	0	0	0	0	0	0	0	0	28	0	0	0	0	8	0	68	0	0	0	0	0	0	0	0	0	0	0	0	0	0	88	0	0	0	0	0	55	0	0	0	0	0	0	0	0	29
65	assemblage-955-844	0	0	48	0	0	0	0	0	0	0	0	0	0	0	0	0	0	0	22	0	0	0	0	44	0	0	0	0	0	0	0	0	0	0	0	0	0	0	0	0	0	28	0	0	315	0	0	0	0	8	0	0	0	0	0	0	0	0	0	35

66	assemblage-647-581	0	0	0	0	0	0	0	0	0	0	0	0	0	0	0	0	0	0	0	0	0	0	0	0	0	0	16	0	0	299	0	0	0	0	0	0	0	0	0	0	0	0	0	0	0	0	0	0	0	0	157	0	0	0	0	0	0	0	0	28
66	assemblage-946-107	0	0	199	0	0	0	0	0	0	12	13	0	0	0	0	0	0	0	0	0	0	0	28	0	0	0	0	8	0	68	0	0	0	0	0	0	0	0	0	0	0	0	0	0	88	0	0	0	0	0	55	0	0	0	0	0	0	0	0	29
66	assemblage-586-290	0	0	0	0	0	12	0	0	0	0	0	0	17	0	0	0	0	0	78	0	10	0	0	0	0	0	0	0	0	0	0	0	0	0	0	0	0	0	0	0	0	0	0	0	345	0	20	0	0	0	0	0	9	0	0	0	0	3	0	6

67	assemblage-647-581	0	0	0	0	0	0	0	0	0	0	0	0	0	0	0	0	0	0	0	0	0	0	0	0	0	0	16	0	0	299	0	0	0	0	0	0	0	0	0	0	0	0	0	0	0	0	0	0	0	0	157	0	0	0	0	0	0	0	0	28
67	assemblage-946-107	0	0	199	0	0	0	0	0	0	12	13	0	0	0	0	0	0	0	0	0	0	0	28	0	0	0	0	8	0	68	0	0	0	0	0	0	0	0	0	0	0	0	0	0	88	0	0	0	0	0	55	0	0	0	0	0	0	0	0	29
67	assemblage-346-467	0	0	19	0	0	0	0	0	31	0	16	0	0	0	0	0	0	0	134	0	21	0	0	0	0	0	0	0	0	0	0	0	0	0	6	0	122	0	0	0	0	0	0	0	141	0	0	5	0	0	0	0	0	0	0	0	0	0	0	5

68	assemblage-647-581	0	0	0	0	0	0	0	0	0	0	0	0	0	0	0	0	0	0	0	0	0	0	0	0	0	0	16	0	0	299	0	0	0	0	0	0	0	0	0	0	0	0	0	0	0	0	0	0	0	0	157	0	0	0	0	0	0	0	0	28
68	assemblage-946-107	0	0	199	0	0	0	0	0	0	12	13	0	0	0	0	0	0	0	0	0	0	0	28	0	0	0	0	8	0	68	0	0	0	0	0	0	0	0	0	0	0	0	0	0	88	0	0	0	0	0	55	0	0	0	0	0	0	0	0	29
68	assemblage-715-624	0	0	17	0	0	0	0	0	29	0	10	0	0	0	0	0	0	0	145	0	40	0	0	0	0	0	0	0	0	0	0	0	0	0	7	0	122	0	0	0	0	0	0	0	122	0	0	3	0	0	0	0	0	0	0	0	0	0	0	5

69	assemblage-647-581	0	0	0	0	0	0	0	0	0	0	0	0	0	0	0	0	0	0	0	0	0	0	0	0	0	0	16	0	0	299	0	0	0	0	0	0	0	0	0	0	0	0	0	0	0	0	0	0	0	0	157	0	0	0	0	0	0	0	0	28
69	assemblage-946-107	0	0	199	0	0	0	0	0	0	12	13	0	0	0	0	0	0	0	0	0	0	0	28	0	0	0	0	8	0	68	0	0	0	0	0	0	0	0	0	0	0	0	0	0	88	0	0	0	0	0	55	0	0	0	0	0	0	0	0	29
69	assemblage-178-720	0	0	0	0	0	0	0	0	0	0	0	0	108	0	0	0	0	0	79	0	197	0	0	0	0	0	0	0	0	0	0	0	0	0	0	0	0	0	0	0	0	0	0	0	0	0	0	0	0	0	5	0	0	0	0	0	0	98	0	13

70	assemblage-647-581	0	0	0	0	0	0	0	0	0	0	0	0	0	0	0	0	0	0	0	0	0	0	0	0	0	0	16	0	0	299	0	0	0	0	0	0	0	0	0	0	0	0	0	0	0	0	0	0	0	0	157	0	0	0	0	0	0	0	0	28
70	assemblage-946-107	0	0	199	0	0	0	0	0	0	12	13	0	0	0	0	0	0	0	0	0	0	0	28	0	0	0	0	8	0	68	0	0	0	0	0	0	0	0	0	0	0	0	0	0	88	0	0	0	0	0	55	0	0	0	0	0	0	0	0	29
70	assemblage-494-173	0	0	0	0	0	0	0	0	0	0	0	0	0	0	0	0	0	0	45	0	285	0	0	0	0	0	0	0	105	0	0	0	0	0	0	0	0	0	0	0	0	0	0	0	33	0	0	0	0	0	0	0	0	0	0	16	0	0	0	16

71	assemblage-647-581	0	0	0	0	0	0	0	0	0	0	0	0	0	0	0	0	0	0	0	0	0	0	0	0	0	0	16	0	0	299	0	0	0	0	0	0	0	0	0	0	0	0	0	0	0	0	0	0	0	0	157	0	0	0	0	0	0	0	0	28
71	assemblage-110-107	0	0	0	0	0	0	47	0	0	0	0	0	0	0	0	0	12	0	0	0	0	0	0	0	0	0	0	0	0	0	0	0	0	0	0	4	0	0	0	0	0	0	0	0	403	0	0	0	0	0	0	17	0	0	0	0	11	0	0	6
71	assemblage-586-290	0	0	0	0	0	12	0	0	0	0	0	0	17	0	0	0	0	0	78	0	10	0	0	0	0	0	0	0	0	0	0	0	0	0	0	0	0	0	0	0	0	0	0	0	345	0	20	0	0	0	0	0	9	0	0	0	0	3	0	6

72	assemblage-647-581	0	0	0	0	0	0	0	0	0	0	0	0	0	0	0	0	0	0	0	0	0	0	0	0	0	0	16	0	0	299	0	0	0	0	0	0	0	0	0	0	0	0	0	0	0	0	0	0	0	0	157	0	0	0	0	0	0	0	0	28
72	assemblage-110-107	0	0	0	0	0	0	47	0	0	0	0	0	0	0	0	0	12	0	0	0	0	0	0	0	0	0	0	0	0	0	0	0	0	0	0	4	0	0	0	0	0	0	0	0	403	0	0	0	0	0	0	17	0	0	0	0	11	0	0	6
72	assemblage-346-467	0	0	19	0	0	0	0	0	31	0	16	0	0	0	0	0	0	0	134	0	21	0	0	0	0	0	0	0	0	0	0	0	0	0	6	0	122	0	0	0	0	0	0	0	141	0	0	5	0	0	0	0	0	0	0	0	0	0	0	5

73	assemblage-647-581	0	0	0	0	0	0	0	0	0	0	0	0	0	0	0	0	0	0	0	0	0	0	0	0	0	0	16	0	0	299	0	0	0	0	0	0	0	0	0	0	0	0	0	0	0	0	0	0	0	0	157	0	0	0	0	0	0	0	0	28
73	assemblage-110-107	0	0	0	0	0	0	47	0	0	0	0	0	0	0	0	0	12	0	0	0	0	0	0	0	0	0	0	0	0	0	0	0	0	0	0	4	0	0	0	0	0	0	0	0	403	0	0	0	0	0	0	17	0	0	0	0	11	0	0	6
73	assemblage-715-624	0	0	17	0	0	0	0	0	29	0	10	0	0	0	0	0	0	0	145	0	40	0	0	0	0	0	0	0	0	0	0	0	0	0	7	0	122	0	0	0	0	0	0	0	122	0	0	3	0	0	0	0	0	0	0	0	0	0	0	5

74	assemblage-647-581	0	0	0	0	0	0	0	0	0	0	0	0	0	0	0	0	0	0	0	0	0	0	0	0	0	0	16	0	0	299	0	0	0	0	0	0	0	0	0	0	0	0	0	0	0	0	0	0	0	0	157	0	0	0	0	0	0	0	0	28
74	assemblage-447-448	0	0	122	0	0	0	0	0	0	0	0	0	0	0	0	0	0	0	121	0	0	0	19	0	0	0	0	0	0	0	0	0	0	0	0	0	111	0	0	0	0	0	0	0	37	0	0	0	0	0	67	0	0	0	0	0	0	0	0	23
74	assemblage-453-876	25	0	108	0	0	0	0	0	0	0	0	0	0	0	0	0	0	0	269	0	14	0	0	0	0	0	0	0	0	0	0	0	0	0	0	0	0	9	10	0	0	0	0	0	36	0	0	0	0	0	9	0	0	0	0	0	0	0	0	20

75	assemblage-647-581	0	0	0	0	0	0	0	0	0	0	0	0	0	0	0	0	0	0	0	0	0	0	0	0	0	0	16	0	0	299	0	0	0	0	0	0	0	0	0	0	0	0	0	0	0	0	0	0	0	0	157	0	0	0	0	0	0	0	0	28
75	assemblage-447-448	0	0	122	0	0	0	0	0	0	0	0	0	0	0	0	0	0	0	121	0	0	0	19	0	0	0	0	0	0	0	0	0	0	0	0	0	111	0	0	0	0	0	0	0	37	0	0	0	0	0	67	0	0	0	0	0	0	0	0	23
75	assemblage-359-992	0	0	0	0	0	0	0	178	0	0	0	33	0	0	0	0	0	0	96	0	111	0	0	0	0	0	0	0	0	0	0	0	0	0	0	0	0	0	0	0	0	0	0	6	59	0	0	0	0	0	0	0	0	0	0	0	0	3	0	14

76	assemblage-647-581	0	0	0	0	0	0	0	0	0	0	0	0	0	0	0	0	0	0	0	0	0	0	0	0	0	0	16	0	0	299	0	0	0	0	0	0	0	0	0	0	0	0	0	0	0	0	0	0	0	0	157	0	0	0	0	0	0	0	0	28
76	assemblage-447-448	0	0	122	0	0	0	0	0	0	0	0	0	0	0	0	0	0	0	121	0	0	0	19	0	0	0	0	0	0	0	0	0	0	0	0	0	111	0	0	0	0	0	0	0	37	0	0	0	0	0	67	0	0	0	0	0	0	0	0	23
76	assemblage-586-290	0	0	0	0	0	12	0	0	0	0	0	0	17	0	0	0	0	0	78	0	10	0	0	0	0	0	0	0	0	0	0	0	0	0	0	0	0	0	0	0	0	0	0	0	345	0	20	0	0	0	0	0	9	0	0	0	0	3	0	6

77	assemblage-647-581	0	0	0	0	0	0	0	0	0	0	0	0	0	0	0	0	0	0	0	0	0	0	0	0	0	0	16	0	0	299	0	0	0	0	0	0	0	0	0	0	0	0	0	0	0	0	0	0	0	0	157	0	0	0	0	0	0	0	0	28
77	assemblage-447-448	0	0	122	0	0	0	0	0	0	0	0	0	0	0	0	0	0	0	121	0	0	0	19	0	0	0	0	0	0	0	0	0	0	0	0	0	111	0	0	0	0	0	0	0	37	0	0	0	0	0	67	0	0	0	0	0	0	0	0	23
77	assemblage-346-467	0	0	19	0	0	0	0	0	31	0	16	0	0	0	0	0	0	0	134	0	21	0	0	0	0	0	0	0	0	0	0	0	0	0	6	0	122	0	0	0	0	0	0	0	141	0	0	5	0	0	0	0	0	0	0	0	0	0	0	5

78	assemblage-647-581	0	0	0	0	0	0	0	0	0	0	0	0	0	0	0	0	0	0	0	0	0	0	0	0	0	0	16	0	0	299	0	0	0	0	0	0	0	0	0	0	0	0	0	0	0	0	0	0	0	0	157	0	0	0	0	0	0	0	0	28
78	assemblage-447-448	0	0	122	0	0	0	0	0	0	0	0	0	0	0	0	0	0	0	121	0	0	0	19	0	0	0	0	0	0	0	0	0	0	0	0	0	111	0	0	0	0	0	0	0	37	0	0	0	0	0	67	0	0	0	0	0	0	0	0	23
78	assemblage-715-624	0	0	17	0	0	0	0	0	29	0	10	0	0	0	0	0	0	0	145	0	40	0	0	0	0	0	0	0	0	0	0	0	0	0	7	0	122	0	0	0	0	0	0	0	122	0	0	3	0	0	0	0	0	0	0	0	0	0	0	5

79	assemblage-647-581	0	0	0	0	0	0	0	0	0	0	0	0	0	0	0	0	0	0	0	0	0	0	0	0	0	0	16	0	0	299	0	0	0	0	0	0	0	0	0	0	0	0	0	0	0	0	0	0	0	0	157	0	0	0	0	0	0	0	0	28
79	assemblage-447-448	0	0	122	0	0	0	0	0	0	0	0	0	0	0	0	0	0	0	121	0	0	0	19	0	0	0	0	0	0	0	0	0	0	0	0	0	111	0	0	0	0	0	0	0	37	0	0	0	0	0	67	0	0	0	0	0	0	0	0	23
79	assemblage-178-720	0	0	0	0	0	0	0	0	0	0	0	0	108	0	0	0	0	0	79	0	197	0	0	0	0	0	0	0	0	0	0	0	0	0	0	0	0	0	0	0	0	0	0	0	0	0	0	0	0	0	5	0	0	0	0	0	0	98	0	13

80	assemblage-647-581	0	0	0	0	0	0	0	0	0	0	0	0	0	0	0	0	0	0	0	0	0	0	0	0	0	0	16	0	0	299	0	0	0	0	0	0	0	0	0	0	0	0	0	0	0	0	0	0	0	0	157	0	0	0	0	0	0	0	0	28
80	assemblage-447-448	0	0	122	0	0	0	0	0	0	0	0	0	0	0	0	0	0	0	121	0	0	0	19	0	0	0	0	0	0	0	0	0	0	0	0	0	111	0	0	0	0	0	0	0	37	0	0	0	0	0	67	0	0	0	0	0	0	0	0	23
80	assemblage-494-173	0	0	0	0	0	0	0	0	0	0	0	0	0	0	0	0	0	0	45	0	285	0	0	0	0	0	0	0	105	0	0	0	0	0	0	0	0	0	0	0	0	0	0	0	33	0	0	0	0	0	0	0	0	0	0	16	0	0	0	16

81	assemblage-647-581	0	0	0	0	0	0	0	0	0	0	0	0	0	0	0	0	0	0	0	0	0	0	0	0	0	0	16	0	0	299	0	0	0	0	0	0	0	0	0	0	0	0	0	0	0	0	0	0	0	0	157	0	0	0	0	0	0	0	0	28
81	assemblage-447-448	0	0	122	0	0	0	0	0	0	0	0	0	0	0	0	0	0	0	121	0	0	0	19	0	0	0	0	0	0	0	0	0	0	0	0	0	111	0	0	0	0	0	0	0	37	0	0	0	0	0	67	0	0	0	0	0	0	0	0	23
81	assemblage-110-107	0	0	0	0	0	0	47	0	0	0	0	0	0	0	0	0	12	0	0	0	0	0	0	0	0	0	0	0	0	0	0	0	0	0	0	4	0	0	0	0	0	0	0	0	403	0	0	0	0	0	0	17	0	0	0	0	11	0	0	6

82	assemblage-647-581	0	0	0	0	0	0	0	0	0	0	0	0	0	0	0	0	0	0	0	0	0	0	0	0	0	0	16	0	0	299	0	0	0	0	0	0	0	0	0	0	0	0	0	0	0	0	0	0	0	0	157	0	0	0	0	0	0	0	0	28
82	assemblage-126-731	40	0	87	0	0	0	0	0	0	0	0	0	0	0	0	0	0	0	297	0	10	0	0	0	0	0	0	0	0	0	0	0	0	0	0	0	0	10	11	0	0	0	0	0	23	0	0	0	0	0	9	0	0	0	0	0	0	0	0	13
82	assemblage-359-992	0	0	0	0	0	0	0	178	0	0	0	33	0	0	0	0	0	0	96	0	111	0	0	0	0	0	0	0	0	0	0	0	0	0	0	0	0	0	0	0	0	0	0	6	59	0	0	0	0	0	0	0	0	0	0	0	0	3	0	14

83	assemblage-647-581	0	0	0	0	0	0	0	0	0	0	0	0	0	0	0	0	0	0	0	0	0	0	0	0	0	0	16	0	0	299	0	0	0	0	0	0	0	0	0	0	0	0	0	0	0	0	0	0	0	0	157	0	0	0	0	0	0	0	0	28
83	assemblage-126-731	40	0	87	0	0	0	0	0	0	0	0	0	0	0	0	0	0	0	297	0	10	0	0	0	0	0	0	0	0	0	0	0	0	0	0	0	0	10	11	0	0	0	0	0	23	0	0	0	0	0	9	0	0	0	0	0	0	0	0	13
83	assemblage-586-290	0	0	0	0	0	12	0	0	0	0	0	0	17	0	0	0	0	0	78	0	10	0	0	0	0	0	0	0	0	0	0	0	0	0	0	0	0	0	0	0	0	0	0	0	345	0	20	0	0	0	0	0	9	0	0	0	0	3	0	6

84	assemblage-647-581	0	0	0	0	0	0	0	0	0	0	0	0	0	0	0	0	0	0	0	0	0	0	0	0	0	0	16	0	0	299	0	0	0	0	0	0	0	0	0	0	0	0	0	0	0	0	0	0	0	0	157	0	0	0	0	0	0	0	0	28
84	assemblage-126-731	40	0	87	0	0	0	0	0	0	0	0	0	0	0	0	0	0	0	297	0	10	0	0	0	0	0	0	0	0	0	0	0	0	0	0	0	0	10	11	0	0	0	0	0	23	0	0	0	0	0	9	0	0	0	0	0	0	0	0	13
84	assemblage-346-467	0	0	19	0	0	0	0	0	31	0	16	0	0	0	0	0	0	0	134	0	21	0	0	0	0	0	0	0	0	0	0	0	0	0	6	0	122	0	0	0	0	0	0	0	141	0	0	5	0	0	0	0	0	0	0	0	0	0	0	5

85	assemblage-647-581	0	0	0	0	0	0	0	0	0	0	0	0	0	0	0	0	0	0	0	0	0	0	0	0	0	0	16	0	0	299	0	0	0	0	0	0	0	0	0	0	0	0	0	0	0	0	0	0	0	0	157	0	0	0	0	0	0	0	0	28
85	assemblage-126-731	40	0	87	0	0	0	0	0	0	0	0	0	0	0	0	0	0	0	297	0	10	0	0	0	0	0	0	0	0	0	0	0	0	0	0	0	0	10	11	0	0	0	0	0	23	0	0	0	0	0	9	0	0	0	0	0	0	0	0	13
85	assemblage-715-624	0	0	17	0	0	0	0	0	29	0	10	0	0	0	0	0	0	0	145	0	40	0	0	0	0	0	0	0	0	0	0	0	0	0	7	0	122	0	0	0	0	0	0	0	122	0	0	3	0	0	0	0	0	0	0	0	0	0	0	5

86	assemblage-647-581	0	0	0	0	0	0	0	0	0	0	0	0	0	0	0	0	0	0	0	0	0	0	0	0	0	0	16	0	0	299	0	0	0	0	0	0	0	0	0	0	0	0	0	0	0	0	0	0	0	0	157	0	0	0	0	0	0	0	0	28
86	assemblage-126-731	40	0	87	0	0	0	0	0	0	0	0	0	0	0	0	0	0	0	297	0	10	0	0	0	0	0	0	0	0	0	0	0	0	0	0	0	0	10	11	0	0	0	0	0	23	0	0	0	0	0	9	0	0	0	0	0	0	0	0	13
86	assemblage-178-720	0	0	0	0	0	0	0	0	0	0	0	0	108	0	0	0	0	0	79	0	197	0	0	0	0	0	0	0	0	0	0	0	0	0	0	0	0	0	0	0	0	0	0	0	0	0	0	0	0	0	5	0	0	0	0	0	0	98	0	13

87	assemblage-647-581	0	0	0	0	0	0	0	0	0	0	0	0	0	0	0	0	0	0	0	0	0	0	0	0	0	0	16	0	0	299	0	0	0	0	0	0	0	0	0	0	0	0	0	0	0	0	0	0	0	0	157	0	0	0	0	0	0	0	0	28
87	assemblage-126-731	40	0	87	0	0	0	0	0	0	0	0	0	0	0	0	0	0	0	297	0	10	0	0	0	0	0	0	0	0	0	0	0	0	0	0	0	0	10	11	0	0	0	0	0	23	0	0	0	0	0	9	0	0	0	0	0	0	0	0	13
87	assemblage-110-107	0	0	0	0	0	0	47	0	0	0	0	0	0	0	0	0	12	0	0	0	0	0	0	0	0	0	0	0	0	0	0	0	0	0	0	4	0	0	0	0	0	0	0	0	403	0	0	0	0	0	0	17	0	0	0	0	11	0	0	6

88	assemblage-359-470	0	0	17	0	0	0	0	0	0	0	0	0	0	0	0	0	0	0	0	0	89	0	71	0	0	0	0	0	0	0	0	0	0	0	0	0	6	0	0	0	0	0	0	0	117	0	0	0	0	0	161	0	0	0	17	0	0	0	0	22
88	assemblage-955-844	0	0	48	0	0	0	0	0	0	0	0	0	0	0	0	0	0	0	22	0	0	0	0	44	0	0	0	0	0	0	0	0	0	0	0	0	0	0	0	0	0	28	0	0	315	0	0	0	0	8	0	0	0	0	0	0	0	0	0	35
88	assemblage-181-736	0	0	0	0	0	0	0	0	0	198	206	0	0	0	0	29	0	0	0	0	0	0	0	0	0	0	0	0	0	6	0	0	0	0	0	0	0	0	0	0	0	0	0	0	31	0	0	0	6	0	0	0	0	0	0	0	0	0	0	24

89	assemblage-359-470	0	0	17	0	0	0	0	0	0	0	0	0	0	0	0	0	0	0	0	0	89	0	71	0	0	0	0	0	0	0	0	0	0	0	0	0	6	0	0	0	0	0	0	0	117	0	0	0	0	0	161	0	0	0	17	0	0	0	0	22
89	assemblage-346-467	0	0	19	0	0	0	0	0	31	0	16	0	0	0	0	0	0	0	134	0	21	0	0	0	0	0	0	0	0	0	0	0	0	0	6	0	122	0	0	0	0	0	0	0	141	0	0	5	0	0	0	0	0	0	0	0	0	0	0	5
89	assemblage-586-290	0	0	0	0	0	12	0	0	0	0	0	0	17	0	0	0	0	0	78	0	10	0	0	0	0	0	0	0	0	0	0	0	0	0	0	0	0	0	0	0	0	0	0	0	345	0	20	0	0	0	0	0	9	0	0	0	0	3	0	6

90	assemblage-359-470	0	0	17	0	0	0	0	0	0	0	0	0	0	0	0	0	0	0	0	0	89	0	71	0	0	0	0	0	0	0	0	0	0	0	0	0	6	0	0	0	0	0	0	0	117	0	0	0	0	0	161	0	0	0	17	0	0	0	0	22
90	assemblage-715-624	0	0	17	0	0	0	0	0	29	0	10	0	0	0	0	0	0	0	145	0	40	0	0	0	0	0	0	0	0	0	0	0	0	0	7	0	122	0	0	0	0	0	0	0	122	0	0	3	0	0	0	0	0	0	0	0	0	0	0	5
90	assemblage-346-467	0	0	19	0	0	0	0	0	31	0	16	0	0	0	0	0	0	0	134	0	21	0	0	0	0	0	0	0	0	0	0	0	0	0	6	0	122	0	0	0	0	0	0	0	141	0	0	5	0	0	0	0	0	0	0	0	0	0	0	5

91	assemblage-359-470	0	0	17	0	0	0	0	0	0	0	0	0	0	0	0	0	0	0	0	0	89	0	71	0	0	0	0	0	0	0	0	0	0	0	0	0	6	0	0	0	0	0	0	0	117	0	0	0	0	0	161	0	0	0	17	0	0	0	0	22
91	assemblage-946-107	0	0	199	0	0	0	0	0	0	12	13	0	0	0	0	0	0	0	0	0	0	0	28	0	0	0	0	8	0	68	0	0	0	0	0	0	0	0	0	0	0	0	0	0	88	0	0	0	0	0	55	0	0	0	0	0	0	0	0	29
91	assemblage-181-736	0	0	0	0	0	0	0	0	0	198	206	0	0	0	0	29	0	0	0	0	0	0	0	0	0	0	0	0	0	6	0	0	0	0	0	0	0	0	0	0	0	0	0	0	31	0	0	0	6	0	0	0	0	0	0	0	0	0	0	24

92	assemblage-359-470	0	0	17	0	0	0	0	0	0	0	0	0	0	0	0	0	0	0	0	0	89	0	71	0	0	0	0	0	0	0	0	0	0	0	0	0	6	0	0	0	0	0	0	0	117	0	0	0	0	0	161	0	0	0	17	0	0	0	0	22
92	assemblage-447-448	0	0	122	0	0	0	0	0	0	0	0	0	0	0	0	0	0	0	121	0	0	0	19	0	0	0	0	0	0	0	0	0	0	0	0	0	111	0	0	0	0	0	0	0	37	0	0	0	0	0	67	0	0	0	0	0	0	0	0	23
92	assemblage-181-736	0	0	0	0	0	0	0	0	0	198	206	0	0	0	0	29	0	0	0	0	0	0	0	0	0	0	0	0	0	6	0	0	0	0	0	0	0	0	0	0	0	0	0	0	31	0	0	0	6	0	0	0	0	0	0	0	0	0	0	24

93	assemblage-441-458	0	0	19	0	0	0	0	0	28	0	17	0	0	0	0	0	0	0	130	0	44	0	0	0	0	0	0	0	0	0	0	0	0	0	0	0	113	0	0	0	0	0	0	0	132	0	0	9	0	0	0	0	0	0	0	0	0	0	0	8
93	assemblage-346-467	0	0	19	0	0	0	0	0	31	0	16	0	0	0	0	0	0	0	134	0	21	0	0	0	0	0	0	0	0	0	0	0	0	0	6	0	122	0	0	0	0	0	0	0	141	0	0	5	0	0	0	0	0	0	0	0	0	0	0	5
93	assemblage-586-290	0	0	0	0	0	12	0	0	0	0	0	0	17	0	0	0	0	0	78	0	10	0	0	0	0	0	0	0	0	0	0	0	0	0	0	0	0	0	0	0	0	0	0	0	345	0	20	0	0	0	0	0	9	0	0	0	0	3	0	6

94	assemblage-188-884	0	0	0	0	0	0	0	0	0	0	0	0	0	0	0	0	0	0	196	0	276	0	0	0	0	0	0	0	0	0	0	0	0	0	0	0	0	0	0	0	0	0	0	0	0	0	0	0	0	0	0	0	0	0	0	0	0	7	0	21
94	assemblage-955-844	0	0	48	0	0	0	0	0	0	0	0	0	0	0	0	0	0	0	22	0	0	0	0	44	0	0	0	0	0	0	0	0	0	0	0	0	0	0	0	0	0	28	0	0	315	0	0	0	0	8	0	0	0	0	0	0	0	0	0	35
94	assemblage-181-736	0	0	0	0	0	0	0	0	0	198	206	0	0	0	0	29	0	0	0	0	0	0	0	0	0	0	0	0	0	6	0	0	0	0	0	0	0	0	0	0	0	0	0	0	31	0	0	0	6	0	0	0	0	0	0	0	0	0	0	24

95	assemblage-188-884	0	0	0	0	0	0	0	0	0	0	0	0	0	0	0	0	0	0	196	0	276	0	0	0	0	0	0	0	0	0	0	0	0	0	0	0	0	0	0	0	0	0	0	0	0	0	0	0	0	0	0	0	0	0	0	0	0	7	0	21
95	assemblage-715-624	0	0	17	0	0	0	0	0	29	0	10	0	0	0	0	0	0	0	145	0	40	0	0	0	0	0	0	0	0	0	0	0	0	0	7	0	122	0	0	0	0	0	0	0	122	0	0	3	0	0	0	0	0	0	0	0	0	0	0	5
95	assemblage-346-467	0	0	19	0	0	0	0	0	31	0	16	0	0	0	0	0	0	0	134	0	21	0	0	0	0	0	0	0	0	0	0	0	0	0	6	0	122	0	0	0	0	0	0	0	141	0	0	5	0	0	0	0	0	0	0	0	0	0	0	5

96	assemblage-188-884	0	0	0	0	0	0	0	0	0	0	0	0	0	0	0	0	0	0	196	0	276	0	0	0	0	0	0	0	0	0	0	0	0	0	0	0	0	0	0	0	0	0	0	0	0	0	0	0	0	0	0	0	0	0	0	0	0	7	0	21
96	assemblage-178-720	0	0	0	0	0	0	0	0	0	0	0	0	108	0	0	0	0	0	79	0	197	0	0	0	0	0	0	0	0	0	0	0	0	0	0	0	0	0	0	0	0	0	0	0	0	0	0	0	0	0	5	0	0	0	0	0	0	98	0	13
96	assemblage-586-290	0	0	0	0	0	12	0	0	0	0	0	0	17	0	0	0	0	0	78	0	10	0	0	0	0	0	0	0	0	0	0	0	0	0	0	0	0	0	0	0	0	0	0	0	345	0	20	0	0	0	0	0	9	0	0	0	0	3	0	6

97	assemblage-188-884	0	0	0	0	0	0	0	0	0	0	0	0	0	0	0	0	0	0	196	0	276	0	0	0	0	0	0	0	0	0	0	0	0	0	0	0	0	0	0	0	0	0	0	0	0	0	0	0	0	0	0	0	0	0	0	0	0	7	0	21
97	assemblage-178-720	0	0	0	0	0	0	0	0	0	0	0	0	108	0	0	0	0	0	79	0	197	0	0	0	0	0	0	0	0	0	0	0	0	0	0	0	0	0	0	0	0	0	0	0	0	0	0	0	0	0	5	0	0	0	0	0	0	98	0	13
97	assemblage-943-100	0	0	14	0	0	0	0	0	0	5	6	0	0	0	0	0	0	0	0	0	0	0	0	0	43	0	0	0	0	116	0	0	9	4	0	0	0	0	0	0	0	0	0	0	176	17	0	0	0	0	96	0	0	0	0	0	0	0	0	14

98	assemblage-188-884	0	0	0	0	0	0	0	0	0	0	0	0	0	0	0	0	0	0	196	0	276	0	0	0	0	0	0	0	0	0	0	0	0	0	0	0	0	0	0	0	0	0	0	0	0	0	0	0	0	0	0	0	0	0	0	0	0	7	0	21
98	assemblage-494-173	0	0	0	0	0	0	0	0	0	0	0	0	0	0	0	0	0	0	45	0	285	0	0	0	0	0	0	0	105	0	0	0	0	0	0	0	0	0	0	0	0	0	0	0	33	0	0	0	0	0	0	0	0	0	0	16	0	0	0	16
98	assemblage-943-100	0	0	14	0	0	0	0	0	0	5	6	0	0	0	0	0	0	0	0	0	0	0	0	0	43	0	0	0	0	116	0	0	9	4	0	0	0	0	0	0	0	0	0	0	176	17	0	0	0	0	96	0	0	0	0	0	0	0	0	14

99	assemblage-188-884	0	0	0	0	0	0	0	0	0	0	0	0	0	0	0	0	0	0	196	0	276	0	0	0	0	0	0	0	0	0	0	0	0	0	0	0	0	0	0	0	0	0	0	0	0	0	0	0	0	0	0	0	0	0	0	0	0	7	0	21
99	assemblage-946-107	0	0	199	0	0	0	0	0	0	12	13	0	0	0	0	0	0	0	0	0	0	0	28	0	0	0	0	8	0	68	0	0	0	0	0	0	0	0	0	0	0	0	0	0	88	0	0	0	0	0	55	0	0	0	0	0	0	0	0	29
99	assemblage-181-736	0	0	0	0	0	0	0	0	0	198	206	0	0	0	0	29	0	0	0	0	0	0	0	0	0	0	0	0	0	6	0	0	0	0	0	0	0	0	0	0	0	0	0	0	31	0	0	0	6	0	0	0	0	0	0	0	0	0	0	24

100	assemblage-188-884	0	0	0	0	0	0	0	0	0	0	0	0	0	0	0	0	0	0	196	0	276	0	0	0	0	0	0	0	0	0	0	0	0	0	0	0	0	0	0	0	0	0	0	0	0	0	0	0	0	0	0	0	0	0	0	0	0	7	0	21
100	assemblage-946-107	0	0	199	0	0	0	0	0	0	12	13	0	0	0	0	0	0	0	0	0	0	0	28	0	0	0	0	8	0	68	0	0	0	0	0	0	0	0	0	0	0	0	0	0	88	0	0	0	0	0	55	0	0	0	0	0	0	0	0	29
100	assemblage-943-100	0	0	14	0	0	0	0	0	0	5	6	0	0	0	0	0	0	0	0	0	0	0	0	0	43	0	0	0	0	116	0	0	9	4	0	0	0	0	0	0	0	0	0	0	176	17	0	0	0	0	96	0	0	0	0	0	0	0	0	14

101	assemblage-188-884	0	0	0	0	0	0	0	0	0	0	0	0	0	0	0	0	0	0	196	0	276	0	0	0	0	0	0	0	0	0	0	0	0	0	0	0	0	0	0	0	0	0	0	0	0	0	0	0	0	0	0	0	0	0	0	0	0	7	0	21
101	assemblage-447-448	0	0	122	0	0	0	0	0	0	0	0	0	0	0	0	0	0	0	121	0	0	0	19	0	0	0	0	0	0	0	0	0	0	0	0	0	111	0	0	0	0	0	0	0	37	0	0	0	0	0	67	0	0	0	0	0	0	0	0	23
101	assemblage-943-100	0	0	14	0	0	0	0	0	0	5	6	0	0	0	0	0	0	0	0	0	0	0	0	0	43	0	0	0	0	116	0	0	9	4	0	0	0	0	0	0	0	0	0	0	176	17	0	0	0	0	96	0	0	0	0	0	0	0	0	14

102	assemblage-188-884	0	0	0	0	0	0	0	0	0	0	0	0	0	0	0	0	0	0	196	0	276	0	0	0	0	0	0	0	0	0	0	0	0	0	0	0	0	0	0	0	0	0	0	0	0	0	0	0	0	0	0	0	0	0	0	0	0	7	0	21
102	assemblage-447-448	0	0	122	0	0	0	0	0	0	0	0	0	0	0	0	0	0	0	121	0	0	0	19	0	0	0	0	0	0	0	0	0	0	0	0	0	111	0	0	0	0	0	0	0	37	0	0	0	0	0	67	0	0	0	0	0	0	0	0	23
102	assemblage-110-107	0	0	0	0	0	0	47	0	0	0	0	0	0	0	0	0	12	0	0	0	0	0	0	0	0	0	0	0	0	0	0	0	0	0	0	4	0	0	0	0	0	0	0	0	403	0	0	0	0	0	0	17	0	0	0	0	11	0	0	6

103	assemblage-188-884	0	0	0	0	0	0	0	0	0	0	0	0	0	0	0	0	0	0	196	0	276	0	0	0	0	0	0	0	0	0	0	0	0	0	0	0	0	0	0	0	0	0	0	0	0	0	0	0	0	0	0	0	0	0	0	0	0	7	0	21
103	assemblage-126-731	40	0	87	0	0	0	0	0	0	0	0	0	0	0	0	0	0	0	297	0	10	0	0	0	0	0	0	0	0	0	0	0	0	0	0	0	0	10	11	0	0	0	0	0	23	0	0	0	0	0	9	0	0	0	0	0	0	0	0	13
103	assemblage-943-100	0	0	14	0	0	0	0	0	0	5	6	0	0	0	0	0	0	0	0	0	0	0	0	0	43	0	0	0	0	116	0	0	9	4	0	0	0	0	0	0	0	0	0	0	176	17	0	0	0	0	96	0	0	0	0	0	0	0	0	14

104	assemblage-188-884	0	0	0	0	0	0	0	0	0	0	0	0	0	0	0	0	0	0	196	0	276	0	0	0	0	0	0	0	0	0	0	0	0	0	0	0	0	0	0	0	0	0	0	0	0	0	0	0	0	0	0	0	0	0	0	0	0	7	0	21
104	assemblage-126-731	40	0	87	0	0	0	0	0	0	0	0	0	0	0	0	0	0	0	297	0	10	0	0	0	0	0	0	0	0	0	0	0	0	0	0	0	0	10	11	0	0	0	0	0	23	0	0	0	0	0	9	0	0	0	0	0	0	0	0	13
104	assemblage-110-107	0	0	0	0	0	0	47	0	0	0	0	0	0	0	0	0	12	0	0	0	0	0	0	0	0	0	0	0	0	0	0	0	0	0	0	4	0	0	0	0	0	0	0	0	403	0	0	0	0	0	0	17	0	0	0	0	11	0	0	6

105	assemblage-188-884	0	0	0	0	0	0	0	0	0	0	0	0	0	0	0	0	0	0	196	0	276	0	0	0	0	0	0	0	0	0	0	0	0	0	0	0	0	0	0	0	0	0	0	0	0	0	0	0	0	0	0	0	0	0	0	0	0	7	0	21
105	assemblage-647-581	0	0	0	0	0	0	0	0	0	0	0	0	0	0	0	0	0	0	0	0	0	0	0	0	0	0	16	0	0	299	0	0	0	0	0	0	0	0	0	0	0	0	0	0	0	0	0	0	0	0	157	0	0	0	0	0	0	0	0	28
105	assemblage-181-736	0	0	0	0	0	0	0	0	0	198	206	0	0	0	0	29	0	0	0	0	0	0	0	0	0	0	0	0	0	6	0	0	0	0	0	0	0	0	0	0	0	0	0	0	31	0	0	0	6	0	0	0	0	0	0	0	0	0	0	24

106	assemblage-188-884	0	0	0	0	0	0	0	0	0	0	0	0	0	0	0	0	0	0	196	0	276	0	0	0	0	0	0	0	0	0	0	0	0	0	0	0	0	0	0	0	0	0	0	0	0	0	0	0	0	0	0	0	0	0	0	0	0	7	0	21
106	assemblage-647-581	0	0	0	0	0	0	0	0	0	0	0	0	0	0	0	0	0	0	0	0	0	0	0	0	0	0	16	0	0	299	0	0	0	0	0	0	0	0	0	0	0	0	0	0	0	0	0	0	0	0	157	0	0	0	0	0	0	0	0	28
106	assemblage-943-100	0	0	14	0	0	0	0	0	0	5	6	0	0	0	0	0	0	0	0	0	0	0	0	0	43	0	0	0	0	116	0	0	9	4	0	0	0	0	0	0	0	0	0	0	176	17	0	0	0	0	96	0	0	0	0	0	0	0	0	14

107	assemblage-188-884	0	0	0	0	0	0	0	0	0	0	0	0	0	0	0	0	0	0	196	0	276	0	0	0	0	0	0	0	0	0	0	0	0	0	0	0	0	0	0	0	0	0	0	0	0	0	0	0	0	0	0	0	0	0	0	0	0	7	0	21
107	assemblage-647-581	0	0	0	0	0	0	0	0	0	0	0	0	0	0	0	0	0	0	0	0	0	0	0	0	0	0	16	0	0	299	0	0	0	0	0	0	0	0	0	0	0	0	0	0	0	0	0	0	0	0	157	0	0	0	0	0	0	0	0	28
107	assemblage-946-107	0	0	199	0	0	0	0	0	0	12	13	0	0	0	0	0	0	0	0	0	0	0	28	0	0	0	0	8	0	68	0	0	0	0	0	0	0	0	0	0	0	0	0	0	88	0	0	0	0	0	55	0	0	0	0	0	0	0	0	29

108	assemblage-188-884	0	0	0	0	0	0	0	0	0	0	0	0	0	0	0	0	0	0	196	0	276	0	0	0	0	0	0	0	0	0	0	0	0	0	0	0	0	0	0	0	0	0	0	0	0	0	0	0	0	0	0	0	0	0	0	0	0	7	0	21
108	assemblage-647-581	0	0	0	0	0	0	0	0	0	0	0	0	0	0	0	0	0	0	0	0	0	0	0	0	0	0	16	0	0	299	0	0	0	0	0	0	0	0	0	0	0	0	0	0	0	0	0	0	0	0	157	0	0	0	0	0	0	0	0	28
108	assemblage-110-107	0	0	0	0	0	0	47	0	0	0	0	0	0	0	0	0	12	0	0	0	0	0	0	0	0	0	0	0	0	0	0	0	0	0	0	4	0	0	0	0	0	0	0	0	403	0	0	0	0	0	0	17	0	0	0	0	11	0	0	6

109	assemblage-188-884	0	0	0	0	0	0	0	0	0	0	0	0	0	0	0	0	0	0	196	0	276	0	0	0	0	0	0	0	0	0	0	0	0	0	0	0	0	0	0	0	0	0	0	0	0	0	0	0	0	0	0	0	0	0	0	0	0	7	0	21
109	assemblage-359-470	0	0	17	0	0	0	0	0	0	0	0	0	0	0	0	0	0	0	0	0	89	0	71	0	0	0	0	0	0	0	0	0	0	0	0	0	6	0	0	0	0	0	0	0	117	0	0	0	0	0	161	0	0	0	17	0	0	0	0	22
109	assemblage-181-736	0	0	0	0	0	0	0	0	0	198	206	0	0	0	0	29	0	0	0	0	0	0	0	0	0	0	0	0	0	6	0	0	0	0	0	0	0	0	0	0	0	0	0	0	31	0	0	0	6	0	0	0	0	0	0	0	0	0	0	24

110	assemblage-188-884	0	0	0	0	0	0	0	0	0	0	0	0	0	0	0	0	0	0	196	0	276	0	0	0	0	0	0	0	0	0	0	0	0	0	0	0	0	0	0	0	0	0	0	0	0	0	0	0	0	0	0	0	0	0	0	0	0	7	0	21
110	assemblage-359-470	0	0	17	0	0	0	0	0	0	0	0	0	0	0	0	0	0	0	0	0	89	0	71	0	0	0	0	0	0	0	0	0	0	0	0	0	6	0	0	0	0	0	0	0	117	0	0	0	0	0	161	0	0	0	17	0	0	0	0	22
110	assemblage-943-100	0	0	14	0	0	0	0	0	0	5	6	0	0	0	0	0	0	0	0	0	0	0	0	0	43	0	0	0	0	116	0	0	9	4	0	0	0	0	0	0	0	0	0	0	176	17	0	0	0	0	96	0	0	0	0	0	0	0	0	14

111	assemblage-188-884	0	0	0	0	0	0	0	0	0	0	0	0	0	0	0	0	0	0	196	0	276	0	0	0	0	0	0	0	0	0	0	0	0	0	0	0	0	0	0	0	0	0	0	0	0	0	0	0	0	0	0	0	0	0	0	0	0	7	0	21
111	assemblage-359-470	0	0	17	0	0	0	0	0	0	0	0	0	0	0	0	0	0	0	0	0	89	0	71	0	0	0	0	0	0	0	0	0	0	0	0	0	6	0	0	0	0	0	0	0	117	0	0	0	0	0	161	0	0	0	17	0	0	0	0	22
111	assemblage-946-107	0	0	199	0	0	0	0	0	0	12	13	0	0	0	0	0	0	0	0	0	0	0	28	0	0	0	0	8	0	68	0	0	0	0	0	0	0	0	0	0	0	0	0	0	88	0	0	0	0	0	55	0	0	0	0	0	0	0	0	29

112	assemblage-188-884	0	0	0	0	0	0	0	0	0	0	0	0	0	0	0	0	0	0	196	0	276	0	0	0	0	0	0	0	0	0	0	0	0	0	0	0	0	0	0	0	0	0	0	0	0	0	0	0	0	0	0	0	0	0	0	0	0	7	0	21
112	assemblage-359-470	0	0	17	0	0	0	0	0	0	0	0	0	0	0	0	0	0	0	0	0	89	0	71	0	0	0	0	0	0	0	0	0	0	0	0	0	6	0	0	0	0	0	0	0	117	0	0	0	0	0	161	0	0	0	17	0	0	0	0	22
112	assemblage-110-107	0	0	0	0	0	0	47	0	0	0	0	0	0	0	0	0	12	0	0	0	0	0	0	0	0	0	0	0	0	0	0	0	0	0	0	4	0	0	0	0	0	0	0	0	403	0	0	0	0	0	0	17	0	0	0	0	11	0	0	6

113	assemblage-188-884	0	0	0	0	0	0	0	0	0	0	0	0	0	0	0	0	0	0	196	0	276	0	0	0	0	0	0	0	0	0	0	0	0	0	0	0	0	0	0	0	0	0	0	0	0	0	0	0	0	0	0	0	0	0	0	0	0	7	0	21
113	assemblage-359-470	0	0	17	0	0	0	0	0	0	0	0	0	0	0	0	0	0	0	0	0	89	0	71	0	0	0	0	0	0	0	0	0	0	0	0	0	6	0	0	0	0	0	0	0	117	0	0	0	0	0	161	0	0	0	17	0	0	0	0	22
113	assemblage-647-581	0	0	0	0	0	0	0	0	0	0	0	0	0	0	0	0	0	0	0	0	0	0	0	0	0	0	16	0	0	299	0	0	0	0	0	0	0	0	0	0	0	0	0	0	0	0	0	0	0	0	157	0	0	0	0	0	0	0	0	28

114	assemblage-188-884	0	0	0	0	0	0	0	0	0	0	0	0	0	0	0	0	0	0	196	0	276	0	0	0	0	0	0	0	0	0	0	0	0	0	0	0	0	0	0	0	0	0	0	0	0	0	0	0	0	0	0	0	0	0	0	0	0	7	0	21
114	assemblage-441-458	0	0	19	0	0	0	0	0	28	0	17	0	0	0	0	0	0	0	130	0	44	0	0	0	0	0	0	0	0	0	0	0	0	0	0	0	113	0	0	0	0	0	0	0	132	0	0	9	0	0	0	0	0	0	0	0	0	0	0	8
114	assemblage-346-467	0	0	19	0	0	0	0	0	31	0	16	0	0	0	0	0	0	0	134	0	21	0	0	0	0	0	0	0	0	0	0	0	0	0	6	0	122	0	0	0	0	0	0	0	141	0	0	5	0	0	0	0	0	0	0	0	0	0	0	5

115	assemblage-188-884	0	0	0	0	0	0	0	0	0	0	0	0	0	0	0	0	0	0	196	0	276	0	0	0	0	0	0	0	0	0	0	0	0	0	0	0	0	0	0	0	0	0	0	0	0	0	0	0	0	0	0	0	0	0	0	0	0	7	0	21
115	assemblage-441-458	0	0	19	0	0	0	0	0	28	0	17	0	0	0	0	0	0	0	130	0	44	0	0	0	0	0	0	0	0	0	0	0	0	0	0	0	113	0	0	0	0	0	0	0	132	0	0	9	0	0	0	0	0	0	0	0	0	0	0	8
115	assemblage-110-107	0	0	0	0	0	0	47	0	0	0	0	0	0	0	0	0	12	0	0	0	0	0	0	0	0	0	0	0	0	0	0	0	0	0	0	4	0	0	0	0	0	0	0	0	403	0	0	0	0	0	0	17	0	0	0	0	11	0	0	6

116	assemblage-805-544	0	0	0	0	0	0	0	0	0	0	0	0	0	0	0	0	0	0	229	0	241	0	0	0	0	0	0	0	0	0	0	0	0	0	0	0	0	0	0	0	0	0	0	0	0	0	0	0	0	0	0	0	0	0	0	0	0	3	0	27
116	assemblage-955-844	0	0	48	0	0	0	0	0	0	0	0	0	0	0	0	0	0	0	22	0	0	0	0	44	0	0	0	0	0	0	0	0	0	0	0	0	0	0	0	0	0	28	0	0	315	0	0	0	0	8	0	0	0	0	0	0	0	0	0	35
116	assemblage-181-736	0	0	0	0	0	0	0	0	0	198	206	0	0	0	0	29	0	0	0	0	0	0	0	0	0	0	0	0	0	6	0	0	0	0	0	0	0	0	0	0	0	0	0	0	31	0	0	0	6	0	0	0	0	0	0	0	0	0	0	24

117	assemblage-805-544	0	0	0	0	0	0	0	0	0	0	0	0	0	0	0	0	0	0	229	0	241	0	0	0	0	0	0	0	0	0	0	0	0	0	0	0	0	0	0	0	0	0	0	0	0	0	0	0	0	0	0	0	0	0	0	0	0	3	0	27
117	assemblage-715-624	0	0	17	0	0	0	0	0	29	0	10	0	0	0	0	0	0	0	145	0	40	0	0	0	0	0	0	0	0	0	0	0	0	0	7	0	122	0	0	0	0	0	0	0	122	0	0	3	0	0	0	0	0	0	0	0	0	0	0	5
117	assemblage-346-467	0	0	19	0	0	0	0	0	31	0	16	0	0	0	0	0	0	0	134	0	21	0	0	0	0	0	0	0	0	0	0	0	0	0	6	0	122	0	0	0	0	0	0	0	141	0	0	5	0	0	0	0	0	0	0	0	0	0	0	5

118	assemblage-805-544	0	0	0	0	0	0	0	0	0	0	0	0	0	0	0	0	0	0	229	0	241	0	0	0	0	0	0	0	0	0	0	0	0	0	0	0	0	0	0	0	0	0	0	0	0	0	0	0	0	0	0	0	0	0	0	0	0	3	0	27
118	assemblage-178-720	0	0	0	0	0	0	0	0	0	0	0	0	108	0	0	0	0	0	79	0	197	0	0	0	0	0	0	0	0	0	0	0	0	0	0	0	0	0	0	0	0	0	0	0	0	0	0	0	0	0	5	0	0	0	0	0	0	98	0	13
118	assemblage-586-290	0	0	0	0	0	12	0	0	0	0	0	0	17	0	0	0	0	0	78	0	10	0	0	0	0	0	0	0	0	0	0	0	0	0	0	0	0	0	0	0	0	0	0	0	345	0	20	0	0	0	0	0	9	0	0	0	0	3	0	6

119	assemblage-805-544	0	0	0	0	0	0	0	0	0	0	0	0	0	0	0	0	0	0	229	0	241	0	0	0	0	0	0	0	0	0	0	0	0	0	0	0	0	0	0	0	0	0	0	0	0	0	0	0	0	0	0	0	0	0	0	0	0	3	0	27
119	assemblage-178-720	0	0	0	0	0	0	0	0	0	0	0	0	108	0	0	0	0	0	79	0	197	0	0	0	0	0	0	0	0	0	0	0	0	0	0	0	0	0	0	0	0	0	0	0	0	0	0	0	0	0	5	0	0	0	0	0	0	98	0	13
119	assemblage-943-100	0	0	14	0	0	0	0	0	0	5	6	0	0	0	0	0	0	0	0	0	0	0	0	0	43	0	0	0	0	116	0	0	9	4	0	0	0	0	0	0	0	0	0	0	176	17	0	0	0	0	96	0	0	0	0	0	0	0	0	14

120	assemblage-805-544	0	0	0	0	0	0	0	0	0	0	0	0	0	0	0	0	0	0	229	0	241	0	0	0	0	0	0	0	0	0	0	0	0	0	0	0	0	0	0	0	0	0	0	0	0	0	0	0	0	0	0	0	0	0	0	0	0	3	0	27
120	assemblage-494-173	0	0	0	0	0	0	0	0	0	0	0	0	0	0	0	0	0	0	45	0	285	0	0	0	0	0	0	0	105	0	0	0	0	0	0	0	0	0	0	0	0	0	0	0	33	0	0	0	0	0	0	0	0	0	0	16	0	0	0	16
120	assemblage-943-100	0	0	14	0	0	0	0	0	0	5	6	0	0	0	0	0	0	0	0	0	0	0	0	0	43	0	0	0	0	116	0	0	9	4	0	0	0	0	0	0	0	0	0	0	176	17	0	0	0	0	96	0	0	0	0	0	0	0	0	14

121	assemblage-805-544	0	0	0	0	0	0	0	0	0	0	0	0	0	0	0	0	0	0	229	0	241	0	0	0	0	0	0	0	0	0	0	0	0	0	0	0	0	0	0	0	0	0	0	0	0	0	0	0	0	0	0	0	0	0	0	0	0	3	0	27
121	assemblage-946-107	0	0	199	0	0	0	0	0	0	12	13	0	0	0	0	0	0	0	0	0	0	0	28	0	0	0	0	8	0	68	0	0	0	0	0	0	0	0	0	0	0	0	0	0	88	0	0	0	0	0	55	0	0	0	0	0	0	0	0	29
121	assemblage-181-736	0	0	0	0	0	0	0	0	0	198	206	0	0	0	0	29	0	0	0	0	0	0	0	0	0	0	0	0	0	6	0	0	0	0	0	0	0	0	0	0	0	0	0	0	31	0	0	0	6	0	0	0	0	0	0	0	0	0	0	24

122	assemblage-805-544	0	0	0	0	0	0	0	0	0	0	0	0	0	0	0	0	0	0	229	0	241	0	0	0	0	0	0	0	0	0	0	0	0	0	0	0	0	0	0	0	0	0	0	0	0	0	0	0	0	0	0	0	0	0	0	0	0	3	0	27
122	assemblage-946-107	0	0	199	0	0	0	0	0	0	12	13	0	0	0	0	0	0	0	0	0	0	0	28	0	0	0	0	8	0	68	0	0	0	0	0	0	0	0	0	0	0	0	0	0	88	0	0	0	0	0	55	0	0	0	0	0	0	0	0	29
122	assemblage-943-100	0	0	14	0	0	0	0	0	0	5	6	0	0	0	0	0	0	0	0	0	0	0	0	0	43	0	0	0	0	116	0	0	9	4	0	0	0	0	0	0	0	0	0	0	176	17	0	0	0	0	96	0	0	0	0	0	0	0	0	14

123	assemblage-805-544	0	0	0	0	0	0	0	0	0	0	0	0	0	0	0	0	0	0	229	0	241	0	0	0	0	0	0	0	0	0	0	0	0	0	0	0	0	0	0	0	0	0	0	0	0	0	0	0	0	0	0	0	0	0	0	0	0	3	0	27
123	assemblage-447-448	0	0	122	0	0	0	0	0	0	0	0	0	0	0	0	0	0	0	121	0	0	0	19	0	0	0	0	0	0	0	0	0	0	0	0	0	111	0	0	0	0	0	0	0	37	0	0	0	0	0	67	0	0	0	0	0	0	0	0	23
123	assemblage-943-100	0	0	14	0	0	0	0	0	0	5	6	0	0	0	0	0	0	0	0	0	0	0	0	0	43	0	0	0	0	116	0	0	9	4	0	0	0	0	0	0	0	0	0	0	176	17	0	0	0	0	96	0	0	0	0	0	0	0	0	14

124	assemblage-805-544	0	0	0	0	0	0	0	0	0	0	0	0	0	0	0	0	0	0	229	0	241	0	0	0	0	0	0	0	0	0	0	0	0	0	0	0	0	0	0	0	0	0	0	0	0	0	0	0	0	0	0	0	0	0	0	0	0	3	0	27
124	assemblage-447-448	0	0	122	0	0	0	0	0	0	0	0	0	0	0	0	0	0	0	121	0	0	0	19	0	0	0	0	0	0	0	0	0	0	0	0	0	111	0	0	0	0	0	0	0	37	0	0	0	0	0	67	0	0	0	0	0	0	0	0	23
124	assemblage-110-107	0	0	0	0	0	0	47	0	0	0	0	0	0	0	0	0	12	0	0	0	0	0	0	0	0	0	0	0	0	0	0	0	0	0	0	4	0	0	0	0	0	0	0	0	403	0	0	0	0	0	0	17	0	0	0	0	11	0	0	6

125	assemblage-805-544	0	0	0	0	0	0	0	0	0	0	0	0	0	0	0	0	0	0	229	0	241	0	0	0	0	0	0	0	0	0	0	0	0	0	0	0	0	0	0	0	0	0	0	0	0	0	0	0	0	0	0	0	0	0	0	0	0	3	0	27
125	assemblage-126-731	40	0	87	0	0	0	0	0	0	0	0	0	0	0	0	0	0	0	297	0	10	0	0	0	0	0	0	0	0	0	0	0	0	0	0	0	0	10	11	0	0	0	0	0	23	0	0	0	0	0	9	0	0	0	0	0	0	0	0	13
125	assemblage-943-100	0	0	14	0	0	0	0	0	0	5	6	0	0	0	0	0	0	0	0	0	0	0	0	0	43	0	0	0	0	116	0	0	9	4	0	0	0	0	0	0	0	0	0	0	176	17	0	0	0	0	96	0	0	0	0	0	0	0	0	14

126	assemblage-805-544	0	0	0	0	0	0	0	0	0	0	0	0	0	0	0	0	0	0	229	0	241	0	0	0	0	0	0	0	0	0	0	0	0	0	0	0	0	0	0	0	0	0	0	0	0	0	0	0	0	0	0	0	0	0	0	0	0	3	0	27
126	assemblage-126-731	40	0	87	0	0	0	0	0	0	0	0	0	0	0	0	0	0	0	297	0	10	0	0	0	0	0	0	0	0	0	0	0	0	0	0	0	0	10	11	0	0	0	0	0	23	0	0	0	0	0	9	0	0	0	0	0	0	0	0	13
126	assemblage-110-107	0	0	0	0	0	0	47	0	0	0	0	0	0	0	0	0	12	0	0	0	0	0	0	0	0	0	0	0	0	0	0	0	0	0	0	4	0	0	0	0	0	0	0	0	403	0	0	0	0	0	0	17	0	0	0	0	11	0	0	6

127	assemblage-805-544	0	0	0	0	0	0	0	0	0	0	0	0	0	0	0	0	0	0	229	0	241	0	0	0	0	0	0	0	0	0	0	0	0	0	0	0	0	0	0	0	0	0	0	0	0	0	0	0	0	0	0	0	0	0	0	0	0	3	0	27
127	assemblage-647-581	0	0	0	0	0	0	0	0	0	0	0	0	0	0	0	0	0	0	0	0	0	0	0	0	0	0	16	0	0	299	0	0	0	0	0	0	0	0	0	0	0	0	0	0	0	0	0	0	0	0	157	0	0	0	0	0	0	0	0	28
127	assemblage-181-736	0	0	0	0	0	0	0	0	0	198	206	0	0	0	0	29	0	0	0	0	0	0	0	0	0	0	0	0	0	6	0	0	0	0	0	0	0	0	0	0	0	0	0	0	31	0	0	0	6	0	0	0	0	0	0	0	0	0	0	24

128	assemblage-805-544	0	0	0	0	0	0	0	0	0	0	0	0	0	0	0	0	0	0	229	0	241	0	0	0	0	0	0	0	0	0	0	0	0	0	0	0	0	0	0	0	0	0	0	0	0	0	0	0	0	0	0	0	0	0	0	0	0	3	0	27
128	assemblage-647-581	0	0	0	0	0	0	0	0	0	0	0	0	0	0	0	0	0	0	0	0	0	0	0	0	0	0	16	0	0	299	0	0	0	0	0	0	0	0	0	0	0	0	0	0	0	0	0	0	0	0	157	0	0	0	0	0	0	0	0	28
128	assemblage-943-100	0	0	14	0	0	0	0	0	0	5	6	0	0	0	0	0	0	0	0	0	0	0	0	0	43	0	0	0	0	116	0	0	9	4	0	0	0	0	0	0	0	0	0	0	176	17	0	0	0	0	96	0	0	0	0	0	0	0	0	14

129	assemblage-805-544	0	0	0	0	0	0	0	0	0	0	0	0	0	0	0	0	0	0	229	0	241	0	0	0	0	0	0	0	0	0	0	0	0	0	0	0	0	0	0	0	0	0	0	0	0	0	0	0	0	0	0	0	0	0	0	0	0	3	0	27
129	assemblage-647-581	0	0	0	0	0	0	0	0	0	0	0	0	0	0	0	0	0	0	0	0	0	0	0	0	0	0	16	0	0	299	0	0	0	0	0	0	0	0	0	0	0	0	0	0	0	0	0	0	0	0	157	0	0	0	0	0	0	0	0	28
129	assemblage-946-107	0	0	199	0	0	0	0	0	0	12	13	0	0	0	0	0	0	0	0	0	0	0	28	0	0	0	0	8	0	68	0	0	0	0	0	0	0	0	0	0	0	0	0	0	88	0	0	0	0	0	55	0	0	0	0	0	0	0	0	29

130	assemblage-805-544	0	0	0	0	0	0	0	0	0	0	0	0	0	0	0	0	0	0	229	0	241	0	0	0	0	0	0	0	0	0	0	0	0	0	0	0	0	0	0	0	0	0	0	0	0	0	0	0	0	0	0	0	0	0	0	0	0	3	0	27
130	assemblage-647-581	0	0	0	0	0	0	0	0	0	0	0	0	0	0	0	0	0	0	0	0	0	0	0	0	0	0	16	0	0	299	0	0	0	0	0	0	0	0	0	0	0	0	0	0	0	0	0	0	0	0	157	0	0	0	0	0	0	0	0	28
130	assemblage-110-107	0	0	0	0	0	0	47	0	0	0	0	0	0	0	0	0	12	0	0	0	0	0	0	0	0	0	0	0	0	0	0	0	0	0	0	4	0	0	0	0	0	0	0	0	403	0	0	0	0	0	0	17	0	0	0	0	11	0	0	6

131	assemblage-805-544	0	0	0	0	0	0	0	0	0	0	0	0	0	0	0	0	0	0	229	0	241	0	0	0	0	0	0	0	0	0	0	0	0	0	0	0	0	0	0	0	0	0	0	0	0	0	0	0	0	0	0	0	0	0	0	0	0	3	0	27
131	assemblage-359-470	0	0	17	0	0	0	0	0	0	0	0	0	0	0	0	0	0	0	0	0	89	0	71	0	0	0	0	0	0	0	0	0	0	0	0	0	6	0	0	0	0	0	0	0	117	0	0	0	0	0	161	0	0	0	17	0	0	0	0	22
131	assemblage-943-100	0	0	14	0	0	0	0	0	0	5	6	0	0	0	0	0	0	0	0	0	0	0	0	0	43	0	0	0	0	116	0	0	9	4	0	0	0	0	0	0	0	0	0	0	176	17	0	0	0	0	96	0	0	0	0	0	0	0	0	14

132	assemblage-805-544	0	0	0	0	0	0	0	0	0	0	0	0	0	0	0	0	0	0	229	0	241	0	0	0	0	0	0	0	0	0	0	0	0	0	0	0	0	0	0	0	0	0	0	0	0	0	0	0	0	0	0	0	0	0	0	0	0	3	0	27
132	assemblage-359-470	0	0	17	0	0	0	0	0	0	0	0	0	0	0	0	0	0	0	0	0	89	0	71	0	0	0	0	0	0	0	0	0	0	0	0	0	6	0	0	0	0	0	0	0	117	0	0	0	0	0	161	0	0	0	17	0	0	0	0	22
132	assemblage-110-107	0	0	0	0	0	0	47	0	0	0	0	0	0	0	0	0	12	0	0	0	0	0	0	0	0	0	0	0	0	0	0	0	0	0	0	4	0	0	0	0	0	0	0	0	403	0	0	0	0	0	0	17	0	0	0	0	11	0	0	6

133	assemblage-805-544	0	0	0	0	0	0	0	0	0	0	0	0	0	0	0	0	0	0	229	0	241	0	0	0	0	0	0	0	0	0	0	0	0	0	0	0	0	0	0	0	0	0	0	0	0	0	0	0	0	0	0	0	0	0	0	0	0	3	0	27
133	assemblage-441-458	0	0	19	0	0	0	0	0	28	0	17	0	0	0	0	0	0	0	130	0	44	0	0	0	0	0	0	0	0	0	0	0	0	0	0	0	113	0	0	0	0	0	0	0	132	0	0	9	0	0	0	0	0	0	0	0	0	0	0	8
133	assemblage-346-467	0	0	19	0	0	0	0	0	31	0	16	0	0	0	0	0	0	0	134	0	21	0	0	0	0	0	0	0	0	0	0	0	0	0	6	0	122	0	0	0	0	0	0	0	141	0	0	5	0	0	0	0	0	0	0	0	0	0	0	5

134	assemblage-805-544	0	0	0	0	0	0	0	0	0	0	0	0	0	0	0	0	0	0	229	0	241	0	0	0	0	0	0	0	0	0	0	0	0	0	0	0	0	0	0	0	0	0	0	0	0	0	0	0	0	0	0	0	0	0	0	0	0	3	0	27
134	assemblage-441-458	0	0	19	0	0	0	0	0	28	0	17	0	0	0	0	0	0	0	130	0	44	0	0	0	0	0	0	0	0	0	0	0	0	0	0	0	113	0	0	0	0	0	0	0	132	0	0	9	0	0	0	0	0	0	0	0	0	0	0	8
134	assemblage-110-107	0	0	0	0	0	0	47	0	0	0	0	0	0	0	0	0	12	0	0	0	0	0	0	0	0	0	0	0	0	0	0	0	0	0	0	4	0	0	0	0	0	0	0	0	403	0	0	0	0	0	0	17	0	0	0	0	11	0	0	6

135	assemblage-805-544	0	0	0	0	0	0	0	0	0	0	0	0	0	0	0	0	0	0	229	0	241	0	0	0	0	0	0	0	0	0	0	0	0	0	0	0	0	0	0	0	0	0	0	0	0	0	0	0	0	0	0	0	0	0	0	0	0	3	0	27
135	assemblage-188-884	0	0	0	0	0	0	0	0	0	0	0	0	0	0	0	0	0	0	196	0	276	0	0	0	0	0	0	0	0	0	0	0	0	0	0	0	0	0	0	0	0	0	0	0	0	0	0	0	0	0	0	0	0	0	0	0	0	7	0	21
135	assemblage-359-992	0	0	0	0	0	0	0	178	0	0	0	33	0	0	0	0	0	0	96	0	111	0	0	0	0	0	0	0	0	0	0	0	0	0	0	0	0	0	0	0	0	0	0	6	59	0	0	0	0	0	0	0	0	0	0	0	0	3	0	14

136	assemblage-805-544	0	0	0	0	0	0	0	0	0	0	0	0	0	0	0	0	0	0	229	0	241	0	0	0	0	0	0	0	0	0	0	0	0	0	0	0	0	0	0	0	0	0	0	0	0	0	0	0	0	0	0	0	0	0	0	0	0	3	0	27
136	assemblage-188-884	0	0	0	0	0	0	0	0	0	0	0	0	0	0	0	0	0	0	196	0	276	0	0	0	0	0	0	0	0	0	0	0	0	0	0	0	0	0	0	0	0	0	0	0	0	0	0	0	0	0	0	0	0	0	0	0	0	7	0	21
136	assemblage-586-290	0	0	0	0	0	12	0	0	0	0	0	0	17	0	0	0	0	0	78	0	10	0	0	0	0	0	0	0	0	0	0	0	0	0	0	0	0	0	0	0	0	0	0	0	345	0	20	0	0	0	0	0	9	0	0	0	0	3	0	6

137	assemblage-805-544	0	0	0	0	0	0	0	0	0	0	0	0	0	0	0	0	0	0	229	0	241	0	0	0	0	0	0	0	0	0	0	0	0	0	0	0	0	0	0	0	0	0	0	0	0	0	0	0	0	0	0	0	0	0	0	0	0	3	0	27
137	assemblage-188-884	0	0	0	0	0	0	0	0	0	0	0	0	0	0	0	0	0	0	196	0	276	0	0	0	0	0	0	0	0	0	0	0	0	0	0	0	0	0	0	0	0	0	0	0	0	0	0	0	0	0	0	0	0	0	0	0	0	7	0	21
137	assemblage-346-467	0	0	19	0	0	0	0	0	31	0	16	0	0	0	0	0	0	0	134	0	21	0	0	0	0	0	0	0	0	0	0	0	0	0	6	0	122	0	0	0	0	0	0	0	141	0	0	5	0	0	0	0	0	0	0	0	0	0	0	5

138	assemblage-805-544	0	0	0	0	0	0	0	0	0	0	0	0	0	0	0	0	0	0	229	0	241	0	0	0	0	0	0	0	0	0	0	0	0	0	0	0	0	0	0	0	0	0	0	0	0	0	0	0	0	0	0	0	0	0	0	0	0	3	0	27
138	assemblage-188-884	0	0	0	0	0	0	0	0	0	0	0	0	0	0	0	0	0	0	196	0	276	0	0	0	0	0	0	0	0	0	0	0	0	0	0	0	0	0	0	0	0	0	0	0	0	0	0	0	0	0	0	0	0	0	0	0	0	7	0	21
138	assemblage-943-100	0	0	14	0	0	0	0	0	0	5	6	0	0	0	0	0	0	0	0	0	0	0	0	0	43	0	0	0	0	116	0	0	9	4	0	0	0	0	0	0	0	0	0	0	176	17	0	0	0	0	96	0	0	0	0	0	0	0	0	14

139	assemblage-805-544	0	0	0	0	0	0	0	0	0	0	0	0	0	0	0	0	0	0	229	0	241	0	0	0	0	0	0	0	0	0	0	0	0	0	0	0	0	0	0	0	0	0	0	0	0	0	0	0	0	0	0	0	0	0	0	0	0	3	0	27
139	assemblage-188-884	0	0	0	0	0	0	0	0	0	0	0	0	0	0	0	0	0	0	196	0	276	0	0	0	0	0	0	0	0	0	0	0	0	0	0	0	0	0	0	0	0	0	0	0	0	0	0	0	0	0	0	0	0	0	0	0	0	7	0	21
139	assemblage-715-624	0	0	17	0	0	0	0	0	29	0	10	0	0	0	0	0	0	0	145	0	40	0	0	0	0	0	0	0	0	0	0	0	0	0	7	0	122	0	0	0	0	0	0	0	122	0	0	3	0	0	0	0	0	0	0	0	0	0	0	5

140	assemblage-805-544	0	0	0	0	0	0	0	0	0	0	0	0	0	0	0	0	0	0	229	0	241	0	0	0	0	0	0	0	0	0	0	0	0	0	0	0	0	0	0	0	0	0	0	0	0	0	0	0	0	0	0	0	0	0	0	0	0	3	0	27
140	assemblage-188-884	0	0	0	0	0	0	0	0	0	0	0	0	0	0	0	0	0	0	196	0	276	0	0	0	0	0	0	0	0	0	0	0	0	0	0	0	0	0	0	0	0	0	0	0	0	0	0	0	0	0	0	0	0	0	0	0	0	7	0	21
140	assemblage-178-720	0	0	0	0	0	0	0	0	0	0	0	0	108	0	0	0	0	0	79	0	197	0	0	0	0	0	0	0	0	0	0	0	0	0	0	0	0	0	0	0	0	0	0	0	0	0	0	0	0	0	5	0	0	0	0	0	0	98	0	13

141	assemblage-805-544	0	0	0	0	0	0	0	0	0	0	0	0	0	0	0	0	0	0	229	0	241	0	0	0	0	0	0	0	0	0	0	0	0	0	0	0	0	0	0	0	0	0	0	0	0	0	0	0	0	0	0	0	0	0	0	0	0	3	0	27
141	assemblage-188-884	0	0	0	0	0	0	0	0	0	0	0	0	0	0	0	0	0	0	196	0	276	0	0	0	0	0	0	0	0	0	0	0	0	0	0	0	0	0	0	0	0	0	0	0	0	0	0	0	0	0	0	0	0	0	0	0	0	7	0	21
141	assemblage-494-173	0	0	0	0	0	0	0	0	0	0	0	0	0	0	0	0	0	0	45	0	285	0	0	0	0	0	0	0	105	0	0	0	0	0	0	0	0	0	0	0	0	0	0	0	33	0	0	0	0	0	0	0	0	0	0	16	0	0	0	16

142	assemblage-805-544	0	0	0	0	0	0	0	0	0	0	0	0	0	0	0	0	0	0	229	0	241	0	0	0	0	0	0	0	0	0	0	0	0	0	0	0	0	0	0	0	0	0	0	0	0	0	0	0	0	0	0	0	0	0	0	0	0	3	0	27
142	assemblage-188-884	0	0	0	0	0	0	0	0	0	0	0	0	0	0	0	0	0	0	196	0	276	0	0	0	0	0	0	0	0	0	0	0	0	0	0	0	0	0	0	0	0	0	0	0	0	0	0	0	0	0	0	0	0	0	0	0	0	7	0	21
142	assemblage-110-107	0	0	0	0	0	0	47	0	0	0	0	0	0	0	0	0	12	0	0	0	0	0	0	0	0	0	0	0	0	0	0	0	0	0	0	4	0	0	0	0	0	0	0	0	403	0	0	0	0	0	0	17	0	0	0	0	11	0	0	6

143	assemblage-805-544	0	0	0	0	0	0	0	0	0	0	0	0	0	0	0	0	0	0	229	0	241	0	0	0	0	0	0	0	0	0	0	0	0	0	0	0	0	0	0	0	0	0	0	0	0	0	0	0	0	0	0	0	0	0	0	0	0	3	0	27
143	assemblage-188-884	0	0	0	0	0	0	0	0	0	0	0	0	0	0	0	0	0	0	196	0	276	0	0	0	0	0	0	0	0	0	0	0	0	0	0	0	0	0	0	0	0	0	0	0	0	0	0	0	0	0	0	0	0	0	0	0	0	7	0	21
143	assemblage-359-470	0	0	17	0	0	0	0	0	0	0	0	0	0	0	0	0	0	0	0	0	89	0	71	0	0	0	0	0	0	0	0	0	0	0	0	0	6	0	0	0	0	0	0	0	117	0	0	0	0	0	161	0	0	0	17	0	0	0	0	22

144	assemblage-805-544	0	0	0	0	0	0	0	0	0	0	0	0	0	0	0	0	0	0	229	0	241	0	0	0	0	0	0	0	0	0	0	0	0	0	0	0	0	0	0	0	0	0	0	0	0	0	0	0	0	0	0	0	0	0	0	0	0	3	0	27
144	assemblage-188-884	0	0	0	0	0	0	0	0	0	0	0	0	0	0	0	0	0	0	196	0	276	0	0	0	0	0	0	0	0	0	0	0	0	0	0	0	0	0	0	0	0	0	0	0	0	0	0	0	0	0	0	0	0	0	0	0	0	7	0	21
144	assemblage-441-458	0	0	19	0	0	0	0	0	28	0	17	0	0	0	0	0	0	0	130	0	44	0	0	0	0	0	0	0	0	0	0	0	0	0	0	0	113	0	0	0	0	0	0	0	132	0	0	9	0	0	0	0	0	0	0	0	0	0	0	8

145	assemblage-570-753	0	0	0	0	0	0	0	0	0	0	33	0	0	0	0	0	0	6	0	136	0	0	0	0	0	0	0	5	0	15	0	0	0	109	0	0	54	0	0	0	0	0	0	0	0	129	0	0	0	0	0	0	0	0	0	0	0	0	0	13
145	assemblage-359-992	0	0	0	0	0	0	0	178	0	0	0	33	0	0	0	0	0	0	96	0	111	0	0	0	0	0	0	0	0	0	0	0	0	0	0	0	0	0	0	0	0	0	0	6	59	0	0	0	0	0	0	0	0	0	0	0	0	3	0	14
145	assemblage-453-876	25	0	108	0	0	0	0	0	0	0	0	0	0	0	0	0	0	0	269	0	14	0	0	0	0	0	0	0	0	0	0	0	0	0	0	0	0	9	10	0	0	0	0	0	36	0	0	0	0	0	9	0	0	0	0	0	0	0	0	20

146	assemblage-570-753	0	0	0	0	0	0	0	0	0	0	33	0	0	0	0	0	0	6	0	136	0	0	0	0	0	0	0	5	0	15	0	0	0	109	0	0	54	0	0	0	0	0	0	0	0	129	0	0	0	0	0	0	0	0	0	0	0	0	0	13
146	assemblage-181-736	0	0	0	0	0	0	0	0	0	198	206	0	0	0	0	29	0	0	0	0	0	0	0	0	0	0	0	0	0	6	0	0	0	0	0	0	0	0	0	0	0	0	0	0	31	0	0	0	6	0	0	0	0	0	0	0	0	0	0	24
146	assemblage-453-876	25	0	108	0	0	0	0	0	0	0	0	0	0	0	0	0	0	0	269	0	14	0	0	0	0	0	0	0	0	0	0	0	0	0	0	0	0	9	10	0	0	0	0	0	36	0	0	0	0	0	9	0	0	0	0	0	0	0	0	20

147	assemblage-570-753	0	0	0	0	0	0	0	0	0	0	33	0	0	0	0	0	0	6	0	136	0	0	0	0	0	0	0	5	0	15	0	0	0	109	0	0	54	0	0	0	0	0	0	0	0	129	0	0	0	0	0	0	0	0	0	0	0	0	0	13
147	assemblage-181-736	0	0	0	0	0	0	0	0	0	198	206	0	0	0	0	29	0	0	0	0	0	0	0	0	0	0	0	0	0	6	0	0	0	0	0	0	0	0	0	0	0	0	0	0	31	0	0	0	6	0	0	0	0	0	0	0	0	0	0	24
147	assemblage-359-992	0	0	0	0	0	0	0	178	0	0	0	33	0	0	0	0	0	0	96	0	111	0	0	0	0	0	0	0	0	0	0	0	0	0	0	0	0	0	0	0	0	0	0	6	59	0	0	0	0	0	0	0	0	0	0	0	0	3	0	14

148	assemblage-570-753	0	0	0	0	0	0	0	0	0	0	33	0	0	0	0	0	0	6	0	136	0	0	0	0	0	0	0	5	0	15	0	0	0	109	0	0	54	0	0	0	0	0	0	0	0	129	0	0	0	0	0	0	0	0	0	0	0	0	0	13
148	assemblage-955-844	0	0	48	0	0	0	0	0	0	0	0	0	0	0	0	0	0	0	22	0	0	0	0	44	0	0	0	0	0	0	0	0	0	0	0	0	0	0	0	0	0	28	0	0	315	0	0	0	0	8	0	0	0	0	0	0	0	0	0	35
148	assemblage-453-876	25	0	108	0	0	0	0	0	0	0	0	0	0	0	0	0	0	0	269	0	14	0	0	0	0	0	0	0	0	0	0	0	0	0	0	0	0	9	10	0	0	0	0	0	36	0	0	0	0	0	9	0	0	0	0	0	0	0	0	20

149	assemblage-570-753	0	0	0	0	0	0	0	0	0	0	33	0	0	0	0	0	0	6	0	136	0	0	0	0	0	0	0	5	0	15	0	0	0	109	0	0	54	0	0	0	0	0	0	0	0	129	0	0	0	0	0	0	0	0	0	0	0	0	0	13
149	assemblage-955-844	0	0	48	0	0	0	0	0	0	0	0	0	0	0	0	0	0	0	22	0	0	0	0	44	0	0	0	0	0	0	0	0	0	0	0	0	0	0	0	0	0	28	0	0	315	0	0	0	0	8	0	0	0	0	0	0	0	0	0	35
149	assemblage-359-992	0	0	0	0	0	0	0	178	0	0	0	33	0	0	0	0	0	0	96	0	111	0	0	0	0	0	0	0	0	0	0	0	0	0	0	0	0	0	0	0	0	0	0	6	59	0	0	0	0	0	0	0	0	0	0	0	0	3	0	14

150	assemblage-570-753	0	0	0	0	0	0	0	0	0	0	33	0	0	0	0	0	0	6	0	136	0	0	0	0	0	0	0	5	0	15	0	0	0	109	0	0	54	0	0	0	0	0	0	0	0	129	0	0	0	0	0	0	0	0	0	0	0	0	0	13
150	assemblage-346-467	0	0	19	0	0	0	0	0	31	0	16	0	0	0	0	0	0	0	134	0	21	0	0	0	0	0	0	0	0	0	0	0	0	0	6	0	122	0	0	0	0	0	0	0	141	0	0	5	0	0	0	0	0	0	0	0	0	0	0	5
150	assemblage-586-290	0	0	0	0	0	12	0	0	0	0	0	0	17	0	0	0	0	0	78	0	10	0	0	0	0	0	0	0	0	0	0	0	0	0	0	0	0	0	0	0	0	0	0	0	345	0	20	0	0	0	0	0	9	0	0	0	0	3	0	6

151	assemblage-570-753	0	0	0	0	0	0	0	0	0	0	33	0	0	0	0	0	0	6	0	136	0	0	0	0	0	0	0	5	0	15	0	0	0	109	0	0	54	0	0	0	0	0	0	0	0	129	0	0	0	0	0	0	0	0	0	0	0	0	0	13
151	assemblage-943-100	0	0	14	0	0	0	0	0	0	5	6	0	0	0	0	0	0	0	0	0	0	0	0	0	43	0	0	0	0	116	0	0	9	4	0	0	0	0	0	0	0	0	0	0	176	17	0	0	0	0	96	0	0	0	0	0	0	0	0	14
151	assemblage-359-992	0	0	0	0	0	0	0	178	0	0	0	33	0	0	0	0	0	0	96	0	111	0	0	0	0	0	0	0	0	0	0	0	0	0	0	0	0	0	0	0	0	0	0	6	59	0	0	0	0	0	0	0	0	0	0	0	0	3	0	14

152	assemblage-570-753	0	0	0	0	0	0	0	0	0	0	33	0	0	0	0	0	0	6	0	136	0	0	0	0	0	0	0	5	0	15	0	0	0	109	0	0	54	0	0	0	0	0	0	0	0	129	0	0	0	0	0	0	0	0	0	0	0	0	0	13
152	assemblage-943-100	0	0	14	0	0	0	0	0	0	5	6	0	0	0	0	0	0	0	0	0	0	0	0	0	43	0	0	0	0	116	0	0	9	4	0	0	0	0	0	0	0	0	0	0	176	17	0	0	0	0	96	0	0	0	0	0	0	0	0	14
152	assemblage-586-290	0	0	0	0	0	12	0	0	0	0	0	0	17	0	0	0	0	0	78	0	10	0	0	0	0	0	0	0	0	0	0	0	0	0	0	0	0	0	0	0	0	0	0	0	345	0	20	0	0	0	0	0	9	0	0	0	0	3	0	6

153	assemblage-570-753	0	0	0	0	0	0	0	0	0	0	33	0	0	0	0	0	0	6	0	136	0	0	0	0	0	0	0	5	0	15	0	0	0	109	0	0	54	0	0	0	0	0	0	0	0	129	0	0	0	0	0	0	0	0	0	0	0	0	0	13
153	assemblage-178-720	0	0	0	0	0	0	0	0	0	0	0	0	108	0	0	0	0	0	79	0	197	0	0	0	0	0	0	0	0	0	0	0	0	0	0	0	0	0	0	0	0	0	0	0	0	0	0	0	0	0	5	0	0	0	0	0	0	98	0	13
153	assemblage-453-876	25	0	108	0	0	0	0	0	0	0	0	0	0	0	0	0	0	0	269	0	14	0	0	0	0	0	0	0	0	0	0	0	0	0	0	0	0	9	10	0	0	0	0	0	36	0	0	0	0	0	9	0	0	0	0	0	0	0	0	20

154	assemblage-570-753	0	0	0	0	0	0	0	0	0	0	33	0	0	0	0	0	0	6	0	136	0	0	0	0	0	0	0	5	0	15	0	0	0	109	0	0	54	0	0	0	0	0	0	0	0	129	0	0	0	0	0	0	0	0	0	0	0	0	0	13
154	assemblage-178-720	0	0	0	0	0	0	0	0	0	0	0	0	108	0	0	0	0	0	79	0	197	0	0	0	0	0	0	0	0	0	0	0	0	0	0	0	0	0	0	0	0	0	0	0	0	0	0	0	0	0	5	0	0	0	0	0	0	98	0	13
154	assemblage-359-992	0	0	0	0	0	0	0	178	0	0	0	33	0	0	0	0	0	0	96	0	111	0	0	0	0	0	0	0	0	0	0	0	0	0	0	0	0	0	0	0	0	0	0	6	59	0	0	0	0	0	0	0	0	0	0	0	0	3	0	14

155	assemblage-570-753	0	0	0	0	0	0	0	0	0	0	33	0	0	0	0	0	0	6	0	136	0	0	0	0	0	0	0	5	0	15	0	0	0	109	0	0	54	0	0	0	0	0	0	0	0	129	0	0	0	0	0	0	0	0	0	0	0	0	0	13
155	assemblage-178-720	0	0	0	0	0	0	0	0	0	0	0	0	108	0	0	0	0	0	79	0	197	0	0	0	0	0	0	0	0	0	0	0	0	0	0	0	0	0	0	0	0	0	0	0	0	0	0	0	0	0	5	0	0	0	0	0	0	98	0	13
155	assemblage-955-844	0	0	48	0	0	0	0	0	0	0	0	0	0	0	0	0	0	0	22	0	0	0	0	44	0	0	0	0	0	0	0	0	0	0	0	0	0	0	0	0	0	28	0	0	315	0	0	0	0	8	0	0	0	0	0	0	0	0	0	35

156	assemblage-570-753	0	0	0	0	0	0	0	0	0	0	33	0	0	0	0	0	0	6	0	136	0	0	0	0	0	0	0	5	0	15	0	0	0	109	0	0	54	0	0	0	0	0	0	0	0	129	0	0	0	0	0	0	0	0	0	0	0	0	0	13
156	assemblage-178-720	0	0	0	0	0	0	0	0	0	0	0	0	108	0	0	0	0	0	79	0	197	0	0	0	0	0	0	0	0	0	0	0	0	0	0	0	0	0	0	0	0	0	0	0	0	0	0	0	0	0	5	0	0	0	0	0	0	98	0	13
156	assemblage-586-290	0	0	0	0	0	12	0	0	0	0	0	0	17	0	0	0	0	0	78	0	10	0	0	0	0	0	0	0	0	0	0	0	0	0	0	0	0	0	0	0	0	0	0	0	345	0	20	0	0	0	0	0	9	0	0	0	0	3	0	6

157	assemblage-570-753	0	0	0	0	0	0	0	0	0	0	33	0	0	0	0	0	0	6	0	136	0	0	0	0	0	0	0	5	0	15	0	0	0	109	0	0	54	0	0	0	0	0	0	0	0	129	0	0	0	0	0	0	0	0	0	0	0	0	0	13
157	assemblage-494-173	0	0	0	0	0	0	0	0	0	0	0	0	0	0	0	0	0	0	45	0	285	0	0	0	0	0	0	0	105	0	0	0	0	0	0	0	0	0	0	0	0	0	0	0	33	0	0	0	0	0	0	0	0	0	0	16	0	0	0	16
157	assemblage-359-992	0	0	0	0	0	0	0	178	0	0	0	33	0	0	0	0	0	0	96	0	111	0	0	0	0	0	0	0	0	0	0	0	0	0	0	0	0	0	0	0	0	0	0	6	59	0	0	0	0	0	0	0	0	0	0	0	0	3	0	14

158	assemblage-570-753	0	0	0	0	0	0	0	0	0	0	33	0	0	0	0	0	0	6	0	136	0	0	0	0	0	0	0	5	0	15	0	0	0	109	0	0	54	0	0	0	0	0	0	0	0	129	0	0	0	0	0	0	0	0	0	0	0	0	0	13
158	assemblage-494-173	0	0	0	0	0	0	0	0	0	0	0	0	0	0	0	0	0	0	45	0	285	0	0	0	0	0	0	0	105	0	0	0	0	0	0	0	0	0	0	0	0	0	0	0	33	0	0	0	0	0	0	0	0	0	0	16	0	0	0	16
158	assemblage-586-290	0	0	0	0	0	12	0	0	0	0	0	0	17	0	0	0	0	0	78	0	10	0	0	0	0	0	0	0	0	0	0	0	0	0	0	0	0	0	0	0	0	0	0	0	345	0	20	0	0	0	0	0	9	0	0	0	0	3	0	6

159	assemblage-570-753	0	0	0	0	0	0	0	0	0	0	33	0	0	0	0	0	0	6	0	136	0	0	0	0	0	0	0	5	0	15	0	0	0	109	0	0	54	0	0	0	0	0	0	0	0	129	0	0	0	0	0	0	0	0	0	0	0	0	0	13
159	assemblage-494-173	0	0	0	0	0	0	0	0	0	0	0	0	0	0	0	0	0	0	45	0	285	0	0	0	0	0	0	0	105	0	0	0	0	0	0	0	0	0	0	0	0	0	0	0	33	0	0	0	0	0	0	0	0	0	0	16	0	0	0	16
159	assemblage-178-720	0	0	0	0	0	0	0	0	0	0	0	0	108	0	0	0	0	0	79	0	197	0	0	0	0	0	0	0	0	0	0	0	0	0	0	0	0	0	0	0	0	0	0	0	0	0	0	0	0	0	5	0	0	0	0	0	0	98	0	13

160	assemblage-570-753	0	0	0	0	0	0	0	0	0	0	33	0	0	0	0	0	0	6	0	136	0	0	0	0	0	0	0	5	0	15	0	0	0	109	0	0	54	0	0	0	0	0	0	0	0	129	0	0	0	0	0	0	0	0	0	0	0	0	0	13
160	assemblage-946-107	0	0	199	0	0	0	0	0	0	12	13	0	0	0	0	0	0	0	0	0	0	0	28	0	0	0	0	8	0	68	0	0	0	0	0	0	0	0	0	0	0	0	0	0	88	0	0	0	0	0	55	0	0	0	0	0	0	0	0	29
160	assemblage-453-876	25	0	108	0	0	0	0	0	0	0	0	0	0	0	0	0	0	0	269	0	14	0	0	0	0	0	0	0	0	0	0	0	0	0	0	0	0	9	10	0	0	0	0	0	36	0	0	0	0	0	9	0	0	0	0	0	0	0	0	20

161	assemblage-570-753	0	0	0	0	0	0	0	0	0	0	33	0	0	0	0	0	0	6	0	136	0	0	0	0	0	0	0	5	0	15	0	0	0	109	0	0	54	0	0	0	0	0	0	0	0	129	0	0	0	0	0	0	0	0	0	0	0	0	0	13
161	assemblage-946-107	0	0	199	0	0	0	0	0	0	12	13	0	0	0	0	0	0	0	0	0	0	0	28	0	0	0	0	8	0	68	0	0	0	0	0	0	0	0	0	0	0	0	0	0	88	0	0	0	0	0	55	0	0	0	0	0	0	0	0	29
161	assemblage-359-992	0	0	0	0	0	0	0	178	0	0	0	33	0	0	0	0	0	0	96	0	111	0	0	0	0	0	0	0	0	0	0	0	0	0	0	0	0	0	0	0	0	0	0	6	59	0	0	0	0	0	0	0	0	0	0	0	0	3	0	14

162	assemblage-570-753	0	0	0	0	0	0	0	0	0	0	33	0	0	0	0	0	0	6	0	136	0	0	0	0	0	0	0	5	0	15	0	0	0	109	0	0	54	0	0	0	0	0	0	0	0	129	0	0	0	0	0	0	0	0	0	0	0	0	0	13
162	assemblage-946-107	0	0	199	0	0	0	0	0	0	12	13	0	0	0	0	0	0	0	0	0	0	0	28	0	0	0	0	8	0	68	0	0	0	0	0	0	0	0	0	0	0	0	0	0	88	0	0	0	0	0	55	0	0	0	0	0	0	0	0	29
162	assemblage-586-290	0	0	0	0	0	12	0	0	0	0	0	0	17	0	0	0	0	0	78	0	10	0	0	0	0	0	0	0	0	0	0	0	0	0	0	0	0	0	0	0	0	0	0	0	345	0	20	0	0	0	0	0	9	0	0	0	0	3	0	6

163	assemblage-570-753	0	0	0	0	0	0	0	0	0	0	33	0	0	0	0	0	0	6	0	136	0	0	0	0	0	0	0	5	0	15	0	0	0	109	0	0	54	0	0	0	0	0	0	0	0	129	0	0	0	0	0	0	0	0	0	0	0	0	0	13
163	assemblage-946-107	0	0	199	0	0	0	0	0	0	12	13	0	0	0	0	0	0	0	0	0	0	0	28	0	0	0	0	8	0	68	0	0	0	0	0	0	0	0	0	0	0	0	0	0	88	0	0	0	0	0	55	0	0	0	0	0	0	0	0	29
163	assemblage-178-720	0	0	0	0	0	0	0	0	0	0	0	0	108	0	0	0	0	0	79	0	197	0	0	0	0	0	0	0	0	0	0	0	0	0	0	0	0	0	0	0	0	0	0	0	0	0	0	0	0	0	5	0	0	0	0	0	0	98	0	13

164	assemblage-570-753	0	0	0	0	0	0	0	0	0	0	33	0	0	0	0	0	0	6	0	136	0	0	0	0	0	0	0	5	0	15	0	0	0	109	0	0	54	0	0	0	0	0	0	0	0	129	0	0	0	0	0	0	0	0	0	0	0	0	0	13
164	assemblage-946-107	0	0	199	0	0	0	0	0	0	12	13	0	0	0	0	0	0	0	0	0	0	0	28	0	0	0	0	8	0	68	0	0	0	0	0	0	0	0	0	0	0	0	0	0	88	0	0	0	0	0	55	0	0	0	0	0	0	0	0	29
164	assemblage-494-173	0	0	0	0	0	0	0	0	0	0	0	0	0	0	0	0	0	0	45	0	285	0	0	0	0	0	0	0	105	0	0	0	0	0	0	0	0	0	0	0	0	0	0	0	33	0	0	0	0	0	0	0	0	0	0	16	0	0	0	16

165	assemblage-570-753	0	0	0	0	0	0	0	0	0	0	33	0	0	0	0	0	0	6	0	136	0	0	0	0	0	0	0	5	0	15	0	0	0	109	0	0	54	0	0	0	0	0	0	0	0	129	0	0	0	0	0	0	0	0	0	0	0	0	0	13
165	assemblage-110-107	0	0	0	0	0	0	47	0	0	0	0	0	0	0	0	0	12	0	0	0	0	0	0	0	0	0	0	0	0	0	0	0	0	0	0	4	0	0	0	0	0	0	0	0	403	0	0	0	0	0	0	17	0	0	0	0	11	0	0	6
165	assemblage-586-290	0	0	0	0	0	12	0	0	0	0	0	0	17	0	0	0	0	0	78	0	10	0	0	0	0	0	0	0	0	0	0	0	0	0	0	0	0	0	0	0	0	0	0	0	345	0	20	0	0	0	0	0	9	0	0	0	0	3	0	6

166	assemblage-570-753	0	0	0	0	0	0	0	0	0	0	33	0	0	0	0	0	0	6	0	136	0	0	0	0	0	0	0	5	0	15	0	0	0	109	0	0	54	0	0	0	0	0	0	0	0	129	0	0	0	0	0	0	0	0	0	0	0	0	0	13
166	assemblage-447-448	0	0	122	0	0	0	0	0	0	0	0	0	0	0	0	0	0	0	121	0	0	0	19	0	0	0	0	0	0	0	0	0	0	0	0	0	111	0	0	0	0	0	0	0	37	0	0	0	0	0	67	0	0	0	0	0	0	0	0	23
166	assemblage-453-876	25	0	108	0	0	0	0	0	0	0	0	0	0	0	0	0	0	0	269	0	14	0	0	0	0	0	0	0	0	0	0	0	0	0	0	0	0	9	10	0	0	0	0	0	36	0	0	0	0	0	9	0	0	0	0	0	0	0	0	20

167	assemblage-570-753	0	0	0	0	0	0	0	0	0	0	33	0	0	0	0	0	0	6	0	136	0	0	0	0	0	0	0	5	0	15	0	0	0	109	0	0	54	0	0	0	0	0	0	0	0	129	0	0	0	0	0	0	0	0	0	0	0	0	0	13
167	assemblage-447-448	0	0	122	0	0	0	0	0	0	0	0	0	0	0	0	0	0	0	121	0	0	0	19	0	0	0	0	0	0	0	0	0	0	0	0	0	111	0	0	0	0	0	0	0	37	0	0	0	0	0	67	0	0	0	0	0	0	0	0	23
167	assemblage-359-992	0	0	0	0	0	0	0	178	0	0	0	33	0	0	0	0	0	0	96	0	111	0	0	0	0	0	0	0	0	0	0	0	0	0	0	0	0	0	0	0	0	0	0	6	59	0	0	0	0	0	0	0	0	0	0	0	0	3	0	14

168	assemblage-570-753	0	0	0	0	0	0	0	0	0	0	33	0	0	0	0	0	0	6	0	136	0	0	0	0	0	0	0	5	0	15	0	0	0	109	0	0	54	0	0	0	0	0	0	0	0	129	0	0	0	0	0	0	0	0	0	0	0	0	0	13
168	assemblage-447-448	0	0	122	0	0	0	0	0	0	0	0	0	0	0	0	0	0	0	121	0	0	0	19	0	0	0	0	0	0	0	0	0	0	0	0	0	111	0	0	0	0	0	0	0	37	0	0	0	0	0	67	0	0	0	0	0	0	0	0	23
168	assemblage-586-290	0	0	0	0	0	12	0	0	0	0	0	0	17	0	0	0	0	0	78	0	10	0	0	0	0	0	0	0	0	0	0	0	0	0	0	0	0	0	0	0	0	0	0	0	345	0	20	0	0	0	0	0	9	0	0	0	0	3	0	6

169	assemblage-570-753	0	0	0	0	0	0	0	0	0	0	33	0	0	0	0	0	0	6	0	136	0	0	0	0	0	0	0	5	0	15	0	0	0	109	0	0	54	0	0	0	0	0	0	0	0	129	0	0	0	0	0	0	0	0	0	0	0	0	0	13
169	assemblage-447-448	0	0	122	0	0	0	0	0	0	0	0	0	0	0	0	0	0	0	121	0	0	0	19	0	0	0	0	0	0	0	0	0	0	0	0	0	111	0	0	0	0	0	0	0	37	0	0	0	0	0	67	0	0	0	0	0	0	0	0	23
169	assemblage-178-720	0	0	0	0	0	0	0	0	0	0	0	0	108	0	0	0	0	0	79	0	197	0	0	0	0	0	0	0	0	0	0	0	0	0	0	0	0	0	0	0	0	0	0	0	0	0	0	0	0	0	5	0	0	0	0	0	0	98	0	13

170	assemblage-570-753	0	0	0	0	0	0	0	0	0	0	33	0	0	0	0	0	0	6	0	136	0	0	0	0	0	0	0	5	0	15	0	0	0	109	0	0	54	0	0	0	0	0	0	0	0	129	0	0	0	0	0	0	0	0	0	0	0	0	0	13
170	assemblage-447-448	0	0	122	0	0	0	0	0	0	0	0	0	0	0	0	0	0	0	121	0	0	0	19	0	0	0	0	0	0	0	0	0	0	0	0	0	111	0	0	0	0	0	0	0	37	0	0	0	0	0	67	0	0	0	0	0	0	0	0	23
170	assemblage-494-173	0	0	0	0	0	0	0	0	0	0	0	0	0	0	0	0	0	0	45	0	285	0	0	0	0	0	0	0	105	0	0	0	0	0	0	0	0	0	0	0	0	0	0	0	33	0	0	0	0	0	0	0	0	0	0	16	0	0	0	16

171	assemblage-570-753	0	0	0	0	0	0	0	0	0	0	33	0	0	0	0	0	0	6	0	136	0	0	0	0	0	0	0	5	0	15	0	0	0	109	0	0	54	0	0	0	0	0	0	0	0	129	0	0	0	0	0	0	0	0	0	0	0	0	0	13
171	assemblage-447-448	0	0	122	0	0	0	0	0	0	0	0	0	0	0	0	0	0	0	121	0	0	0	19	0	0	0	0	0	0	0	0	0	0	0	0	0	111	0	0	0	0	0	0	0	37	0	0	0	0	0	67	0	0	0	0	0	0	0	0	23
171	assemblage-110-107	0	0	0	0	0	0	47	0	0	0	0	0	0	0	0	0	12	0	0	0	0	0	0	0	0	0	0	0	0	0	0	0	0	0	0	4	0	0	0	0	0	0	0	0	403	0	0	0	0	0	0	17	0	0	0	0	11	0	0	6

172	assemblage-570-753	0	0	0	0	0	0	0	0	0	0	33	0	0	0	0	0	0	6	0	136	0	0	0	0	0	0	0	5	0	15	0	0	0	109	0	0	54	0	0	0	0	0	0	0	0	129	0	0	0	0	0	0	0	0	0	0	0	0	0	13
172	assemblage-126-731	40	0	87	0	0	0	0	0	0	0	0	0	0	0	0	0	0	0	297	0	10	0	0	0	0	0	0	0	0	0	0	0	0	0	0	0	0	10	11	0	0	0	0	0	23	0	0	0	0	0	9	0	0	0	0	0	0	0	0	13
172	assemblage-453-876	25	0	108	0	0	0	0	0	0	0	0	0	0	0	0	0	0	0	269	0	14	0	0	0	0	0	0	0	0	0	0	0	0	0	0	0	0	9	10	0	0	0	0	0	36	0	0	0	0	0	9	0	0	0	0	0	0	0	0	20

173	assemblage-570-753	0	0	0	0	0	0	0	0	0	0	33	0	0	0	0	0	0	6	0	136	0	0	0	0	0	0	0	5	0	15	0	0	0	109	0	0	54	0	0	0	0	0	0	0	0	129	0	0	0	0	0	0	0	0	0	0	0	0	0	13
173	assemblage-126-731	40	0	87	0	0	0	0	0	0	0	0	0	0	0	0	0	0	0	297	0	10	0	0	0	0	0	0	0	0	0	0	0	0	0	0	0	0	10	11	0	0	0	0	0	23	0	0	0	0	0	9	0	0	0	0	0	0	0	0	13
173	assemblage-359-992	0	0	0	0	0	0	0	178	0	0	0	33	0	0	0	0	0	0	96	0	111	0	0	0	0	0	0	0	0	0	0	0	0	0	0	0	0	0	0	0	0	0	0	6	59	0	0	0	0	0	0	0	0	0	0	0	0	3	0	14

174	assemblage-570-753	0	0	0	0	0	0	0	0	0	0	33	0	0	0	0	0	0	6	0	136	0	0	0	0	0	0	0	5	0	15	0	0	0	109	0	0	54	0	0	0	0	0	0	0	0	129	0	0	0	0	0	0	0	0	0	0	0	0	0	13
174	assemblage-126-731	40	0	87	0	0	0	0	0	0	0	0	0	0	0	0	0	0	0	297	0	10	0	0	0	0	0	0	0	0	0	0	0	0	0	0	0	0	10	11	0	0	0	0	0	23	0	0	0	0	0	9	0	0	0	0	0	0	0	0	13
174	assemblage-955-844	0	0	48	0	0	0	0	0	0	0	0	0	0	0	0	0	0	0	22	0	0	0	0	44	0	0	0	0	0	0	0	0	0	0	0	0	0	0	0	0	0	28	0	0	315	0	0	0	0	8	0	0	0	0	0	0	0	0	0	35

175	assemblage-570-753	0	0	0	0	0	0	0	0	0	0	33	0	0	0	0	0	0	6	0	136	0	0	0	0	0	0	0	5	0	15	0	0	0	109	0	0	54	0	0	0	0	0	0	0	0	129	0	0	0	0	0	0	0	0	0	0	0	0	0	13
175	assemblage-126-731	40	0	87	0	0	0	0	0	0	0	0	0	0	0	0	0	0	0	297	0	10	0	0	0	0	0	0	0	0	0	0	0	0	0	0	0	0	10	11	0	0	0	0	0	23	0	0	0	0	0	9	0	0	0	0	0	0	0	0	13
175	assemblage-586-290	0	0	0	0	0	12	0	0	0	0	0	0	17	0	0	0	0	0	78	0	10	0	0	0	0	0	0	0	0	0	0	0	0	0	0	0	0	0	0	0	0	0	0	0	345	0	20	0	0	0	0	0	9	0	0	0	0	3	0	6

176	assemblage-570-753	0	0	0	0	0	0	0	0	0	0	33	0	0	0	0	0	0	6	0	136	0	0	0	0	0	0	0	5	0	15	0	0	0	109	0	0	54	0	0	0	0	0	0	0	0	129	0	0	0	0	0	0	0	0	0	0	0	0	0	13
176	assemblage-126-731	40	0	87	0	0	0	0	0	0	0	0	0	0	0	0	0	0	0	297	0	10	0	0	0	0	0	0	0	0	0	0	0	0	0	0	0	0	10	11	0	0	0	0	0	23	0	0	0	0	0	9	0	0	0	0	0	0	0	0	13
176	assemblage-178-720	0	0	0	0	0	0	0	0	0	0	0	0	108	0	0	0	0	0	79	0	197	0	0	0	0	0	0	0	0	0	0	0	0	0	0	0	0	0	0	0	0	0	0	0	0	0	0	0	0	0	5	0	0	0	0	0	0	98	0	13

177	assemblage-570-753	0	0	0	0	0	0	0	0	0	0	33	0	0	0	0	0	0	6	0	136	0	0	0	0	0	0	0	5	0	15	0	0	0	109	0	0	54	0	0	0	0	0	0	0	0	129	0	0	0	0	0	0	0	0	0	0	0	0	0	13
177	assemblage-126-731	40	0	87	0	0	0	0	0	0	0	0	0	0	0	0	0	0	0	297	0	10	0	0	0	0	0	0	0	0	0	0	0	0	0	0	0	0	10	11	0	0	0	0	0	23	0	0	0	0	0	9	0	0	0	0	0	0	0	0	13
177	assemblage-494-173	0	0	0	0	0	0	0	0	0	0	0	0	0	0	0	0	0	0	45	0	285	0	0	0	0	0	0	0	105	0	0	0	0	0	0	0	0	0	0	0	0	0	0	0	33	0	0	0	0	0	0	0	0	0	0	16	0	0	0	16

178	assemblage-570-753	0	0	0	0	0	0	0	0	0	0	33	0	0	0	0	0	0	6	0	136	0	0	0	0	0	0	0	5	0	15	0	0	0	109	0	0	54	0	0	0	0	0	0	0	0	129	0	0	0	0	0	0	0	0	0	0	0	0	0	13
178	assemblage-126-731	40	0	87	0	0	0	0	0	0	0	0	0	0	0	0	0	0	0	297	0	10	0	0	0	0	0	0	0	0	0	0	0	0	0	0	0	0	10	11	0	0	0	0	0	23	0	0	0	0	0	9	0	0	0	0	0	0	0	0	13
178	assemblage-110-107	0	0	0	0	0	0	47	0	0	0	0	0	0	0	0	0	12	0	0	0	0	0	0	0	0	0	0	0	0	0	0	0	0	0	0	4	0	0	0	0	0	0	0	0	403	0	0	0	0	0	0	17	0	0	0	0	11	0	0	6

179	assemblage-570-753	0	0	0	0	0	0	0	0	0	0	33	0	0	0	0	0	0	6	0	136	0	0	0	0	0	0	0	5	0	15	0	0	0	109	0	0	54	0	0	0	0	0	0	0	0	129	0	0	0	0	0	0	0	0	0	0	0	0	0	13
179	assemblage-647-581	0	0	0	0	0	0	0	0	0	0	0	0	0	0	0	0	0	0	0	0	0	0	0	0	0	0	16	0	0	299	0	0	0	0	0	0	0	0	0	0	0	0	0	0	0	0	0	0	0	0	157	0	0	0	0	0	0	0	0	28
179	assemblage-453-876	25	0	108	0	0	0	0	0	0	0	0	0	0	0	0	0	0	0	269	0	14	0	0	0	0	0	0	0	0	0	0	0	0	0	0	0	0	9	10	0	0	0	0	0	36	0	0	0	0	0	9	0	0	0	0	0	0	0	0	20

180	assemblage-570-753	0	0	0	0	0	0	0	0	0	0	33	0	0	0	0	0	0	6	0	136	0	0	0	0	0	0	0	5	0	15	0	0	0	109	0	0	54	0	0	0	0	0	0	0	0	129	0	0	0	0	0	0	0	0	0	0	0	0	0	13
180	assemblage-647-581	0	0	0	0	0	0	0	0	0	0	0	0	0	0	0	0	0	0	0	0	0	0	0	0	0	0	16	0	0	299	0	0	0	0	0	0	0	0	0	0	0	0	0	0	0	0	0	0	0	0	157	0	0	0	0	0	0	0	0	28
180	assemblage-359-992	0	0	0	0	0	0	0	178	0	0	0	33	0	0	0	0	0	0	96	0	111	0	0	0	0	0	0	0	0	0	0	0	0	0	0	0	0	0	0	0	0	0	0	6	59	0	0	0	0	0	0	0	0	0	0	0	0	3	0	14

181	assemblage-570-753	0	0	0	0	0	0	0	0	0	0	33	0	0	0	0	0	0	6	0	136	0	0	0	0	0	0	0	5	0	15	0	0	0	109	0	0	54	0	0	0	0	0	0	0	0	129	0	0	0	0	0	0	0	0	0	0	0	0	0	13
181	assemblage-647-581	0	0	0	0	0	0	0	0	0	0	0	0	0	0	0	0	0	0	0	0	0	0	0	0	0	0	16	0	0	299	0	0	0	0	0	0	0	0	0	0	0	0	0	0	0	0	0	0	0	0	157	0	0	0	0	0	0	0	0	28
181	assemblage-586-290	0	0	0	0	0	12	0	0	0	0	0	0	17	0	0	0	0	0	78	0	10	0	0	0	0	0	0	0	0	0	0	0	0	0	0	0	0	0	0	0	0	0	0	0	345	0	20	0	0	0	0	0	9	0	0	0	0	3	0	6

182	assemblage-570-753	0	0	0	0	0	0	0	0	0	0	33	0	0	0	0	0	0	6	0	136	0	0	0	0	0	0	0	5	0	15	0	0	0	109	0	0	54	0	0	0	0	0	0	0	0	129	0	0	0	0	0	0	0	0	0	0	0	0	0	13
182	assemblage-647-581	0	0	0	0	0	0	0	0	0	0	0	0	0	0	0	0	0	0	0	0	0	0	0	0	0	0	16	0	0	299	0	0	0	0	0	0	0	0	0	0	0	0	0	0	0	0	0	0	0	0	157	0	0	0	0	0	0	0	0	28
182	assemblage-178-720	0	0	0	0	0	0	0	0	0	0	0	0	108	0	0	0	0	0	79	0	197	0	0	0	0	0	0	0	0	0	0	0	0	0	0	0	0	0	0	0	0	0	0	0	0	0	0	0	0	0	5	0	0	0	0	0	0	98	0	13

183	assemblage-570-753	0	0	0	0	0	0	0	0	0	0	33	0	0	0	0	0	0	6	0	136	0	0	0	0	0	0	0	5	0	15	0	0	0	109	0	0	54	0	0	0	0	0	0	0	0	129	0	0	0	0	0	0	0	0	0	0	0	0	0	13
183	assemblage-647-581	0	0	0	0	0	0	0	0	0	0	0	0	0	0	0	0	0	0	0	0	0	0	0	0	0	0	16	0	0	299	0	0	0	0	0	0	0	0	0	0	0	0	0	0	0	0	0	0	0	0	157	0	0	0	0	0	0	0	0	28
183	assemblage-494-173	0	0	0	0	0	0	0	0	0	0	0	0	0	0	0	0	0	0	45	0	285	0	0	0	0	0	0	0	105	0	0	0	0	0	0	0	0	0	0	0	0	0	0	0	33	0	0	0	0	0	0	0	0	0	0	16	0	0	0	16

184	assemblage-570-753	0	0	0	0	0	0	0	0	0	0	33	0	0	0	0	0	0	6	0	136	0	0	0	0	0	0	0	5	0	15	0	0	0	109	0	0	54	0	0	0	0	0	0	0	0	129	0	0	0	0	0	0	0	0	0	0	0	0	0	13
184	assemblage-647-581	0	0	0	0	0	0	0	0	0	0	0	0	0	0	0	0	0	0	0	0	0	0	0	0	0	0	16	0	0	299	0	0	0	0	0	0	0	0	0	0	0	0	0	0	0	0	0	0	0	0	157	0	0	0	0	0	0	0	0	28
184	assemblage-110-107	0	0	0	0	0	0	47	0	0	0	0	0	0	0	0	0	12	0	0	0	0	0	0	0	0	0	0	0	0	0	0	0	0	0	0	4	0	0	0	0	0	0	0	0	403	0	0	0	0	0	0	17	0	0	0	0	11	0	0	6

185	assemblage-570-753	0	0	0	0	0	0	0	0	0	0	33	0	0	0	0	0	0	6	0	136	0	0	0	0	0	0	0	5	0	15	0	0	0	109	0	0	54	0	0	0	0	0	0	0	0	129	0	0	0	0	0	0	0	0	0	0	0	0	0	13
185	assemblage-647-581	0	0	0	0	0	0	0	0	0	0	0	0	0	0	0	0	0	0	0	0	0	0	0	0	0	0	16	0	0	299	0	0	0	0	0	0	0	0	0	0	0	0	0	0	0	0	0	0	0	0	157	0	0	0	0	0	0	0	0	28
185	assemblage-126-731	40	0	87	0	0	0	0	0	0	0	0	0	0	0	0	0	0	0	297	0	10	0	0	0	0	0	0	0	0	0	0	0	0	0	0	0	0	10	11	0	0	0	0	0	23	0	0	0	0	0	9	0	0	0	0	0	0	0	0	13

186	assemblage-570-753	0	0	0	0	0	0	0	0	0	0	33	0	0	0	0	0	0	6	0	136	0	0	0	0	0	0	0	5	0	15	0	0	0	109	0	0	54	0	0	0	0	0	0	0	0	129	0	0	0	0	0	0	0	0	0	0	0	0	0	13
186	assemblage-359-470	0	0	17	0	0	0	0	0	0	0	0	0	0	0	0	0	0	0	0	0	89	0	71	0	0	0	0	0	0	0	0	0	0	0	0	0	6	0	0	0	0	0	0	0	117	0	0	0	0	0	161	0	0	0	17	0	0	0	0	22
186	assemblage-453-876	25	0	108	0	0	0	0	0	0	0	0	0	0	0	0	0	0	0	269	0	14	0	0	0	0	0	0	0	0	0	0	0	0	0	0	0	0	9	10	0	0	0	0	0	36	0	0	0	0	0	9	0	0	0	0	0	0	0	0	20

187	assemblage-570-753	0	0	0	0	0	0	0	0	0	0	33	0	0	0	0	0	0	6	0	136	0	0	0	0	0	0	0	5	0	15	0	0	0	109	0	0	54	0	0	0	0	0	0	0	0	129	0	0	0	0	0	0	0	0	0	0	0	0	0	13
187	assemblage-359-470	0	0	17	0	0	0	0	0	0	0	0	0	0	0	0	0	0	0	0	0	89	0	71	0	0	0	0	0	0	0	0	0	0	0	0	0	6	0	0	0	0	0	0	0	117	0	0	0	0	0	161	0	0	0	17	0	0	0	0	22
187	assemblage-359-992	0	0	0	0	0	0	0	178	0	0	0	33	0	0	0	0	0	0	96	0	111	0	0	0	0	0	0	0	0	0	0	0	0	0	0	0	0	0	0	0	0	0	0	6	59	0	0	0	0	0	0	0	0	0	0	0	0	3	0	14

188	assemblage-570-753	0	0	0	0	0	0	0	0	0	0	33	0	0	0	0	0	0	6	0	136	0	0	0	0	0	0	0	5	0	15	0	0	0	109	0	0	54	0	0	0	0	0	0	0	0	129	0	0	0	0	0	0	0	0	0	0	0	0	0	13
188	assemblage-359-470	0	0	17	0	0	0	0	0	0	0	0	0	0	0	0	0	0	0	0	0	89	0	71	0	0	0	0	0	0	0	0	0	0	0	0	0	6	0	0	0	0	0	0	0	117	0	0	0	0	0	161	0	0	0	17	0	0	0	0	22
188	assemblage-586-290	0	0	0	0	0	12	0	0	0	0	0	0	17	0	0	0	0	0	78	0	10	0	0	0	0	0	0	0	0	0	0	0	0	0	0	0	0	0	0	0	0	0	0	0	345	0	20	0	0	0	0	0	9	0	0	0	0	3	0	6

189	assemblage-570-753	0	0	0	0	0	0	0	0	0	0	33	0	0	0	0	0	0	6	0	136	0	0	0	0	0	0	0	5	0	15	0	0	0	109	0	0	54	0	0	0	0	0	0	0	0	129	0	0	0	0	0	0	0	0	0	0	0	0	0	13
189	assemblage-359-470	0	0	17	0	0	0	0	0	0	0	0	0	0	0	0	0	0	0	0	0	89	0	71	0	0	0	0	0	0	0	0	0	0	0	0	0	6	0	0	0	0	0	0	0	117	0	0	0	0	0	161	0	0	0	17	0	0	0	0	22
189	assemblage-178-720	0	0	0	0	0	0	0	0	0	0	0	0	108	0	0	0	0	0	79	0	197	0	0	0	0	0	0	0	0	0	0	0	0	0	0	0	0	0	0	0	0	0	0	0	0	0	0	0	0	0	5	0	0	0	0	0	0	98	0	13

190	assemblage-570-753	0	0	0	0	0	0	0	0	0	0	33	0	0	0	0	0	0	6	0	136	0	0	0	0	0	0	0	5	0	15	0	0	0	109	0	0	54	0	0	0	0	0	0	0	0	129	0	0	0	0	0	0	0	0	0	0	0	0	0	13
190	assemblage-359-470	0	0	17	0	0	0	0	0	0	0	0	0	0	0	0	0	0	0	0	0	89	0	71	0	0	0	0	0	0	0	0	0	0	0	0	0	6	0	0	0	0	0	0	0	117	0	0	0	0	0	161	0	0	0	17	0	0	0	0	22
190	assemblage-494-173	0	0	0	0	0	0	0	0	0	0	0	0	0	0	0	0	0	0	45	0	285	0	0	0	0	0	0	0	105	0	0	0	0	0	0	0	0	0	0	0	0	0	0	0	33	0	0	0	0	0	0	0	0	0	0	16	0	0	0	16

191	assemblage-570-753	0	0	0	0	0	0	0	0	0	0	33	0	0	0	0	0	0	6	0	136	0	0	0	0	0	0	0	5	0	15	0	0	0	109	0	0	54	0	0	0	0	0	0	0	0	129	0	0	0	0	0	0	0	0	0	0	0	0	0	13
191	assemblage-359-470	0	0	17	0	0	0	0	0	0	0	0	0	0	0	0	0	0	0	0	0	89	0	71	0	0	0	0	0	0	0	0	0	0	0	0	0	6	0	0	0	0	0	0	0	117	0	0	0	0	0	161	0	0	0	17	0	0	0	0	22
191	assemblage-110-107	0	0	0	0	0	0	47	0	0	0	0	0	0	0	0	0	12	0	0	0	0	0	0	0	0	0	0	0	0	0	0	0	0	0	0	4	0	0	0	0	0	0	0	0	403	0	0	0	0	0	0	17	0	0	0	0	11	0	0	6

192	assemblage-570-753	0	0	0	0	0	0	0	0	0	0	33	0	0	0	0	0	0	6	0	136	0	0	0	0	0	0	0	5	0	15	0	0	0	109	0	0	54	0	0	0	0	0	0	0	0	129	0	0	0	0	0	0	0	0	0	0	0	0	0	13
192	assemblage-359-470	0	0	17	0	0	0	0	0	0	0	0	0	0	0	0	0	0	0	0	0	89	0	71	0	0	0	0	0	0	0	0	0	0	0	0	0	6	0	0	0	0	0	0	0	117	0	0	0	0	0	161	0	0	0	17	0	0	0	0	22
192	assemblage-126-731	40	0	87	0	0	0	0	0	0	0	0	0	0	0	0	0	0	0	297	0	10	0	0	0	0	0	0	0	0	0	0	0	0	0	0	0	0	10	11	0	0	0	0	0	23	0	0	0	0	0	9	0	0	0	0	0	0	0	0	13

193	assemblage-570-753	0	0	0	0	0	0	0	0	0	0	33	0	0	0	0	0	0	6	0	136	0	0	0	0	0	0	0	5	0	15	0	0	0	109	0	0	54	0	0	0	0	0	0	0	0	129	0	0	0	0	0	0	0	0	0	0	0	0	0	13
193	assemblage-441-458	0	0	19	0	0	0	0	0	28	0	17	0	0	0	0	0	0	0	130	0	44	0	0	0	0	0	0	0	0	0	0	0	0	0	0	0	113	0	0	0	0	0	0	0	132	0	0	9	0	0	0	0	0	0	0	0	0	0	0	8
193	assemblage-586-290	0	0	0	0	0	12	0	0	0	0	0	0	17	0	0	0	0	0	78	0	10	0	0	0	0	0	0	0	0	0	0	0	0	0	0	0	0	0	0	0	0	0	0	0	345	0	20	0	0	0	0	0	9	0	0	0	0	3	0	6

194	assemblage-570-753	0	0	0	0	0	0	0	0	0	0	33	0	0	0	0	0	0	6	0	136	0	0	0	0	0	0	0	5	0	15	0	0	0	109	0	0	54	0	0	0	0	0	0	0	0	129	0	0	0	0	0	0	0	0	0	0	0	0	0	13
194	assemblage-441-458	0	0	19	0	0	0	0	0	28	0	17	0	0	0	0	0	0	0	130	0	44	0	0	0	0	0	0	0	0	0	0	0	0	0	0	0	113	0	0	0	0	0	0	0	132	0	0	9	0	0	0	0	0	0	0	0	0	0	0	8
194	assemblage-346-467	0	0	19	0	0	0	0	0	31	0	16	0	0	0	0	0	0	0	134	0	21	0	0	0	0	0	0	0	0	0	0	0	0	0	6	0	122	0	0	0	0	0	0	0	141	0	0	5	0	0	0	0	0	0	0	0	0	0	0	5

195	assemblage-570-753	0	0	0	0	0	0	0	0	0	0	33	0	0	0	0	0	0	6	0	136	0	0	0	0	0	0	0	5	0	15	0	0	0	109	0	0	54	0	0	0	0	0	0	0	0	129	0	0	0	0	0	0	0	0	0	0	0	0	0	13
195	assemblage-441-458	0	0	19	0	0	0	0	0	28	0	17	0	0	0	0	0	0	0	130	0	44	0	0	0	0	0	0	0	0	0	0	0	0	0	0	0	113	0	0	0	0	0	0	0	132	0	0	9	0	0	0	0	0	0	0	0	0	0	0	8
195	assemblage-715-624	0	0	17	0	0	0	0	0	29	0	10	0	0	0	0	0	0	0	145	0	40	0	0	0	0	0	0	0	0	0	0	0	0	0	7	0	122	0	0	0	0	0	0	0	122	0	0	3	0	0	0	0	0	0	0	0	0	0	0	5

196	assemblage-570-753	0	0	0	0	0	0	0	0	0	0	33	0	0	0	0	0	0	6	0	136	0	0	0	0	0	0	0	5	0	15	0	0	0	109	0	0	54	0	0	0	0	0	0	0	0	129	0	0	0	0	0	0	0	0	0	0	0	0	0	13
196	assemblage-441-458	0	0	19	0	0	0	0	0	28	0	17	0	0	0	0	0	0	0	130	0	44	0	0	0	0	0	0	0	0	0	0	0	0	0	0	0	113	0	0	0	0	0	0	0	132	0	0	9	0	0	0	0	0	0	0	0	0	0	0	8
196	assemblage-110-107	0	0	0	0	0	0	47	0	0	0	0	0	0	0	0	0	12	0	0	0	0	0	0	0	0	0	0	0	0	0	0	0	0	0	0	4	0	0	0	0	0	0	0	0	403	0	0	0	0	0	0	17	0	0	0	0	11	0	0	6

197	assemblage-570-753	0	0	0	0	0	0	0	0	0	0	33	0	0	0	0	0	0	6	0	136	0	0	0	0	0	0	0	5	0	15	0	0	0	109	0	0	54	0	0	0	0	0	0	0	0	129	0	0	0	0	0	0	0	0	0	0	0	0	0	13
197	assemblage-188-884	0	0	0	0	0	0	0	0	0	0	0	0	0	0	0	0	0	0	196	0	276	0	0	0	0	0	0	0	0	0	0	0	0	0	0	0	0	0	0	0	0	0	0	0	0	0	0	0	0	0	0	0	0	0	0	0	0	7	0	21
197	assemblage-453-876	25	0	108	0	0	0	0	0	0	0	0	0	0	0	0	0	0	0	269	0	14	0	0	0	0	0	0	0	0	0	0	0	0	0	0	0	0	9	10	0	0	0	0	0	36	0	0	0	0	0	9	0	0	0	0	0	0	0	0	20

198	assemblage-570-753	0	0	0	0	0	0	0	0	0	0	33	0	0	0	0	0	0	6	0	136	0	0	0	0	0	0	0	5	0	15	0	0	0	109	0	0	54	0	0	0	0	0	0	0	0	129	0	0	0	0	0	0	0	0	0	0	0	0	0	13
198	assemblage-188-884	0	0	0	0	0	0	0	0	0	0	0	0	0	0	0	0	0	0	196	0	276	0	0	0	0	0	0	0	0	0	0	0	0	0	0	0	0	0	0	0	0	0	0	0	0	0	0	0	0	0	0	0	0	0	0	0	0	7	0	21
198	assemblage-359-992	0	0	0	0	0	0	0	178	0	0	0	33	0	0	0	0	0	0	96	0	111	0	0	0	0	0	0	0	0	0	0	0	0	0	0	0	0	0	0	0	0	0	0	6	59	0	0	0	0	0	0	0	0	0	0	0	0	3	0	14

199	assemblage-570-753	0	0	0	0	0	0	0	0	0	0	33	0	0	0	0	0	0	6	0	136	0	0	0	0	0	0	0	5	0	15	0	0	0	109	0	0	54	0	0	0	0	0	0	0	0	129	0	0	0	0	0	0	0	0	0	0	0	0	0	13
199	assemblage-188-884	0	0	0	0	0	0	0	0	0	0	0	0	0	0	0	0	0	0	196	0	276	0	0	0	0	0	0	0	0	0	0	0	0	0	0	0	0	0	0	0	0	0	0	0	0	0	0	0	0	0	0	0	0	0	0	0	0	7	0	21
199	assemblage-586-290	0	0	0	0	0	12	0	0	0	0	0	0	17	0	0	0	0	0	78	0	10	0	0	0	0	0	0	0	0	0	0	0	0	0	0	0	0	0	0	0	0	0	0	0	345	0	20	0	0	0	0	0	9	0	0	0	0	3	0	6

200	assemblage-570-753	0	0	0	0	0	0	0	0	0	0	33	0	0	0	0	0	0	6	0	136	0	0	0	0	0	0	0	5	0	15	0	0	0	109	0	0	54	0	0	0	0	0	0	0	0	129	0	0	0	0	0	0	0	0	0	0	0	0	0	13
200	assemblage-188-884	0	0	0	0	0	0	0	0	0	0	0	0	0	0	0	0	0	0	196	0	276	0	0	0	0	0	0	0	0	0	0	0	0	0	0	0	0	0	0	0	0	0	0	0	0	0	0	0	0	0	0	0	0	0	0	0	0	7	0	21
200	assemblage-178-720	0	0	0	0	0	0	0	0	0	0	0	0	108	0	0	0	0	0	79	0	197	0	0	0	0	0	0	0	0	0	0	0	0	0	0	0	0	0	0	0	0	0	0	0	0	0	0	0	0	0	5	0	0	0	0	0	0	98	0	13

201	assemblage-570-753	0	0	0	0	0	0	0	0	0	0	33	0	0	0	0	0	0	6	0	136	0	0	0	0	0	0	0	5	0	15	0	0	0	109	0	0	54	0	0	0	0	0	0	0	0	129	0	0	0	0	0	0	0	0	0	0	0	0	0	13
201	assemblage-188-884	0	0	0	0	0	0	0	0	0	0	0	0	0	0	0	0	0	0	196	0	276	0	0	0	0	0	0	0	0	0	0	0	0	0	0	0	0	0	0	0	0	0	0	0	0	0	0	0	0	0	0	0	0	0	0	0	0	7	0	21
201	assemblage-494-173	0	0	0	0	0	0	0	0	0	0	0	0	0	0	0	0	0	0	45	0	285	0	0	0	0	0	0	0	105	0	0	0	0	0	0	0	0	0	0	0	0	0	0	0	33	0	0	0	0	0	0	0	0	0	0	16	0	0	0	16

202	assemblage-570-753	0	0	0	0	0	0	0	0	0	0	33	0	0	0	0	0	0	6	0	136	0	0	0	0	0	0	0	5	0	15	0	0	0	109	0	0	54	0	0	0	0	0	0	0	0	129	0	0	0	0	0	0	0	0	0	0	0	0	0	13
202	assemblage-188-884	0	0	0	0	0	0	0	0	0	0	0	0	0	0	0	0	0	0	196	0	276	0	0	0	0	0	0	0	0	0	0	0	0	0	0	0	0	0	0	0	0	0	0	0	0	0	0	0	0	0	0	0	0	0	0	0	0	7	0	21
202	assemblage-110-107	0	0	0	0	0	0	47	0	0	0	0	0	0	0	0	0	12	0	0	0	0	0	0	0	0	0	0	0	0	0	0	0	0	0	0	4	0	0	0	0	0	0	0	0	403	0	0	0	0	0	0	17	0	0	0	0	11	0	0	6

203	assemblage-570-753	0	0	0	0	0	0	0	0	0	0	33	0	0	0	0	0	0	6	0	136	0	0	0	0	0	0	0	5	0	15	0	0	0	109	0	0	54	0	0	0	0	0	0	0	0	129	0	0	0	0	0	0	0	0	0	0	0	0	0	13
203	assemblage-188-884	0	0	0	0	0	0	0	0	0	0	0	0	0	0	0	0	0	0	196	0	276	0	0	0	0	0	0	0	0	0	0	0	0	0	0	0	0	0	0	0	0	0	0	0	0	0	0	0	0	0	0	0	0	0	0	0	0	7	0	21
203	assemblage-126-731	40	0	87	0	0	0	0	0	0	0	0	0	0	0	0	0	0	0	297	0	10	0	0	0	0	0	0	0	0	0	0	0	0	0	0	0	0	10	11	0	0	0	0	0	23	0	0	0	0	0	9	0	0	0	0	0	0	0	0	13

204	assemblage-570-753	0	0	0	0	0	0	0	0	0	0	33	0	0	0	0	0	0	6	0	136	0	0	0	0	0	0	0	5	0	15	0	0	0	109	0	0	54	0	0	0	0	0	0	0	0	129	0	0	0	0	0	0	0	0	0	0	0	0	0	13
204	assemblage-805-544	0	0	0	0	0	0	0	0	0	0	0	0	0	0	0	0	0	0	229	0	241	0	0	0	0	0	0	0	0	0	0	0	0	0	0	0	0	0	0	0	0	0	0	0	0	0	0	0	0	0	0	0	0	0	0	0	0	3	0	27
204	assemblage-453-876	25	0	108	0	0	0	0	0	0	0	0	0	0	0	0	0	0	0	269	0	14	0	0	0	0	0	0	0	0	0	0	0	0	0	0	0	0	9	10	0	0	0	0	0	36	0	0	0	0	0	9	0	0	0	0	0	0	0	0	20

205	assemblage-570-753	0	0	0	0	0	0	0	0	0	0	33	0	0	0	0	0	0	6	0	136	0	0	0	0	0	0	0	5	0	15	0	0	0	109	0	0	54	0	0	0	0	0	0	0	0	129	0	0	0	0	0	0	0	0	0	0	0	0	0	13
205	assemblage-805-544	0	0	0	0	0	0	0	0	0	0	0	0	0	0	0	0	0	0	229	0	241	0	0	0	0	0	0	0	0	0	0	0	0	0	0	0	0	0	0	0	0	0	0	0	0	0	0	0	0	0	0	0	0	0	0	0	0	3	0	27
205	assemblage-359-992	0	0	0	0	0	0	0	178	0	0	0	33	0	0	0	0	0	0	96	0	111	0	0	0	0	0	0	0	0	0	0	0	0	0	0	0	0	0	0	0	0	0	0	6	59	0	0	0	0	0	0	0	0	0	0	0	0	3	0	14

206	assemblage-570-753	0	0	0	0	0	0	0	0	0	0	33	0	0	0	0	0	0	6	0	136	0	0	0	0	0	0	0	5	0	15	0	0	0	109	0	0	54	0	0	0	0	0	0	0	0	129	0	0	0	0	0	0	0	0	0	0	0	0	0	13
206	assemblage-805-544	0	0	0	0	0	0	0	0	0	0	0	0	0	0	0	0	0	0	229	0	241	0	0	0	0	0	0	0	0	0	0	0	0	0	0	0	0	0	0	0	0	0	0	0	0	0	0	0	0	0	0	0	0	0	0	0	0	3	0	27
206	assemblage-586-290	0	0	0	0	0	12	0	0	0	0	0	0	17	0	0	0	0	0	78	0	10	0	0	0	0	0	0	0	0	0	0	0	0	0	0	0	0	0	0	0	0	0	0	0	345	0	20	0	0	0	0	0	9	0	0	0	0	3	0	6

207	assemblage-570-753	0	0	0	0	0	0	0	0	0	0	33	0	0	0	0	0	0	6	0	136	0	0	0	0	0	0	0	5	0	15	0	0	0	109	0	0	54	0	0	0	0	0	0	0	0	129	0	0	0	0	0	0	0	0	0	0	0	0	0	13
207	assemblage-805-544	0	0	0	0	0	0	0	0	0	0	0	0	0	0	0	0	0	0	229	0	241	0	0	0	0	0	0	0	0	0	0	0	0	0	0	0	0	0	0	0	0	0	0	0	0	0	0	0	0	0	0	0	0	0	0	0	0	3	0	27
207	assemblage-178-720	0	0	0	0	0	0	0	0	0	0	0	0	108	0	0	0	0	0	79	0	197	0	0	0	0	0	0	0	0	0	0	0	0	0	0	0	0	0	0	0	0	0	0	0	0	0	0	0	0	0	5	0	0	0	0	0	0	98	0	13

208	assemblage-570-753	0	0	0	0	0	0	0	0	0	0	33	0	0	0	0	0	0	6	0	136	0	0	0	0	0	0	0	5	0	15	0	0	0	109	0	0	54	0	0	0	0	0	0	0	0	129	0	0	0	0	0	0	0	0	0	0	0	0	0	13
208	assemblage-805-544	0	0	0	0	0	0	0	0	0	0	0	0	0	0	0	0	0	0	229	0	241	0	0	0	0	0	0	0	0	0	0	0	0	0	0	0	0	0	0	0	0	0	0	0	0	0	0	0	0	0	0	0	0	0	0	0	0	3	0	27
208	assemblage-494-173	0	0	0	0	0	0	0	0	0	0	0	0	0	0	0	0	0	0	45	0	285	0	0	0	0	0	0	0	105	0	0	0	0	0	0	0	0	0	0	0	0	0	0	0	33	0	0	0	0	0	0	0	0	0	0	16	0	0	0	16

209	assemblage-570-753	0	0	0	0	0	0	0	0	0	0	33	0	0	0	0	0	0	6	0	136	0	0	0	0	0	0	0	5	0	15	0	0	0	109	0	0	54	0	0	0	0	0	0	0	0	129	0	0	0	0	0	0	0	0	0	0	0	0	0	13
209	assemblage-805-544	0	0	0	0	0	0	0	0	0	0	0	0	0	0	0	0	0	0	229	0	241	0	0	0	0	0	0	0	0	0	0	0	0	0	0	0	0	0	0	0	0	0	0	0	0	0	0	0	0	0	0	0	0	0	0	0	0	3	0	27
209	assemblage-110-107	0	0	0	0	0	0	47	0	0	0	0	0	0	0	0	0	12	0	0	0	0	0	0	0	0	0	0	0	0	0	0	0	0	0	0	4	0	0	0	0	0	0	0	0	403	0	0	0	0	0	0	17	0	0	0	0	11	0	0	6

210	assemblage-570-753	0	0	0	0	0	0	0	0	0	0	33	0	0	0	0	0	0	6	0	136	0	0	0	0	0	0	0	5	0	15	0	0	0	109	0	0	54	0	0	0	0	0	0	0	0	129	0	0	0	0	0	0	0	0	0	0	0	0	0	13
210	assemblage-805-544	0	0	0	0	0	0	0	0	0	0	0	0	0	0	0	0	0	0	229	0	241	0	0	0	0	0	0	0	0	0	0	0	0	0	0	0	0	0	0	0	0	0	0	0	0	0	0	0	0	0	0	0	0	0	0	0	0	3	0	27
210	assemblage-126-731	40	0	87	0	0	0	0	0	0	0	0	0	0	0	0	0	0	0	297	0	10	0	0	0	0	0	0	0	0	0	0	0	0	0	0	0	0	10	11	0	0	0	0	0	23	0	0	0	0	0	9	0	0	0	0	0	0	0	0	13

211	assemblage-570-753	0	0	0	0	0	0	0	0	0	0	33	0	0	0	0	0	0	6	0	136	0	0	0	0	0	0	0	5	0	15	0	0	0	109	0	0	54	0	0	0	0	0	0	0	0	129	0	0	0	0	0	0	0	0	0	0	0	0	0	13
211	assemblage-805-544	0	0	0	0	0	0	0	0	0	0	0	0	0	0	0	0	0	0	229	0	241	0	0	0	0	0	0	0	0	0	0	0	0	0	0	0	0	0	0	0	0	0	0	0	0	0	0	0	0	0	0	0	0	0	0	0	0	3	0	27
211	assemblage-188-884	0	0	0	0	0	0	0	0	0	0	0	0	0	0	0	0	0	0	196	0	276	0	0	0	0	0	0	0	0	0	0	0	0	0	0	0	0	0	0	0	0	0	0	0	0	0	0	0	0	0	0	0	0	0	0	0	0	7	0	21

