Assemblage_Name	1-8772565-4	3-9738923-2	1-2176130-4	1-0-3400917	1890867-4-3422396	1-3649699-762503	1-0-4	1890867-7754903-7907793	1-3426791-4	1-0-987376	4-2-0	4-1-4	3631004-9738923-2	9999348-0-2	511657-4-2	1890867-4-2	5599119-0-2	2-2-4	1-0-8918043	1-0-4897039	1-0-501937	1-1865682-4	1-7818127-4	1-0-9508602	4-0-2	4-0-4	1-3729803-4	1-8721300-4	1-5092109-4	1890867-4-4671124	1-8721300-2498547	6491832-0-2	8856233-1576151-2	1-8048064-4	8856233-4-2	4-2052839-2	1-3966171-4	6044532-0-4	6871187-3649699-762503	1-0-5802458	1890867-3192141-7907793	2-0-0	1890867-4-7907793	1-8244117-4	1-8902268-4	4-2-4	0-3-1	700853-8902268-4	1-6566005-762503	6752932-4-2	2-0-9131800	1-0-9693754	5698442-3426791-4	1890867-8971647-2	1-0-1009823	1-0-3425565	3-4-5994303	2184408-2-4	3-4-2	7043296-3426791-4	1890867-4-927599	1-3037676-4244889	4-4236323-2	4-0-7520968	1-0-762503	6871187-271076-762503	752802-4-2	5770682-0-4	8047683-0-2
assemblage-606-522	0	0	0	0	0	0	10	0	310	0	0	0	0	0	0	0	0	0	0	0	0	0	0	0	0	0	0	0	0	0	0	0	0	0	0	0	0	0	0	34	0	0	18	0	5	0	0	0	0	0	0	0	6	0	0	57	0	0	0	56	0	0	0	0	0	0	0	0	4
assemblage-465-517	0	0	0	0	0	0	90	0	0	0	0	0	0	0	0	45	5	0	0	0	0	0	0	0	289	0	0	0	0	0	0	0	0	0	0	0	0	0	0	0	0	0	0	0	0	0	0	0	0	0	0	0	0	0	0	0	0	0	64	0	0	0	0	2	0	0	0	0	5
assemblage-714-270	0	0	0	0	0	139	145	0	0	0	0	0	0	0	0	0	0	0	0	0	0	0	0	0	0	0	0	0	0	0	0	0	0	0	6	0	0	0	8	0	0	0	17	0	0	0	0	0	23	0	0	0	0	0	0	130	0	0	0	0	0	0	0	0	6	11	0	0	15
assemblage-880-355	0	0	0	0	0	0	400	0	0	0	0	0	0	0	0	0	0	0	0	0	0	0	40	0	0	0	0	0	0	18	0	0	0	0	0	0	0	0	0	0	0	0	24	0	0	0	0	0	0	0	0	0	0	0	0	6	0	0	0	0	0	0	0	0	0	0	0	0	12
assemblage-618-410	0	0	12	0	0	0	208	0	0	0	0	0	0	0	0	72	0	0	0	0	0	0	0	0	113	0	0	0	0	0	0	0	0	0	0	0	0	0	0	0	0	0	0	0	0	0	0	0	0	42	0	0	0	0	0	0	0	0	42	0	0	0	0	0	0	0	0	0	11
assemblage-278-844	0	0	0	0	0	0	397	0	0	0	0	0	4	0	0	0	0	0	0	0	0	14	0	0	0	0	0	0	0	0	0	0	0	0	0	0	0	0	0	0	0	30	0	0	0	13	12	0	0	0	11	0	0	0	0	0	0	0	0	0	0	0	0	0	0	0	0	0	19
assemblage-721-269	0	0	0	0	0	0	412	0	5	0	0	0	0	0	0	0	0	0	0	0	0	0	0	0	0	0	0	0	0	0	0	0	0	0	0	0	0	0	0	18	0	0	6	10	0	0	0	0	0	0	0	0	0	0	21	5	0	0	0	0	0	0	0	0	7	0	0	0	16
assemblage-335-470	13	0	0	0	0	0	58	0	0	0	0	0	0	0	0	0	0	0	0	0	0	0	0	0	0	0	0	47	0	0	17	0	0	0	0	0	134	0	0	22	0	0	0	0	0	0	0	19	179	0	0	0	0	0	0	0	0	0	0	0	0	0	0	0	0	0	0	0	11
assemblage-835-252	0	0	0	0	0	0	28	0	10	0	0	0	0	0	0	0	0	0	16	0	0	0	0	0	0	0	0	0	0	0	0	0	0	0	0	0	0	0	0	386	0	0	22	0	26	0	0	0	0	0	0	0	0	0	0	8	0	0	0	0	0	0	0	0	0	0	0	0	4
assemblage-642-269	0	0	0	0	0	0	22	0	18	0	0	0	0	0	0	0	0	0	16	0	0	0	0	0	0	0	0	0	0	0	0	0	0	0	0	0	0	0	0	395	0	0	18	0	11	0	0	0	0	0	0	0	0	0	0	9	0	0	0	0	0	0	0	0	0	0	0	0	11
assemblage-639-530	0	0	0	0	0	0	16	0	17	0	0	0	0	0	0	0	0	0	17	0	0	0	0	0	0	0	0	0	0	0	0	0	0	0	0	0	0	0	0	410	0	0	15	0	8	0	0	0	0	0	0	0	0	0	0	13	0	0	0	0	0	0	0	0	0	0	0	0	4
assemblage-328-519	0	0	0	0	0	0	218	0	0	0	0	0	0	0	0	180	0	0	0	0	0	0	0	0	7	0	0	0	0	0	0	0	0	0	0	0	0	0	0	0	0	0	0	0	0	0	0	0	0	0	0	0	0	0	0	0	0	0	30	0	59	0	0	0	0	0	0	0	6
assemblage-393-858	0	0	0	0	0	0	79	0	0	0	0	54	0	0	0	0	0	0	0	0	0	0	0	0	210	0	0	0	0	0	0	0	0	0	0	0	0	0	0	0	0	0	0	0	0	105	0	0	0	0	0	0	0	0	0	0	0	0	35	0	0	0	0	0	0	0	0	0	17
assemblage-559-962	0	0	0	0	0	0	90	0	0	0	0	0	0	0	0	32	12	0	0	0	0	0	0	0	308	0	0	0	0	0	0	0	0	0	0	0	0	0	0	0	0	0	0	0	0	0	0	0	0	0	0	0	0	0	0	0	0	0	50	0	0	0	0	0	0	0	0	0	8
assemblage-388-886	0	0	0	0	0	0	107	0	0	0	0	50	0	0	0	0	0	0	0	0	0	0	0	0	197	0	0	0	0	0	0	0	0	0	0	0	0	0	0	0	0	0	0	0	0	90	0	0	0	0	0	0	0	0	0	0	0	0	38	0	0	0	0	0	0	0	0	0	18
assemblage-856-263	11	0	0	0	0	0	71	0	0	0	0	0	0	0	0	0	0	0	0	0	0	0	0	0	0	0	0	55	0	0	11	0	0	0	0	0	153	0	0	26	0	0	0	0	0	0	0	14	148	0	0	0	0	0	0	0	0	0	0	0	0	0	0	0	0	0	0	0	11
assemblage-652-638	0	0	0	0	0	0	0	0	0	0	47	0	0	0	0	12	0	0	0	0	0	0	0	0	10	121	0	0	0	0	0	0	0	0	0	0	0	0	0	0	0	0	0	0	0	43	0	0	0	0	0	0	0	0	0	0	0	0	251	0	0	0	0	0	0	0	0	0	16
assemblage-718-251	0	0	0	0	0	0	12	0	0	0	0	0	0	0	0	0	0	0	0	0	0	0	0	0	0	0	0	0	0	0	0	0	0	0	6	0	0	0	0	304	36	0	127	0	0	0	0	0	0	0	0	0	0	0	0	5	0	0	0	0	0	0	0	0	0	0	0	0	10
assemblage-601-535	0	0	0	0	0	0	5	0	305	0	0	0	0	0	0	0	0	0	0	0	0	0	0	0	0	0	0	0	0	0	0	0	0	0	0	0	0	0	0	35	0	0	24	0	0	0	0	0	0	0	0	0	4	0	0	62	0	0	0	50	0	0	0	0	0	0	0	0	15
assemblage-725-249	0	0	0	0	0	0	394	0	0	0	0	0	0	0	0	0	0	0	0	0	6	0	0	0	0	0	0	15	0	0	0	0	0	0	0	0	0	7	0	0	9	0	0	0	35	0	0	0	0	0	0	0	0	0	0	13	0	0	0	0	0	0	0	0	0	0	0	0	21
assemblage-829-605	0	0	0	0	0	0	357	0	0	0	0	0	0	0	0	0	0	0	0	0	0	0	0	0	7	0	0	0	8	0	0	0	0	0	13	0	0	0	0	0	0	0	56	0	0	0	0	0	0	0	0	0	0	0	0	0	0	0	0	0	0	0	0	0	48	0	0	0	11
assemblage-560-203	0	8	0	0	0	0	28	0	0	0	12	0	3	14	0	0	0	0	0	0	0	0	0	0	405	0	0	0	0	0	0	0	0	0	0	0	0	0	0	0	0	0	0	0	0	0	6	0	0	0	0	0	0	0	0	0	0	0	0	0	0	0	0	0	0	0	0	2	22
assemblage-446-522	0	0	0	0	0	0	96	0	0	0	0	0	0	0	0	30	6	0	0	0	0	0	0	0	302	0	0	0	0	0	0	0	0	0	0	0	0	0	0	0	0	0	0	0	0	0	0	0	0	0	0	0	0	0	0	0	0	0	58	0	0	0	0	3	0	0	0	0	5
assemblage-446-527	0	0	0	0	0	0	77	0	0	0	0	0	0	0	7	0	0	0	0	0	0	0	0	46	150	0	0	0	0	0	0	0	0	0	0	0	0	0	0	0	0	0	0	0	0	0	0	0	0	6	0	0	0	0	0	0	0	0	205	0	0	0	0	0	0	0	0	0	9
assemblage-219-905	0	0	0	0	0	0	0	0	0	0	0	0	0	0	0	68	0	0	0	0	0	0	0	0	34	0	0	0	0	0	0	0	122	0	237	0	0	0	0	0	0	0	0	0	0	0	0	0	0	0	0	0	0	0	0	0	0	0	19	0	0	0	0	0	0	0	9	0	11
assemblage-322-525	0	0	0	0	0	0	38	0	0	0	0	0	0	0	0	26	0	0	0	0	0	0	0	0	318	0	0	0	0	0	0	0	0	0	0	0	0	0	0	0	0	0	0	0	0	0	0	0	0	0	0	0	0	0	0	0	9	0	101	0	0	0	0	0	0	0	0	0	8
assemblage-812-667	0	0	0	0	0	0	372	0	0	0	0	0	0	0	0	0	0	0	0	0	0	0	0	0	5	0	0	0	0	0	0	0	0	0	12	0	0	0	0	0	0	0	54	0	0	0	0	0	0	0	0	0	0	0	0	0	0	0	0	0	0	0	0	0	44	0	0	0	13
assemblage-867-386	0	0	0	0	0	0	377	0	0	0	0	0	0	0	0	0	0	0	0	0	0	0	41	0	2	0	0	0	0	25	0	0	0	0	0	0	0	0	0	0	0	0	42	0	0	0	0	0	0	0	0	0	0	0	0	5	0	0	0	0	0	0	0	0	0	0	0	0	8
assemblage-331-534	0	0	0	0	0	0	46	0	0	0	0	0	0	0	0	26	0	0	0	0	0	0	0	0	295	0	0	0	0	0	0	0	0	0	0	0	0	0	0	0	0	0	0	0	0	0	0	0	0	0	0	0	0	0	0	0	4	0	121	0	0	0	0	0	0	0	0	0	8
assemblage-833-659	0	0	0	0	0	0	4	0	0	0	0	0	0	0	0	7	0	0	0	0	0	0	0	0	0	0	0	0	0	0	0	0	0	0	122	0	0	0	0	0	0	0	351	0	0	0	0	0	0	0	0	0	0	0	0	0	0	0	0	0	0	0	0	0	0	0	0	0	16
assemblage-636-636	0	0	0	0	0	0	0	0	0	0	37	0	0	0	0	4	0	0	0	0	0	0	0	0	19	103	0	0	0	0	0	0	0	0	0	0	0	0	0	0	0	0	0	0	0	39	0	0	0	0	0	0	0	0	0	0	0	0	277	0	0	0	0	0	0	0	0	0	21
assemblage-599-394	0	0	0	0	0	0	0	0	0	0	0	0	0	0	0	149	0	0	0	0	0	0	0	0	208	0	0	0	0	61	0	0	0	0	0	0	0	0	0	0	0	0	10	0	0	0	0	0	0	17	0	0	0	0	0	0	0	0	44	0	0	0	0	0	0	0	0	0	11
assemblage-914-640	0	0	0	0	0	0	417	0	6	0	0	0	0	0	0	0	0	0	0	0	0	0	0	0	0	0	0	0	0	0	0	0	0	0	0	0	0	0	0	16	0	0	4	10	0	0	0	0	0	0	0	0	0	0	26	7	0	0	0	0	0	0	0	0	4	0	0	0	10
assemblage-894-621	0	0	0	0	0	163	152	0	0	0	0	0	0	0	0	0	0	0	0	0	0	0	0	0	0	0	0	0	0	0	0	0	0	0	3	0	0	0	11	0	0	0	13	0	0	0	0	0	19	0	0	0	0	0	0	105	0	0	0	0	0	0	0	0	9	0	0	0	25
assemblage-860-366	0	0	0	0	0	0	365	0	0	0	0	0	0	0	0	0	0	0	0	0	0	0	56	0	2	0	0	0	0	13	0	0	0	0	0	0	0	0	0	0	0	0	38	0	0	0	0	0	0	0	0	0	0	0	0	12	0	0	0	0	0	0	0	0	0	0	0	0	14
assemblage-870-370	0	0	0	0	0	0	371	0	0	0	0	0	0	0	0	0	0	0	0	0	0	0	0	0	6	0	0	0	0	0	0	0	0	0	15	0	0	0	0	0	0	0	31	0	0	0	0	0	0	0	0	0	0	0	0	0	0	0	0	0	0	0	0	0	65	0	0	0	12
assemblage-306-834	0	0	0	0	0	0	376	0	0	0	0	0	0	0	0	0	0	0	0	0	0	7	0	0	6	0	4	0	0	0	0	0	0	0	0	0	0	0	0	0	0	23	0	0	0	25	8	0	0	0	21	0	0	0	0	0	0	0	0	0	0	0	0	0	0	0	0	6	24
assemblage-887-249	0	0	0	0	0	0	97	0	0	0	0	0	0	0	0	27	13	0	0	0	0	0	0	0	291	0	0	0	0	0	0	0	0	0	0	0	0	0	0	0	0	0	0	0	0	0	0	0	0	0	0	0	0	0	0	0	0	0	58	0	0	0	0	0	0	0	0	0	14
assemblage-328-523	0	0	0	0	0	0	85	0	0	0	0	0	0	0	0	28	8	0	0	0	0	0	0	0	323	0	0	0	0	0	0	0	0	0	0	0	0	0	0	0	0	0	0	0	0	0	0	0	0	0	0	0	0	0	0	0	0	0	44	0	0	0	0	0	0	0	0	0	12
assemblage-612-409	0	0	0	0	0	0	0	0	0	0	0	0	0	0	0	51	0	0	0	0	0	0	0	0	26	0	0	0	0	0	0	0	132	0	250	0	0	0	0	0	0	0	0	0	0	0	0	0	0	0	0	0	0	0	0	0	0	0	19	0	0	0	0	0	0	0	7	0	15
assemblage-887-245	0	0	0	0	0	0	50	0	0	0	0	0	0	0	0	21	0	0	0	0	0	0	0	0	315	0	0	0	0	0	0	0	0	0	0	0	0	0	0	0	0	0	0	0	0	0	0	0	0	0	0	0	0	0	0	0	6	0	102	0	0	0	0	0	0	0	0	0	6
assemblage-887-244	0	0	0	0	0	0	218	0	0	0	0	0	0	0	0	194	0	0	0	0	0	0	0	0	7	0	0	0	0	0	0	0	0	0	0	0	0	0	0	0	0	0	0	0	0	0	0	0	0	0	0	0	0	0	0	0	0	0	29	0	46	0	0	0	0	0	0	0	6
assemblage-320-522	0	0	0	0	0	0	215	0	0	0	0	0	0	0	0	192	0	0	0	0	0	0	0	0	7	0	0	0	0	0	0	0	0	0	0	0	0	0	0	0	0	0	0	0	0	0	0	0	0	0	0	0	0	0	0	0	0	0	30	0	54	0	0	0	0	0	0	0	2
assemblage-844-948	0	0	0	0	0	0	0	0	0	0	0	0	0	0	0	146	0	0	0	0	0	0	0	0	38	0	0	0	0	0	0	0	0	0	0	0	0	0	0	0	0	0	257	0	0	0	0	0	0	0	0	0	0	14	0	0	0	0	32	0	0	0	0	0	0	0	0	0	13
assemblage-905-637	0	0	0	0	0	0	411	0	6	0	0	0	0	0	0	0	0	0	0	0	0	0	0	0	0	0	0	0	0	0	0	0	0	0	0	0	0	0	0	14	0	0	0	11	0	0	0	0	0	0	0	0	0	0	25	8	0	0	0	0	0	0	0	0	9	0	0	0	16
assemblage-831-245	0	0	0	0	0	0	22	0	13	0	0	0	0	0	0	0	0	0	6	0	0	0	0	0	0	0	0	0	0	0	0	0	0	0	0	0	0	0	0	406	0	0	22	0	7	0	0	0	0	0	0	0	0	0	0	13	0	0	0	0	0	0	0	0	0	0	0	0	11
assemblage-316-844	0	0	0	0	0	0	400	0	0	0	0	0	0	0	0	0	0	0	0	0	0	2	0	0	0	0	3	0	0	0	0	0	0	0	0	0	0	0	0	0	0	31	0	0	0	16	0	0	0	0	17	0	0	0	0	0	0	0	0	0	0	0	0	0	0	0	0	0	31
assemblage-560-174	0	2	0	0	0	0	20	0	0	0	8	0	8	14	0	0	0	0	0	0	0	0	0	0	417	0	0	0	0	0	0	0	0	0	0	1	0	0	0	0	0	0	0	0	0	0	4	0	0	0	0	0	0	0	0	0	0	0	0	0	0	0	0	0	0	0	0	7	19
assemblage-721-259	0	0	0	0	0	0	404	0	0	0	0	0	0	0	0	0	0	0	0	0	0	0	0	0	0	0	0	0	0	0	0	0	0	0	0	0	0	0	0	13	0	0	16	9	0	0	0	0	0	0	0	0	0	0	23	9	0	0	0	0	0	0	0	0	11	0	0	0	15
assemblage-882-227	0	0	0	0	0	0	218	0	0	0	0	0	0	0	0	151	0	0	0	0	0	0	0	0	14	0	0	0	0	0	0	0	0	0	0	0	0	0	0	0	0	0	0	0	0	0	0	0	0	0	0	0	0	0	0	0	0	0	32	0	82	0	0	0	0	0	0	0	3
assemblage-741-603	0	0	0	0	0	0	410	0	7	0	0	0	0	0	0	0	0	0	0	0	0	0	0	0	0	0	0	0	0	0	0	0	0	0	0	0	0	0	0	23	0	0	9	12	0	0	0	0	0	0	0	0	0	0	18	3	0	0	0	0	0	0	0	0	6	0	0	0	12
assemblage-816-657	0	0	0	0	0	0	0	0	0	0	0	0	0	0	0	8	0	0	0	0	0	0	0	0	0	0	0	0	0	0	0	0	0	0	129	0	0	0	0	0	0	0	341	0	0	0	0	0	0	0	0	0	0	0	0	0	0	0	0	0	0	0	0	0	0	0	0	0	22
assemblage-227-897	0	0	30	0	0	0	219	0	0	0	0	0	0	0	0	77	0	0	0	0	0	0	0	0	107	0	0	0	0	0	0	0	0	0	0	0	0	0	0	0	0	0	0	0	0	0	0	0	0	9	0	0	0	0	0	0	0	0	35	0	0	0	0	0	0	0	0	0	23
assemblage-314-450	4	0	0	0	0	0	83	0	0	0	0	0	0	0	0	0	0	0	0	0	0	0	0	0	0	0	0	58	0	0	10	0	0	0	0	0	127	0	0	21	0	0	0	0	0	0	0	21	159	0	0	0	0	0	0	0	0	0	0	0	0	0	0	0	0	0	0	0	17
assemblage-443-504	0	0	0	0	0	0	78	0	0	0	0	0	0	0	5	0	0	0	0	0	0	0	0	42	154	0	0	0	0	0	0	0	0	0	0	0	0	0	0	0	0	0	0	0	0	0	0	0	0	8	0	0	0	0	0	0	0	0	208	0	0	0	0	0	0	0	0	0	5
assemblage-325-521	0	0	0	0	0	0	186	0	0	0	0	0	0	0	0	202	0	0	0	0	0	0	0	0	7	0	0	0	0	0	0	0	0	0	0	0	0	0	0	0	0	0	0	0	0	0	0	0	0	0	0	0	0	0	0	0	0	0	49	0	51	0	0	0	0	0	0	0	5
assemblage-834-258	0	0	0	0	0	0	0	0	305	0	0	0	0	0	0	0	0	0	0	0	0	0	0	0	0	0	0	0	0	0	0	0	0	0	0	0	0	0	0	35	0	0	32	0	0	0	0	0	0	0	0	0	9	0	0	43	0	0	0	60	0	0	0	0	0	0	0	0	16
assemblage-598-393	0	0	9	0	0	0	258	0	0	0	0	0	0	0	0	61	0	0	0	0	0	0	0	0	75	0	0	0	0	0	0	0	0	0	0	0	0	0	0	0	0	0	0	0	0	0	0	0	0	28	0	0	0	0	0	0	0	0	55	0	0	0	0	0	0	0	0	0	14
assemblage-822-600	0	0	0	0	0	0	372	0	0	0	0	0	0	0	0	0	0	0	0	0	0	0	44	0	0	0	0	0	0	14	0	0	0	0	0	0	0	0	0	0	0	0	40	0	0	0	0	0	0	0	0	0	0	0	0	9	0	0	0	0	0	0	0	0	0	0	0	0	21
assemblage-608-398	0	0	0	0	0	0	0	0	0	0	0	0	0	0	0	118	0	0	0	0	0	0	0	0	46	0	0	0	0	0	0	0	0	0	0	0	0	0	0	0	0	0	260	0	0	0	0	0	0	0	0	0	0	21	0	0	0	0	39	0	0	0	0	0	0	0	0	0	16
assemblage-331-486	0	0	0	0	0	0	33	14	0	0	0	0	0	0	0	0	0	0	0	0	0	0	0	0	0	0	0	0	0	0	0	0	0	0	0	0	0	0	0	385	0	0	15	0	0	0	0	0	0	0	0	22	0	0	0	17	0	0	0	0	0	0	0	0	0	0	0	0	14
assemblage-315-835	0	0	0	0	0	0	407	0	0	0	0	0	0	0	0	0	0	0	0	0	0	0	0	0	0	0	0	0	0	0	0	0	0	0	0	0	0	0	0	0	0	22	0	0	0	9	14	0	0	0	13	0	0	0	0	0	0	0	12	0	0	0	0	0	0	0	0	0	23
assemblage-563-186	0	8	0	0	0	0	34	0	0	0	19	0	6	12	0	0	0	0	0	0	0	0	0	0	383	0	0	0	0	0	0	0	0	0	0	0	0	0	0	0	0	0	0	0	0	12	7	0	0	0	0	0	0	0	0	0	0	0	0	0	0	0	0	0	0	0	0	6	13
assemblage-380-873	0	0	0	0	0	0	81	0	0	0	0	40	0	0	0	0	0	0	0	0	0	0	0	0	211	0	0	0	0	0	0	0	0	0	0	0	0	0	0	0	0	0	0	0	0	116	0	0	0	0	0	0	0	0	0	0	0	0	35	0	0	0	0	0	0	0	0	0	17
assemblage-640-541	0	0	0	0	0	0	7	0	303	0	0	0	0	0	0	0	0	0	0	0	0	0	0	0	0	0	0	0	0	0	0	0	0	0	0	0	0	0	0	32	0	0	23	0	9	0	0	0	0	0	0	0	5	0	0	59	0	0	0	55	0	0	0	0	0	0	0	0	7
assemblage-409-557	0	0	0	0	0	0	0	0	0	0	0	0	0	0	0	58	0	0	0	0	0	0	0	0	46	0	0	0	0	0	0	0	124	0	230	0	0	0	0	0	0	0	0	0	0	0	0	0	0	0	0	0	0	0	0	0	0	0	17	0	0	0	0	0	0	0	6	0	19
assemblage-712-246	0	0	0	0	0	0	412	0	0	0	0	0	0	0	0	0	0	0	0	7	12	0	0	0	0	0	0	4	0	0	0	0	0	0	0	0	0	3	0	0	11	0	0	0	31	0	0	0	0	0	0	0	0	0	0	4	0	0	0	0	0	0	0	0	0	0	0	0	16
assemblage-324-470	0	0	0	0	0	0	23	0	17	0	0	0	0	0	0	0	0	0	12	0	0	0	0	0	0	0	0	0	0	0	0	0	0	0	0	0	0	0	0	398	0	0	18	0	11	0	0	0	0	0	0	0	0	0	0	9	0	0	0	0	0	0	0	0	0	0	0	0	12
assemblage-567-203	0	7	0	0	0	0	30	0	0	0	9	0	11	13	0	0	0	0	0	0	0	0	0	0	393	0	0	0	0	0	0	0	0	0	0	0	0	0	0	0	0	0	0	0	0	0	7	0	0	0	0	0	0	0	0	0	0	0	4	0	0	0	0	0	0	0	0	8	18
assemblage-742-572	0	0	0	0	0	0	382	0	0	0	0	0	0	0	0	0	0	0	0	3	12	0	0	0	0	0	0	18	0	0	0	0	0	0	0	0	0	0	0	0	8	0	4	0	35	0	0	0	0	0	0	0	0	0	0	6	0	0	0	0	0	0	0	0	0	0	0	0	32
assemblage-626-532	0	0	0	0	0	0	33	15	0	0	0	0	0	0	0	0	0	0	0	0	0	0	0	0	0	0	0	0	0	0	0	0	0	0	0	0	0	0	0	363	0	0	33	0	0	0	0	0	0	0	0	33	0	0	0	5	0	0	0	0	0	0	0	0	0	0	0	0	18
assemblage-242-906	0	0	0	0	0	0	0	0	0	0	0	0	0	0	0	105	0	0	0	0	0	0	0	0	41	0	0	0	0	0	0	0	0	0	0	0	0	0	0	0	0	0	286	0	0	0	0	0	0	0	0	0	0	23	0	0	0	0	27	0	0	0	0	0	0	0	0	0	18
assemblage-841-591	0	0	0	0	0	0	0	0	0	0	0	0	0	0	0	6	0	0	0	0	0	0	0	0	0	0	0	0	0	0	0	0	0	0	121	0	0	0	0	0	0	0	365	0	0	0	0	0	0	0	0	0	0	0	0	0	0	0	0	0	0	0	0	0	0	0	0	0	8
assemblage-303-472	0	0	0	0	0	0	38	14	0	0	0	0	0	0	0	0	0	0	0	0	0	0	0	0	0	0	0	0	0	0	0	0	0	0	0	0	0	0	0	350	0	0	20	0	0	0	0	0	0	0	0	47	0	0	0	20	0	0	0	0	0	0	0	0	0	0	0	0	11
assemblage-639-275	6	0	0	0	0	0	64	0	0	0	0	0	0	0	0	0	0	0	0	0	0	0	0	0	0	0	0	63	0	0	9	0	0	0	0	0	154	0	0	16	0	0	0	0	0	0	0	15	154	0	0	0	0	0	0	0	0	0	0	0	0	0	0	0	0	0	0	0	19
assemblage-849-240	0	0	0	0	0	0	0	0	311	0	0	0	0	0	0	0	0	0	0	0	0	0	0	0	0	0	0	0	0	0	0	0	0	0	0	0	0	0	0	24	0	0	32	0	0	0	0	0	0	0	0	0	4	0	0	65	0	0	0	44	0	0	0	0	0	0	0	0	20
assemblage-409-860	0	0	0	0	0	0	75	0	0	0	0	34	0	0	0	0	0	0	0	0	0	0	0	0	235	0	0	0	0	0	0	0	0	0	0	0	0	0	0	0	0	0	0	0	0	101	0	0	0	0	0	0	0	0	0	0	0	0	44	0	0	0	0	0	0	0	0	0	11
assemblage-341-521	0	0	0	0	0	0	211	0	0	0	0	0	0	0	0	176	0	0	0	0	0	0	0	0	8	0	0	0	0	0	0	0	0	0	0	0	0	0	0	0	0	0	0	0	0	0	0	0	0	0	0	0	0	0	0	0	0	0	41	0	57	0	0	0	0	0	0	0	7
assemblage-663-387	0	0	0	0	0	0	383	0	8	0	0	0	0	0	0	0	0	0	0	0	0	0	0	0	0	0	0	0	0	0	0	0	0	0	0	0	0	0	0	24	0	0	8	17	0	0	0	0	0	0	0	0	0	0	28	10	0	0	0	0	0	0	0	0	0	0	0	0	22
assemblage-824-969	0	0	0	0	0	0	0	0	0	0	0	0	0	0	0	66	0	0	0	0	0	0	0	0	32	0	0	0	0	0	0	0	133	0	227	0	0	0	0	0	0	0	0	0	0	0	0	0	0	0	0	0	0	0	0	0	0	0	22	0	0	0	0	0	0	0	5	0	15
assemblage-861-363	0	0	0	0	0	0	29	0	0	0	0	0	0	0	0	0	0	0	0	0	0	0	0	0	0	0	0	0	0	113	0	0	0	0	44	0	0	0	0	0	107	0	9	0	0	0	0	0	0	0	0	0	0	0	0	159	0	0	0	0	0	7	0	0	0	0	0	0	32
assemblage-663-383	0	0	0	0	0	0	389	0	0	0	0	0	0	0	0	0	0	0	0	4	8	0	0	0	0	0	0	0	0	0	0	0	0	4	0	0	0	5	0	0	19	0	0	0	33	0	0	0	0	0	0	0	0	0	0	11	0	0	0	0	0	0	0	0	0	0	0	0	27
assemblage-841-247	0	0	0	0	0	0	15	0	15	0	0	0	0	0	0	0	0	0	8	0	0	0	0	0	0	0	0	0	0	0	0	0	0	0	0	0	0	0	0	410	0	0	25	0	6	0	0	0	0	0	0	0	0	0	0	11	0	0	0	0	0	0	0	0	0	0	0	0	10
assemblage-902-625	0	0	0	0	0	0	402	0	0	0	0	0	0	0	0	0	0	0	0	0	11	0	0	0	0	0	0	5	0	0	0	0	0	0	0	0	0	9	0	0	13	0	0	0	29	0	0	0	0	0	0	0	0	0	0	8	0	0	0	0	0	0	0	0	0	0	0	0	23
assemblage-554-200	0	14	0	0	0	0	20	0	0	0	22	0	13	12	0	0	0	0	0	0	0	0	0	0	393	0	0	0	0	0	0	0	0	0	0	2	0	0	0	0	0	0	0	0	0	0	10	0	0	0	0	0	0	0	0	0	0	0	0	0	0	0	0	0	0	0	0	0	14
assemblage-824-967	0	0	0	0	0	0	0	0	0	0	0	0	0	0	0	107	0	0	0	0	0	0	0	0	53	0	0	0	0	0	0	0	0	0	0	0	0	0	0	0	0	0	264	0	0	0	0	0	0	0	0	0	0	20	0	0	0	0	33	0	0	0	0	0	0	0	0	0	23
assemblage-721-243	0	0	0	0	0	0	12	0	0	0	0	0	0	0	0	0	0	0	0	0	0	0	0	0	0	0	0	0	0	0	0	0	0	0	0	0	0	0	0	276	40	0	145	0	0	0	0	0	0	0	0	0	0	0	0	10	0	0	0	0	0	0	0	0	0	0	0	0	17
assemblage-407-870	0	0	0	0	0	0	87	0	0	0	0	45	0	0	0	0	0	0	0	0	0	0	0	0	218	0	0	0	0	0	0	0	0	0	0	0	0	0	0	0	0	0	0	0	0	97	0	0	0	0	0	0	0	0	0	0	0	0	38	0	0	0	0	0	0	0	0	0	15
assemblage-566-967	0	0	0	0	0	0	50	0	0	0	0	0	0	0	5	0	0	0	0	0	0	0	0	38	171	0	0	0	0	0	0	0	0	0	0	0	0	0	0	0	0	0	0	0	0	0	0	0	0	0	0	0	0	0	0	0	0	0	224	0	0	0	0	0	0	0	0	0	12
assemblage-315-456	0	0	0	0	0	0	6	0	287	0	0	0	0	0	0	0	0	0	0	0	0	0	0	0	0	0	0	0	0	0	0	0	0	0	0	0	0	0	0	25	0	0	38	0	0	0	0	0	0	0	0	0	6	0	0	65	0	0	0	59	0	0	0	0	0	0	0	0	14
assemblage-393-879	0	0	0	0	0	0	108	0	0	0	0	57	0	0	0	0	0	0	0	0	0	0	0	0	203	0	0	0	0	0	0	0	0	0	0	0	0	0	0	0	0	0	0	0	0	83	0	0	0	0	0	0	0	0	0	0	0	0	31	0	0	0	0	0	0	0	0	0	18
assemblage-825-594	0	0	0	0	0	0	390	0	0	0	0	0	0	0	0	0	0	0	0	0	0	0	39	0	0	0	0	0	0	21	0	0	0	0	0	0	0	0	0	0	0	0	33	0	0	0	0	0	0	0	0	0	0	0	0	0	0	0	0	0	0	0	0	0	0	0	0	0	17
assemblage-406-541	0	0	17	0	0	0	221	0	0	0	0	0	0	0	0	87	0	0	0	0	0	0	0	0	89	0	0	0	0	0	0	0	0	0	0	0	0	0	0	0	0	0	0	0	0	0	0	0	0	25	0	0	0	0	0	0	0	0	39	0	0	0	0	0	0	0	0	0	22
assemblage-562-965	0	0	0	0	0	0	77	0	0	0	0	0	0	0	12	0	0	0	0	0	0	0	0	40	141	0	0	0	0	0	0	0	0	0	0	0	0	0	0	0	0	0	0	0	0	0	0	0	0	0	0	0	0	0	0	0	0	0	219	0	0	0	0	0	0	0	0	0	11
assemblage-875-237	0	0	0	0	0	0	80	0	0	0	0	0	0	0	10	0	0	0	0	0	0	0	0	43	142	0	0	0	0	0	0	0	0	0	0	0	0	0	0	0	0	0	0	0	0	0	0	0	0	8	0	0	0	0	0	0	0	0	214	0	0	0	0	0	0	0	0	0	3
assemblage-316-472	0	0	0	0	0	0	46	8	0	0	0	0	0	0	0	0	0	0	0	0	0	0	0	0	0	0	0	10	0	0	0	0	0	0	0	0	0	0	0	363	0	0	21	0	0	0	0	0	0	0	0	20	0	0	0	17	0	0	0	0	0	0	0	0	0	0	0	0	15
assemblage-233-899	0	0	19	0	0	0	220	0	0	0	0	0	0	0	0	71	0	0	0	0	0	0	0	0	100	0	0	0	0	0	0	0	0	0	0	0	0	0	0	0	0	0	0	0	0	0	0	0	0	30	0	0	0	0	0	0	0	0	49	0	0	0	0	0	0	0	0	0	11
assemblage-316-477	0	0	0	0	0	0	5	0	305	0	0	0	0	0	0	0	0	0	0	0	0	0	0	0	0	0	0	0	0	0	0	0	0	0	0	0	0	0	0	35	0	0	29	0	0	0	0	0	0	0	0	0	7	0	0	52	0	0	0	55	0	0	0	0	0	0	0	0	12
assemblage-574-203	0	9	0	0	0	0	21	0	0	0	4	0	14	4	0	0	0	0	0	0	0	0	0	0	397	0	0	0	0	0	0	0	0	0	0	9	0	0	0	0	0	0	0	0	0	10	15	0	0	0	0	0	0	0	0	0	0	0	0	0	0	0	0	0	0	0	0	0	17
assemblage-861-342	0	0	0	0	0	0	375	0	0	0	0	0	0	0	0	0	0	0	0	0	0	0	43	0	0	0	0	0	0	18	0	0	0	0	0	0	0	0	0	0	0	0	42	0	0	0	0	0	0	0	0	0	0	0	0	10	0	0	0	0	0	0	0	0	0	0	0	0	12
assemblage-454-511	0	0	0	0	0	0	80	0	0	0	0	0	0	0	0	0	0	0	0	0	0	0	0	39	145	0	0	0	0	0	0	0	0	0	0	0	0	0	0	0	0	0	0	0	0	0	0	0	0	10	0	0	0	0	0	0	0	0	211	0	0	0	0	0	0	0	0	0	15
assemblage-900-622	0	0	0	0	0	0	8	0	0	0	0	0	0	0	0	0	0	0	0	0	0	0	0	0	0	0	0	0	0	0	0	0	0	0	0	0	0	0	0	292	36	0	146	0	0	0	0	0	0	0	0	0	0	0	0	7	0	0	0	0	0	0	0	0	0	0	0	0	11
assemblage-648-626	0	0	0	0	0	0	0	0	0	0	30	0	0	0	0	7	0	0	0	0	0	0	0	0	18	97	0	0	0	0	0	0	0	0	0	0	0	0	0	0	0	0	0	0	0	60	0	0	0	0	0	0	0	0	0	0	0	0	257	0	0	0	0	0	0	0	0	0	31
assemblage-646-276	12	0	0	0	0	0	69	0	0	0	0	0	0	0	0	0	0	0	0	0	0	0	0	0	0	0	0	54	0	0	13	0	0	0	0	0	132	0	0	27	0	0	0	0	0	0	0	18	162	0	0	0	0	0	0	0	0	0	0	0	0	0	0	0	0	0	0	0	13
assemblage-843-255	0	0	0	0	0	0	32	10	9	0	0	0	0	0	0	0	0	0	0	0	0	0	0	0	0	0	0	0	0	0	0	0	0	0	0	0	0	0	0	371	0	0	18	0	0	0	0	0	0	0	0	24	0	0	0	16	0	0	0	0	0	0	0	0	0	0	0	0	20
assemblage-879-628	0	0	0	0	0	0	408	0	0	0	0	0	0	0	0	0	0	0	0	7	8	0	0	0	0	0	0	3	0	0	0	0	0	0	0	0	0	5	0	10	10	0	0	0	20	0	0	0	0	0	0	0	0	0	0	13	0	0	0	0	0	0	0	0	0	0	0	0	16
assemblage-672-417	0	0	0	0	0	0	9	0	0	0	0	0	0	0	0	0	0	0	0	0	0	0	0	0	0	0	0	0	0	0	0	0	0	0	0	0	0	0	0	295	38	0	131	0	0	0	0	0	0	0	0	0	0	0	0	9	0	0	0	0	0	0	0	0	0	0	0	0	18
assemblage-641-272	6	0	0	0	0	0	96	0	0	0	0	0	0	0	0	0	0	0	0	0	0	0	0	0	0	0	0	44	0	0	12	0	0	0	0	0	118	0	0	24	0	0	0	0	0	0	0	22	165	0	0	0	0	0	0	0	0	0	0	0	0	0	0	0	0	0	0	0	13
assemblage-623-535	9	0	0	0	0	0	72	0	6	0	0	0	0	0	0	0	0	0	0	0	0	0	0	0	0	0	0	51	0	0	15	0	0	0	0	0	146	0	0	23	0	0	0	0	0	0	0	15	156	0	0	0	0	0	0	0	0	0	0	0	0	0	0	0	0	0	0	0	7
assemblage-619-275	0	0	0	0	0	0	0	0	320	0	0	0	0	0	0	0	0	0	0	0	0	0	0	0	0	0	0	0	0	0	0	0	0	0	0	0	0	0	0	33	0	0	27	0	0	0	0	0	0	0	0	0	7	0	0	55	0	0	0	41	0	0	0	0	0	0	0	0	17
assemblage-828-944	0	0	0	0	0	0	59	0	0	0	0	0	0	0	0	76	0	0	0	0	0	0	0	0	84	0	0	0	0	16	0	0	28	0	82	0	0	0	0	0	0	0	81	0	0	0	0	0	0	28	0	0	0	0	0	0	0	0	29	0	0	0	0	0	0	0	0	0	17
assemblage-663-391	0	0	0	0	0	45	241	0	0	0	0	0	0	0	0	0	0	0	0	0	0	0	0	0	0	0	0	0	0	0	0	0	0	0	0	0	0	0	0	79	15	0	35	0	8	0	0	0	0	0	0	0	0	0	4	29	0	0	0	0	0	0	0	0	7	0	0	0	37
assemblage-899-644	0	0	0	0	0	0	12	0	0	0	0	0	0	0	0	0	0	0	0	0	0	0	0	0	0	0	0	0	0	0	0	0	0	0	6	0	0	0	0	278	29	0	150	0	0	0	0	0	0	0	0	0	0	0	0	15	0	0	0	0	0	0	0	0	0	0	0	0	10
assemblage-887-217	0	0	0	0	0	0	220	0	0	0	0	0	0	0	0	166	0	0	0	0	0	0	0	0	8	0	0	0	0	0	0	0	0	0	0	0	0	0	0	0	0	0	0	0	0	0	0	0	0	0	0	0	0	0	0	0	0	0	29	0	66	0	0	0	0	0	0	0	11
assemblage-794-958	0	0	0	0	0	0	0	0	0	0	0	0	0	0	0	63	0	0	0	0	0	0	0	0	34	0	0	0	0	0	0	0	136	0	216	0	0	0	0	0	0	0	0	0	0	0	0	0	0	0	0	0	0	0	0	0	0	0	24	0	0	0	0	0	0	0	10	0	17
assemblage-330-841	0	0	0	0	0	0	138	0	0	0	14	10	0	0	0	0	0	0	0	0	0	0	0	0	164	23	0	0	0	0	0	0	0	0	0	0	0	0	0	0	0	6	0	0	0	37	0	0	0	0	0	0	0	0	0	0	0	0	76	0	0	0	0	0	0	0	0	0	32
assemblage-630-262	0	0	0	0	0	0	55	15	0	0	0	0	0	0	0	0	0	0	0	0	0	0	0	0	0	0	0	0	0	0	0	0	0	0	0	0	0	0	0	355	0	0	14	0	0	0	0	0	0	0	0	26	0	0	0	18	0	0	0	0	0	0	0	0	0	0	0	0	17
assemblage-309-834	0	0	0	0	0	0	365	0	0	0	0	0	0	0	0	0	0	0	0	0	0	5	0	0	10	0	0	0	0	0	0	0	0	0	0	0	0	0	0	0	0	19	0	0	0	25	5	0	0	0	23	0	0	0	0	0	0	10	8	0	0	0	0	0	0	0	0	0	30
assemblage-561-976	0	0	0	0	0	0	45	0	0	0	0	0	0	0	0	22	0	0	0	0	0	0	0	0	301	0	0	0	0	0	0	0	0	0	0	0	0	0	0	0	0	0	0	0	0	0	0	0	0	0	0	0	0	0	0	0	4	0	115	0	0	0	0	0	0	0	0	0	13
assemblage-286-626	0	0	0	0	0	0	362	0	0	0	0	0	0	0	0	0	0	0	0	0	0	0	45	0	8	0	0	0	0	27	0	0	0	0	0	0	0	0	0	0	0	0	33	0	0	0	0	0	0	0	0	0	0	0	0	12	0	0	0	0	0	0	0	0	0	0	0	0	13
assemblage-302-608	0	0	0	0	0	0	33	0	0	0	0	0	0	0	0	6	0	0	0	0	0	0	0	0	0	0	0	0	0	106	0	0	0	0	21	0	0	0	0	0	162	0	2	0	0	0	0	0	0	0	0	0	0	0	0	147	0	0	0	0	0	0	0	0	0	0	0	0	23
assemblage-342-533	0	0	0	0	0	0	41	0	0	0	0	0	0	0	0	37	0	0	0	0	0	0	0	0	285	0	0	0	0	0	0	0	0	0	0	0	0	0	0	0	0	0	0	0	0	0	0	0	0	0	0	0	0	0	0	0	9	0	124	0	0	0	0	0	0	0	0	0	4
assemblage-329-453	2	0	0	0	0	0	73	0	8	0	0	0	0	0	0	0	0	0	0	0	0	0	0	0	0	0	0	51	0	0	15	0	0	0	0	0	148	0	0	26	0	0	0	0	0	0	0	19	150	0	0	0	0	0	0	0	0	0	0	0	0	0	0	0	0	0	0	0	8
assemblage-214-898	0	0	0	0	0	0	0	0	0	0	0	0	0	0	0	69	0	0	0	0	0	0	0	0	36	0	0	0	0	0	0	0	122	0	233	0	0	0	0	0	0	0	0	0	0	0	0	0	0	0	0	0	0	0	0	0	0	0	13	0	0	0	0	0	0	0	5	0	22
assemblage-559-199	0	14	0	0	0	0	28	0	0	0	5	0	4	4	0	0	0	0	0	0	0	0	0	0	406	0	0	0	0	0	0	0	0	0	0	0	0	0	0	0	0	0	0	0	0	4	6	0	0	0	0	0	0	0	0	0	0	0	0	0	0	0	0	0	0	0	0	10	19
assemblage-869-356	0	0	0	0	0	0	196	0	0	0	0	0	0	0	0	0	0	0	0	0	0	0	8	0	0	0	0	0	0	38	0	0	0	0	46	0	0	0	0	0	28	0	112	0	0	0	0	0	0	0	0	0	0	0	0	36	0	0	0	0	0	0	0	0	10	0	0	0	26
assemblage-821-660	0	0	0	0	0	0	389	0	0	0	0	0	0	0	0	0	0	0	0	0	0	0	51	0	0	0	0	0	0	13	0	0	0	0	0	0	0	0	0	0	0	0	29	0	0	0	0	0	0	0	0	0	0	0	0	10	0	0	0	0	0	0	0	0	0	0	0	0	8
assemblage-323-476	11	0	0	0	0	0	81	0	0	0	0	0	0	0	0	0	0	0	0	0	0	0	0	0	0	0	0	45	0	0	13	0	0	0	0	0	123	0	0	18	0	0	0	0	0	0	0	24	174	0	0	0	0	0	0	0	0	0	0	0	0	0	0	0	0	0	0	0	11
assemblage-562-973	0	0	0	0	0	0	88	0	0	0	0	0	0	0	0	36	3	0	0	0	0	0	0	0	309	0	0	0	0	0	0	0	0	0	0	0	0	0	0	0	0	0	0	0	0	0	0	0	0	0	0	0	0	0	0	0	0	0	53	0	0	0	0	0	0	0	0	0	11
assemblage-378-881	0	0	0	0	0	0	95	0	0	0	0	37	0	0	0	0	0	0	0	0	0	0	0	0	225	0	0	0	0	0	0	0	0	0	0	0	0	0	0	0	0	0	0	0	0	95	0	0	0	0	0	0	0	0	0	0	0	0	32	0	0	0	0	0	0	0	0	0	16
assemblage-460-510	0	0	0	0	0	0	204	0	0	0	0	0	0	0	0	186	0	0	0	0	0	0	0	0	10	0	0	0	0	0	0	0	0	0	0	0	0	0	0	0	0	0	0	0	0	0	0	0	0	0	0	0	0	0	0	0	0	0	38	0	55	0	0	0	0	0	0	0	7
assemblage-814-978	0	0	21	0	0	0	227	0	0	0	0	0	0	0	0	72	0	0	0	0	0	0	0	0	93	0	0	0	0	0	0	0	0	0	0	0	0	0	0	0	0	0	0	0	0	0	0	0	0	33	0	0	0	0	0	0	0	0	42	0	0	0	0	0	0	0	0	0	12
assemblage-301-623	0	0	0	0	0	0	380	0	0	0	0	0	0	0	0	0	0	0	0	0	0	0	44	0	0	0	0	0	0	17	0	0	0	0	0	0	0	0	0	0	0	0	39	0	0	0	0	0	0	0	0	0	0	0	0	7	0	0	0	0	0	0	0	0	0	0	0	0	13
assemblage-636-647	0	0	0	0	0	0	8	0	0	0	27	0	0	0	0	9	0	0	0	0	0	0	0	0	8	106	0	0	0	0	0	0	0	0	0	0	0	0	0	0	0	0	0	0	0	59	0	0	0	0	0	0	0	0	0	0	0	0	265	0	0	0	0	0	0	0	0	0	18
assemblage-475-521	0	0	0	0	0	0	100	0	0	0	0	0	0	0	0	33	5	0	0	0	0	0	0	0	297	0	0	0	0	0	0	0	0	0	0	0	0	0	0	0	0	0	0	0	0	0	0	0	0	0	0	0	0	0	0	0	0	0	42	0	0	0	12	0	0	0	0	0	11
assemblage-661-653	0	0	0	0	0	0	0	0	0	0	34	0	0	0	0	5	0	0	0	0	0	0	0	0	16	109	0	0	0	0	0	0	0	0	0	0	0	0	0	0	0	0	0	0	0	50	0	0	0	0	0	0	0	0	0	0	0	0	249	0	0	0	0	0	0	0	0	0	37
assemblage-717-257	0	0	0	0	0	0	7	0	0	0	0	0	0	0	0	0	0	0	0	0	0	0	0	0	0	0	0	0	0	0	0	0	0	0	0	0	0	0	0	296	30	0	147	0	0	0	0	0	0	0	0	0	0	0	0	14	0	0	0	0	0	0	0	0	0	0	0	0	6
assemblage-668-376	0	0	0	0	0	0	403	0	0	0	0	0	0	0	0	0	0	0	0	6	3	0	0	0	0	0	0	4	0	0	0	0	0	6	0	0	0	5	0	0	14	0	0	0	21	0	0	0	0	0	0	0	0	0	0	5	0	0	0	0	0	0	0	0	11	0	0	0	22
assemblage-831-602	0	0	0	0	0	0	359	0	0	0	0	0	0	0	0	0	0	0	0	0	0	0	0	0	7	0	0	0	5	0	0	0	0	0	22	0	0	0	0	0	0	0	35	0	0	0	0	0	0	0	0	0	0	0	0	0	0	0	0	0	0	0	0	0	63	0	0	0	9
assemblage-805-665	0	0	0	0	0	0	0	0	0	0	0	0	0	0	0	13	0	0	0	0	0	0	0	0	0	0	0	0	0	0	0	0	0	0	125	0	0	0	0	0	0	0	350	0	0	0	0	0	0	0	0	0	0	0	0	0	0	0	0	0	0	0	0	0	0	0	0	0	12
assemblage-811-660	0	0	0	0	0	0	43	0	0	3	0	0	0	0	0	5	0	0	0	0	0	0	0	0	0	0	0	0	0	114	0	0	0	0	29	0	0	0	0	0	114	0	0	0	0	0	0	0	0	0	0	0	0	0	0	168	0	0	0	0	0	0	0	0	0	0	0	0	24
assemblage-823-948	0	0	25	0	0	0	233	0	0	0	0	0	0	0	0	63	0	0	0	0	0	0	0	0	88	0	0	0	0	0	0	0	0	0	0	0	0	0	0	0	0	0	0	0	0	0	0	0	0	34	0	0	0	0	0	0	0	0	35	0	0	0	0	0	0	0	0	0	22
assemblage-902-239	0	0	0	0	0	0	107	0	0	0	0	0	0	0	0	27	5	0	0	0	0	0	0	0	296	0	0	0	0	0	0	0	0	0	0	0	0	0	0	0	0	0	0	0	0	0	0	0	0	0	0	0	0	0	0	0	0	0	59	0	0	0	0	0	0	0	0	0	6
assemblage-429-541	0	0	0	0	0	0	0	0	0	0	0	0	0	0	0	120	0	0	0	0	0	0	0	0	38	0	0	0	0	0	0	0	0	0	0	0	0	0	0	0	0	0	283	0	0	0	0	0	0	0	0	0	0	13	0	0	0	0	37	0	0	0	0	0	0	0	0	0	9
assemblage-838-603	0	0	0	0	0	0	45	0	0	0	0	0	0	0	0	0	0	0	0	0	0	0	0	0	0	0	0	0	0	107	0	0	0	0	20	0	0	0	0	0	126	0	8	0	0	0	0	0	0	0	0	0	0	0	0	178	0	0	0	0	0	0	0	0	0	0	0	0	16
assemblage-577-955	0	0	0	0	0	0	49	0	0	0	0	0	0	0	0	24	0	0	0	0	0	0	0	0	304	0	0	0	0	0	0	0	0	0	0	0	0	0	0	0	0	0	0	0	0	0	0	0	0	0	0	0	0	0	0	0	7	0	111	0	0	0	0	0	0	0	0	0	5
assemblage-410-550	0	0	0	0	0	0	0	0	0	0	0	0	0	0	0	159	0	0	0	0	0	0	0	0	161	0	0	0	0	103	0	0	0	0	0	0	0	0	0	0	0	0	8	0	0	0	0	0	0	23	0	0	0	0	0	0	0	0	36	0	0	0	0	0	0	0	0	0	10
assemblage-600-519	0	0	0	0	0	0	26	0	14	0	0	0	0	0	0	0	0	0	11	0	0	0	0	0	0	0	0	0	0	0	0	0	0	0	0	0	0	0	0	408	0	0	16	0	9	0	0	0	0	0	0	0	0	0	0	10	0	0	0	0	0	0	0	0	0	0	0	0	6
assemblage-731-580	0	0	0	0	0	178	130	0	0	0	0	0	0	0	0	0	0	0	0	0	0	0	0	0	0	0	0	0	0	0	0	0	0	0	4	0	0	0	19	0	0	0	10	0	0	0	0	0	18	0	0	0	0	0	0	119	0	0	0	0	0	0	0	0	3	9	0	0	10
assemblage-910-643	0	0	0	0	0	0	387	0	0	0	0	0	0	0	0	0	0	0	0	7	5	0	0	0	0	0	0	10	0	0	0	0	0	9	0	0	0	8	0	0	16	0	0	0	28	0	0	0	0	0	0	0	0	0	0	8	0	0	0	0	0	0	0	0	0	0	0	0	22
assemblage-301-629	0	0	0	0	0	0	0	0	0	0	0	0	0	0	0	9	0	0	0	0	0	0	0	0	0	0	0	0	0	7	0	0	0	0	115	0	0	0	0	0	0	0	350	0	0	0	0	0	0	0	0	0	0	0	0	0	0	0	0	0	0	0	0	0	0	0	0	0	19
assemblage-622-408	0	0	0	0	0	0	0	0	0	0	0	0	0	0	0	142	0	0	0	0	0	0	0	0	203	0	0	0	0	82	0	0	0	0	0	0	0	0	0	0	0	0	7	0	0	0	0	0	0	16	0	0	0	0	0	0	0	0	43	0	0	0	0	0	0	0	0	0	7
assemblage-585-212	0	0	0	0	0	0	13	0	0	0	8	0	8	8	0	0	0	0	0	0	0	0	0	0	415	0	0	0	0	0	0	0	0	0	0	0	0	0	0	0	0	0	0	0	0	9	8	0	0	0	0	0	0	0	0	0	0	0	0	0	0	0	0	0	0	0	0	10	21
assemblage-404-538	0	0	0	0	0	0	0	0	0	0	0	0	0	0	0	172	0	0	0	0	0	0	0	0	146	0	0	0	0	98	0	0	0	0	0	0	0	0	0	0	0	0	2	0	0	0	0	0	0	25	0	0	0	0	0	0	0	0	43	0	0	0	0	0	0	0	0	0	14
assemblage-329-519	0	0	0	0	0	0	89	0	0	0	0	0	0	0	0	31	7	0	0	0	0	0	0	0	305	0	0	0	0	0	0	0	0	0	0	0	0	0	0	0	0	0	0	0	0	0	0	0	0	0	0	0	0	0	0	0	0	0	60	0	0	0	0	0	0	0	0	0	8
assemblage-822-248	14	0	0	0	0	0	47	0	0	0	0	0	0	0	0	0	0	0	0	0	0	0	0	0	0	0	0	65	0	0	7	0	0	0	0	0	135	0	0	20	0	0	0	0	0	0	0	16	175	0	0	0	0	0	0	0	0	0	0	0	0	0	0	0	0	0	0	0	21
assemblage-404-541	0	0	0	0	0	0	0	0	0	0	0	0	0	0	0	126	0	0	0	0	0	0	0	0	184	0	0	0	0	94	0	0	0	0	0	0	0	0	0	0	0	0	8	0	0	0	0	0	0	26	0	0	0	0	0	0	0	0	55	0	0	0	0	0	0	0	0	0	7
assemblage-650-253	0	0	0	0	0	0	8	0	297	0	0	0	0	0	0	0	0	0	0	0	0	0	0	0	0	0	0	0	0	0	0	0	0	0	0	0	0	0	0	38	0	0	26	0	0	0	0	0	0	0	0	0	6	0	0	61	0	0	0	48	0	0	0	0	0	0	0	0	16
assemblage-407-544	0	0	0	0	0	0	0	0	0	0	0	0	0	0	0	101	0	0	0	0	0	0	0	0	32	0	0	0	0	0	0	0	0	0	0	0	0	0	0	0	0	0	283	0	0	0	0	0	0	0	0	0	0	13	0	0	0	0	46	0	0	0	0	0	0	0	0	0	25
assemblage-816-953	0	0	0	0	0	0	0	0	0	0	0	0	0	0	0	51	0	0	0	0	0	0	0	0	33	0	0	0	0	0	0	0	115	0	259	0	0	0	0	0	0	0	0	0	0	0	0	0	0	0	0	0	0	0	0	0	0	0	21	0	0	0	0	0	0	0	1	0	20
assemblage-832-608	0	0	0	0	0	0	0	0	0	0	0	0	0	0	0	5	0	0	0	0	0	0	0	0	0	0	0	0	0	0	0	0	0	0	108	0	0	0	0	0	0	0	369	0	0	0	0	0	0	0	0	0	0	0	0	0	0	0	0	0	0	0	0	0	0	0	0	0	18
assemblage-857-369	0	0	0	0	0	0	7	0	0	0	0	0	0	0	0	0	0	0	0	0	0	0	0	0	0	0	0	0	0	0	0	0	0	0	123	0	0	0	0	0	0	0	339	0	0	0	0	0	0	0	0	0	0	0	0	0	0	0	0	0	0	0	0	0	8	0	0	0	23
assemblage-824-587	0	0	0	0	0	0	52	0	0	0	0	0	0	0	0	7	0	0	0	0	0	0	0	0	0	0	0	0	0	122	0	0	0	0	23	0	0	0	0	0	97	0	4	0	0	0	0	0	0	0	0	0	0	0	0	169	0	0	0	0	0	0	0	0	0	0	0	0	26
assemblage-634-269	0	0	0	0	0	0	31	11	0	0	0	0	0	0	0	0	0	0	0	0	0	0	0	0	0	0	0	0	0	0	0	0	0	0	0	0	0	0	0	375	0	0	26	0	0	0	0	0	0	0	0	28	0	0	0	11	0	0	0	0	0	0	0	0	0	0	0	0	18
assemblage-637-651	0	0	0	0	0	0	0	0	0	0	33	0	0	0	0	10	0	0	0	0	0	0	0	0	16	104	0	0	0	0	0	0	0	0	0	0	0	0	0	0	0	0	0	0	0	61	0	0	0	0	0	0	0	0	0	0	0	0	260	0	0	0	0	0	0	0	0	0	16
assemblage-448-522	0	0	0	0	0	0	217	0	0	0	0	0	0	0	0	166	0	0	0	0	0	0	0	0	4	0	0	0	0	0	0	0	0	0	0	0	0	0	0	0	0	0	0	0	0	0	0	0	0	0	0	0	0	0	0	0	0	0	45	0	60	0	0	0	0	0	0	0	8
assemblage-750-587	0	0	0	0	0	156	150	0	0	0	0	0	0	0	0	0	0	0	0	0	0	0	0	0	0	0	0	0	0	0	0	0	0	0	5	0	0	0	14	0	0	0	9	0	0	0	0	0	17	0	0	0	0	0	0	123	0	0	0	0	0	0	0	0	7	6	0	0	13
assemblage-745-569	0	0	0	0	0	0	405	0	4	0	0	0	0	0	0	0	0	0	0	0	0	0	0	0	0	0	0	0	0	0	0	0	0	0	0	0	0	0	0	10	0	0	0	18	0	0	0	0	0	0	0	0	0	0	23	12	0	0	0	0	0	0	0	0	14	0	0	0	14
assemblage-809-665	0	0	0	0	0	0	363	0	0	0	0	0	0	0	0	0	0	0	0	0	0	0	45	0	5	0	0	0	0	17	0	0	0	0	0	0	0	0	0	0	0	0	47	0	0	0	0	0	0	0	0	0	0	0	0	12	0	0	0	0	0	0	0	0	0	0	0	0	11
assemblage-442-528	0	0	0	0	0	0	211	0	0	0	0	0	0	0	0	192	0	0	0	0	0	0	0	0	11	0	0	0	0	0	0	0	0	0	0	0	0	0	0	0	0	0	0	0	0	0	0	0	0	0	0	0	0	0	0	0	0	0	34	0	43	0	0	0	0	0	0	0	9
assemblage-745-595	0	0	0	0	0	152	157	0	0	0	0	0	0	0	0	0	0	0	0	0	0	0	0	0	0	0	0	0	0	0	0	0	0	0	15	0	0	0	10	7	0	0	14	0	0	0	0	0	20	0	0	0	0	0	0	99	0	0	0	0	0	0	0	0	10	9	0	0	7
assemblage-291-630	0	0	0	0	0	0	33	0	0	9	0	0	0	0	0	7	0	0	0	0	0	0	0	0	0	0	0	0	0	112	0	0	0	0	33	0	0	0	0	0	127	0	9	0	0	0	0	0	0	0	0	0	0	0	0	144	0	0	0	0	0	9	0	0	0	0	0	0	17
assemblage-803-680	0	0	0	0	5	0	359	0	0	0	0	0	0	0	0	0	0	0	0	0	0	0	0	0	16	0	0	0	0	0	0	0	0	0	9	0	0	0	0	0	0	0	51	0	0	0	0	0	0	0	0	0	0	0	0	0	0	0	0	0	0	0	0	0	51	0	0	0	9
assemblage-606-541	0	0	0	0	0	0	33	0	10	0	0	0	0	0	0	0	0	0	8	0	0	0	0	0	0	0	0	0	0	0	0	0	0	0	0	0	0	0	0	388	0	0	27	0	12	0	0	0	0	0	0	0	0	0	0	16	0	0	0	0	0	0	0	0	0	0	0	0	6
assemblage-885-239	0	0	0	0	0	0	54	0	0	0	0	0	0	0	0	19	0	0	0	0	0	0	0	0	295	0	0	0	0	0	0	0	0	0	0	0	0	0	0	0	0	0	0	0	0	0	0	0	0	0	0	0	0	0	0	0	12	0	118	0	0	0	0	0	0	0	0	0	2
assemblage-890-241	0	0	0	0	0	0	61	0	0	0	0	0	0	0	10	0	0	0	0	0	0	0	0	48	156	0	0	0	0	0	0	0	0	0	0	0	0	0	0	0	0	0	0	0	0	0	0	0	0	10	0	0	0	0	0	0	0	0	203	0	0	0	0	0	0	0	0	0	12
assemblage-219-896	0	0	0	0	0	0	0	0	0	0	0	0	0	0	0	99	0	0	0	0	0	0	0	0	47	0	0	0	0	0	0	0	0	0	0	0	0	0	0	0	0	0	284	0	0	0	0	0	0	0	0	0	0	19	0	0	0	0	38	0	0	0	0	0	0	0	0	0	13
assemblage-826-937	0	0	0	0	0	0	0	0	0	0	0	0	0	0	0	54	0	0	0	0	0	0	0	0	30	0	0	0	0	0	0	0	103	0	272	0	0	0	0	0	0	0	0	0	0	0	0	0	0	0	0	0	0	0	0	0	0	0	24	0	0	0	0	0	0	0	9	0	8
assemblage-625-387	0	0	0	0	0	0	0	0	0	0	0	0	0	0	0	108	0	0	0	0	0	0	0	0	53	0	0	0	0	0	0	0	0	0	0	0	0	0	0	0	0	0	281	0	0	0	0	0	0	0	0	0	0	7	0	0	0	0	36	0	0	0	0	0	0	0	0	0	15
assemblage-845-245	0	0	0	0	0	0	28	0	13	0	0	0	0	0	0	0	0	0	11	0	0	0	0	0	0	0	0	0	0	0	0	0	0	0	0	0	0	0	0	399	0	0	11	0	13	0	0	0	0	0	0	0	0	0	0	12	0	0	0	0	0	0	0	0	0	0	0	0	13
assemblage-613-406	0	0	0	0	0	0	0	0	0	0	0	0	0	0	0	127	0	0	0	0	0	0	0	0	195	0	0	0	0	75	0	0	0	0	0	0	0	0	0	0	0	0	15	0	0	0	0	0	0	25	0	0	0	0	0	0	0	0	55	0	0	0	0	0	0	0	0	0	8
assemblage-583-198	0	10	0	0	0	0	22	0	0	0	4	0	10	14	0	0	0	0	0	0	0	0	0	0	410	0	0	0	0	0	0	0	0	0	0	3	0	0	0	0	0	0	0	0	0	8	8	0	0	0	0	0	0	0	0	0	0	0	0	0	0	0	0	0	0	0	0	0	11
assemblage-847-950	0	0	0	0	0	0	0	0	0	0	0	0	0	0	0	96	0	0	0	0	0	0	0	0	46	0	0	0	0	4	0	0	0	0	0	0	0	0	0	0	0	0	267	0	0	0	0	0	0	0	0	0	0	19	0	0	0	0	52	0	0	0	0	0	0	0	0	0	16
assemblage-378-875	0	0	0	0	0	0	80	0	0	0	0	43	0	0	0	0	0	0	0	0	0	0	0	0	225	0	0	0	0	0	0	0	0	0	0	0	0	0	0	0	0	0	0	0	0	102	0	0	0	0	0	0	0	0	0	0	0	0	40	0	0	0	0	0	0	0	0	0	10
assemblage-637-262	0	0	0	0	0	0	48	0	72	0	0	0	0	0	0	0	0	0	0	0	0	0	0	0	0	0	0	16	0	0	0	0	0	0	0	0	29	0	0	203	0	0	13	0	0	0	0	0	54	0	0	8	0	0	0	23	0	0	0	9	0	0	0	0	0	0	0	0	25
assemblage-886-639	0	0	0	0	0	180	139	0	0	0	0	0	0	0	0	0	0	0	0	0	0	0	0	0	0	0	0	0	0	0	0	0	0	0	0	0	0	0	11	0	0	0	10	0	0	0	0	0	16	0	0	0	0	0	0	105	0	0	0	0	0	0	0	0	9	8	0	0	22
assemblage-207-883	0	0	0	0	0	0	0	0	0	0	0	0	0	0	0	157	0	0	0	0	0	0	0	0	180	0	0	0	0	86	0	0	0	0	0	0	0	0	0	0	0	0	4	0	0	0	0	0	0	32	0	0	0	0	0	0	0	0	35	0	0	0	0	0	0	0	0	0	6
assemblage-623-528	0	0	0	0	0	0	71	9	0	0	0	0	0	0	0	0	0	0	0	0	0	0	0	0	0	0	0	0	0	0	0	0	0	0	0	0	0	0	0	353	0	0	19	0	0	0	0	0	0	0	0	20	0	0	0	21	0	0	0	0	0	0	0	0	0	0	0	0	7
assemblage-814-667	0	0	0	0	0	0	377	0	0	0	0	0	0	0	0	0	0	0	0	0	0	0	0	0	8	0	0	0	0	0	0	0	0	0	11	0	0	0	0	0	0	0	41	0	0	0	0	0	0	0	0	0	0	0	0	0	0	0	0	0	0	0	0	0	49	0	0	0	14
assemblage-302-630	0	0	0	0	0	0	352	0	0	0	0	0	0	0	0	0	0	0	0	0	0	0	0	0	2	0	0	0	0	0	0	0	0	0	16	0	0	0	0	0	0	0	51	0	0	0	0	0	0	0	0	0	0	0	0	0	0	0	0	0	0	0	0	0	64	0	0	0	15
assemblage-570-959	0	0	0	0	0	0	39	0	0	0	0	0	0	0	0	21	0	0	0	0	0	0	0	0	327	0	0	0	0	0	0	0	0	0	0	0	0	0	0	0	0	0	0	0	0	0	0	0	0	0	0	0	0	0	0	0	4	0	108	0	0	0	0	0	0	0	0	0	1
assemblage-725-267	0	0	0	0	0	0	400	0	0	0	0	0	0	0	0	0	0	0	0	4	11	0	0	0	0	0	0	12	0	0	0	0	0	0	0	0	0	4	0	0	16	0	0	0	22	0	0	0	0	0	0	0	0	0	0	5	0	0	0	0	0	0	0	0	1	0	0	0	25
assemblage-316-815	0	0	0	0	0	0	396	0	0	0	0	0	0	0	0	0	0	0	0	0	0	5	0	0	0	0	0	0	0	0	0	0	0	0	0	0	0	0	0	0	0	20	0	0	0	23	8	0	0	0	17	0	0	0	0	0	0	7	6	0	0	0	0	0	0	0	0	0	18
assemblage-422-543	0	0	13	0	0	0	207	0	0	0	0	0	0	0	0	85	0	0	0	0	0	0	0	0	92	0	0	0	0	0	0	0	0	0	0	0	0	0	0	0	0	0	0	0	0	0	0	0	0	33	0	0	0	0	0	0	0	0	50	0	0	0	0	0	0	0	0	0	20
assemblage-403-871	0	0	0	0	0	0	88	0	0	0	0	43	0	0	0	0	0	0	0	0	0	0	0	0	219	0	0	0	0	0	0	0	0	0	0	0	0	0	0	0	0	0	0	0	0	98	0	0	0	0	0	0	0	0	0	0	0	0	36	0	0	0	0	0	0	0	0	0	16
assemblage-731-597	0	0	0	0	0	0	7	0	0	0	0	0	0	0	0	0	0	0	0	0	0	0	0	0	0	0	0	0	0	0	0	0	0	0	0	0	0	0	0	301	30	0	135	0	0	0	0	0	0	0	0	0	0	0	0	8	0	0	0	0	0	0	0	0	0	0	0	0	19
assemblage-583-973	0	0	0	0	0	0	65	0	0	0	0	0	0	0	0	0	0	0	0	0	0	0	0	28	173	0	0	0	0	0	0	0	0	0	0	0	0	0	0	0	0	0	0	0	0	0	0	0	0	8	0	0	0	0	0	0	0	0	214	0	0	0	0	0	0	0	0	0	12
assemblage-572-201	0	6	0	0	0	0	23	0	0	0	4	0	11	10	0	0	0	0	0	0	0	0	0	0	408	0	0	0	0	0	0	0	0	0	0	9	0	0	0	0	0	0	0	0	0	6	8	0	0	0	0	0	0	0	0	0	0	0	0	0	0	0	0	0	0	0	0	9	6
assemblage-380-885	0	0	0	0	0	0	98	0	0	0	0	57	0	0	0	0	0	0	0	0	0	0	0	0	205	0	0	0	0	0	0	0	0	0	0	0	0	0	0	0	0	0	0	0	0	89	0	0	0	0	0	0	0	0	0	0	0	0	43	0	0	0	0	0	0	0	0	0	8
assemblage-654-406	0	0	0	0	0	0	394	0	3	0	0	0	0	0	0	0	0	0	0	0	0	0	0	0	0	0	0	0	0	0	0	0	0	0	0	0	0	0	0	22	0	0	8	16	0	0	0	0	0	0	0	0	0	0	23	0	0	0	0	0	0	0	0	0	8	0	0	0	26
assemblage-221-873	0	0	0	0	0	0	0	0	0	0	0	0	0	0	0	121	0	0	0	0	0	0	0	0	194	0	0	0	0	83	0	0	0	0	0	0	0	0	0	0	0	0	15	0	0	0	0	0	0	35	0	0	0	0	0	0	0	0	45	0	0	0	0	0	0	0	0	0	7
assemblage-838-600	0	0	0	7	0	0	57	0	0	0	0	0	0	0	0	0	0	0	0	0	0	0	0	0	0	0	0	0	0	143	0	3	0	0	16	0	0	0	0	0	117	0	4	0	0	0	0	0	0	0	0	0	0	0	0	130	0	0	0	0	0	0	0	0	0	0	0	0	23
assemblage-884-367	0	0	0	0	0	0	0	0	0	0	0	0	0	0	0	7	0	0	0	0	0	0	0	0	0	0	0	0	0	0	0	0	0	0	129	0	0	0	0	0	0	0	339	0	0	0	0	0	0	0	0	0	0	0	0	0	0	0	0	0	0	0	0	0	0	0	0	0	25
assemblage-745-580	0	0	0	0	0	146	138	0	0	0	0	0	0	0	0	0	0	0	0	0	0	0	0	0	0	0	0	0	0	0	0	0	0	0	7	0	0	0	10	6	0	0	12	0	0	0	0	0	17	0	0	0	0	0	0	137	0	0	0	0	0	0	0	0	5	0	0	0	22
assemblage-647-390	0	0	0	0	0	0	8	0	0	0	0	0	0	0	0	0	0	0	0	0	0	0	0	0	0	0	0	0	0	0	0	0	0	0	0	0	0	0	0	292	31	0	151	0	0	0	0	0	0	0	0	0	0	0	0	8	0	0	0	0	0	0	0	0	0	0	0	0	10
assemblage-649-398	0	0	0	0	0	180	118	0	0	0	0	0	0	0	0	0	0	0	0	0	0	0	0	0	0	0	0	0	0	0	0	0	0	0	0	0	0	0	18	0	0	0	6	0	0	0	0	0	21	0	0	0	0	0	0	122	0	0	0	0	0	0	0	0	2	4	0	0	29
assemblage-647-650	0	5	0	0	0	0	0	0	0	0	38	0	0	0	0	7	0	0	0	0	0	0	0	0	11	110	0	0	0	0	0	0	0	0	0	0	0	0	0	0	0	0	0	0	0	68	0	0	0	0	0	0	0	0	0	0	0	0	248	0	0	0	0	0	0	0	0	0	13
assemblage-641-648	0	12	0	0	0	0	0	0	0	0	33	0	0	0	0	8	0	0	0	0	0	0	0	0	8	96	0	0	0	0	0	0	0	0	0	0	0	0	0	0	0	0	0	0	0	62	0	0	0	0	0	0	0	0	0	0	0	0	268	0	0	0	0	0	0	0	0	0	13
assemblage-730-567	0	0	0	0	0	0	395	0	0	0	0	0	0	0	0	0	0	0	0	11	7	0	0	0	0	0	0	10	0	0	0	0	0	7	0	0	0	2	0	0	16	0	0	0	24	0	0	0	0	0	0	0	0	0	0	7	0	0	0	0	0	0	0	0	0	0	0	0	21
assemblage-318-846	0	0	0	0	0	0	380	0	0	0	0	0	0	0	0	0	0	0	0	0	0	9	0	0	5	0	0	0	0	0	0	0	0	0	0	0	0	0	0	0	0	24	0	0	0	16	13	0	0	0	18	0	0	0	0	0	0	6	6	0	0	0	0	0	0	0	0	0	23
assemblage-750-574	0	0	0	0	0	0	4	0	0	0	0	0	0	0	0	0	0	0	0	0	0	0	0	0	0	0	0	0	0	0	0	0	0	0	0	0	0	0	0	295	32	0	133	0	0	0	0	0	0	0	0	0	0	0	0	14	0	0	0	0	0	0	0	0	4	0	0	0	18
assemblage-820-672	0	0	0	0	0	0	37	0	0	0	0	0	0	0	0	4	0	0	0	0	0	0	0	0	0	0	0	0	0	118	0	0	0	0	33	0	0	0	0	0	120	0	3	0	0	0	0	0	0	0	0	0	0	0	0	157	0	0	0	0	0	0	0	0	0	0	0	0	28
assemblage-625-397	0	0	0	0	0	0	0	0	0	0	0	0	0	0	0	133	0	0	0	0	0	0	0	0	180	0	0	0	0	79	0	0	0	0	0	0	0	0	0	0	0	0	12	0	0	0	0	0	0	31	0	0	0	0	0	0	0	0	54	0	0	0	0	0	0	0	0	0	11
assemblage-659-393	0	0	0	0	0	0	407	0	0	0	0	0	0	0	0	0	0	0	0	0	0	0	0	0	0	0	0	0	0	0	0	0	0	0	0	0	0	0	0	22	0	0	7	14	0	0	0	0	0	0	0	0	0	0	23	7	0	0	0	0	0	0	0	0	3	0	0	0	17
assemblage-294-632	0	0	0	0	0	0	46	0	0	0	0	0	0	0	0	6	0	0	0	0	0	0	0	0	0	0	0	0	0	107	0	0	0	0	34	0	0	0	0	0	95	0	13	0	0	0	0	0	0	0	0	0	0	0	0	176	0	0	0	0	0	0	0	0	0	0	0	0	23
assemblage-717-249	0	0	0	0	0	168	119	0	0	0	0	0	0	0	0	0	0	0	0	0	0	0	0	0	0	0	0	0	0	0	0	0	0	0	7	0	0	0	16	0	0	0	11	0	0	0	0	0	12	0	0	0	0	0	0	128	0	0	0	0	0	0	0	0	3	0	0	0	36
assemblage-639-619	0	0	0	0	0	0	0	0	0	0	45	0	0	0	0	6	0	0	0	0	0	0	0	0	23	92	0	0	0	0	0	0	0	0	0	0	0	0	0	0	0	0	0	0	0	66	0	0	0	0	0	0	0	0	0	0	0	0	253	0	0	0	0	0	0	0	0	0	15
assemblage-664-404	0	0	0	0	0	0	6	0	0	0	0	0	0	0	0	0	0	0	0	0	0	0	0	0	0	0	0	0	0	0	0	0	0	0	7	0	0	0	0	323	20	0	125	0	0	0	0	0	0	0	0	0	0	0	0	8	0	0	0	0	0	0	0	0	0	0	0	0	11
assemblage-648-277	0	0	0	0	0	0	29	0	9	0	0	0	0	0	0	0	0	0	16	0	0	0	0	0	0	0	0	0	0	0	0	0	0	0	0	0	0	0	0	399	0	0	24	0	8	0	0	0	0	0	0	0	0	0	0	12	0	0	0	0	0	0	0	0	0	0	0	0	3
assemblage-564-979	0	0	0	0	0	0	62	0	0	0	0	0	0	0	0	0	0	0	0	0	0	0	0	50	159	0	0	0	0	0	0	0	0	0	0	0	0	0	0	0	0	0	0	0	0	0	0	0	0	1	0	0	0	0	0	0	0	0	211	0	0	0	0	0	0	0	0	0	17
assemblage-330-833	0	0	0	0	0	0	388	0	0	0	0	0	0	0	0	0	0	0	0	0	0	0	0	0	0	0	0	0	0	0	0	0	0	0	0	0	0	0	0	0	0	38	0	0	0	18	9	0	0	0	14	0	0	0	0	0	0	0	3	0	0	0	0	0	0	0	0	0	30
assemblage-287-608	0	0	0	0	0	0	0	0	0	0	0	0	0	0	0	6	0	0	0	0	0	0	0	0	0	0	0	0	0	0	0	0	0	0	103	0	0	0	0	0	0	0	371	0	0	0	0	0	0	0	0	0	0	0	0	0	0	0	0	0	0	0	0	0	0	0	0	0	20
assemblage-836-587	0	0	0	0	7	0	364	0	0	0	0	0	0	0	0	0	0	0	0	0	0	0	0	0	12	0	0	0	0	0	0	0	0	0	16	0	0	0	0	0	0	0	53	0	0	0	0	0	0	0	0	0	0	0	0	0	0	0	0	0	0	0	0	0	43	0	0	0	5
assemblage-564-970	0	0	0	0	0	0	35	0	0	0	0	0	0	0	0	19	0	0	0	0	0	0	0	0	321	0	0	0	0	0	0	0	0	0	0	0	0	0	0	0	0	0	0	0	0	0	0	0	0	0	0	0	0	0	0	0	8	0	108	0	0	0	0	0	0	0	0	0	9
assemblage-234-894	0	0	19	0	0	0	228	0	0	0	0	0	0	0	0	77	0	0	0	0	0	0	0	0	86	0	0	0	0	0	0	0	0	0	0	0	0	0	0	0	0	0	0	0	0	0	0	0	0	32	0	0	0	0	0	0	0	0	47	0	0	0	0	0	0	0	0	0	11
assemblage-347-517	0	0	0	0	0	0	67	0	0	0	0	0	0	0	9	0	0	0	0	0	0	0	0	44	168	0	0	0	0	0	0	0	0	0	0	0	0	0	0	0	0	0	0	0	0	0	0	0	0	7	0	0	0	0	0	0	0	0	192	0	0	0	0	0	0	0	0	0	13
assemblage-302-636	0	0	0	0	0	0	343	0	0	0	0	0	0	0	0	0	0	0	0	0	0	0	0	0	4	0	0	0	0	0	0	0	0	0	11	0	0	0	0	0	0	0	71	0	0	0	0	0	0	0	0	0	0	0	0	0	0	0	0	0	0	0	0	0	58	0	0	0	13
assemblage-290-648	0	0	0	0	0	0	359	0	0	0	0	0	0	0	0	0	0	0	0	0	0	0	0	0	1	0	0	0	8	0	0	0	0	0	11	0	0	0	0	0	0	0	51	0	0	0	0	0	0	0	0	0	0	0	0	0	0	0	0	0	0	0	0	0	54	0	0	0	16
assemblage-232-911	0	0	0	0	0	0	0	0	0	0	0	0	0	0	0	116	0	0	0	0	0	0	0	0	43	0	0	0	0	0	0	0	0	0	0	0	0	0	0	0	0	0	261	0	0	0	0	0	0	0	0	0	0	13	0	0	0	0	54	0	0	0	0	0	0	0	0	0	13
assemblage-831-260	0	0	0	0	0	0	44	8	0	0	0	0	0	0	0	0	0	0	0	0	0	0	0	0	0	0	0	0	0	0	0	0	0	0	0	0	0	0	0	359	0	0	32	0	0	0	0	0	0	0	0	29	0	0	0	20	0	0	0	0	0	0	0	0	0	0	0	0	8
assemblage-892-645	0	0	0	0	0	0	400	0	0	0	0	0	0	0	0	0	0	0	0	0	0	0	0	0	0	0	0	0	0	0	0	0	0	0	0	0	0	0	0	22	0	0	0	13	0	0	0	0	0	0	0	0	0	0	39	0	0	0	0	0	0	0	0	0	0	0	0	0	26
assemblage-446-532	0	0	0	0	0	0	111	0	0	0	0	0	0	0	0	56	0	0	0	0	0	0	0	10	204	0	0	0	0	0	0	0	0	0	0	0	0	0	0	0	0	0	0	0	0	0	0	0	0	0	0	0	0	0	0	0	0	0	90	0	18	0	0	0	0	0	0	0	11
assemblage-328-833	0	0	0	0	0	0	403	0	0	0	0	0	0	0	0	0	0	0	0	0	0	9	0	0	0	0	0	0	0	0	0	0	0	0	0	0	0	0	0	0	0	19	0	0	0	20	8	0	0	0	14	0	0	0	0	0	0	0	7	0	0	0	0	0	0	0	0	0	20
assemblage-865-364	0	0	0	0	0	0	53	0	0	0	0	0	0	0	0	0	0	0	0	0	0	0	0	0	0	0	0	0	0	111	0	0	0	0	23	0	0	0	0	0	125	0	8	0	0	0	0	0	0	0	0	0	0	0	0	152	0	0	0	0	0	0	0	0	0	0	0	0	28
assemblage-627-418	0	0	0	0	0	0	0	0	0	0	0	0	0	0	0	65	0	0	0	0	0	0	0	0	40	0	0	0	0	0	0	0	122	0	243	0	0	0	0	0	0	0	0	0	0	0	0	0	0	0	0	0	0	0	0	0	0	0	18	0	0	0	0	0	0	0	2	0	10
assemblage-402-557	0	0	0	0	0	0	0	0	0	0	0	0	0	0	0	69	0	0	0	0	0	0	0	0	39	0	0	0	0	0	0	0	125	0	225	0	0	0	0	0	0	0	0	0	0	0	0	0	0	0	0	0	0	0	0	0	0	0	16	0	0	0	0	0	0	0	11	0	15
assemblage-415-539	0	0	20	0	0	0	222	0	0	0	0	0	0	0	0	68	0	0	0	0	0	0	0	0	92	0	0	0	0	0	0	0	0	0	0	0	0	0	0	0	0	0	0	0	0	0	0	0	0	30	0	0	0	0	0	0	0	0	60	0	0	0	0	0	0	0	0	0	8
assemblage-618-540	0	0	0	0	0	0	44	10	0	0	0	0	0	0	0	0	0	0	0	0	0	0	0	0	0	0	0	0	0	0	0	0	0	0	0	0	0	0	0	373	0	0	21	0	0	0	0	0	0	0	0	20	0	0	0	21	0	0	0	0	0	0	0	0	0	0	0	0	11
assemblage-874-244	0	0	0	0	0	0	93	0	0	0	0	0	0	0	0	26	5	0	0	0	0	0	0	0	301	0	0	0	0	0	0	0	0	0	0	0	0	0	0	0	0	0	0	0	0	0	0	0	0	0	0	0	0	0	0	0	0	0	62	0	0	0	0	7	0	0	0	0	6
assemblage-647-642	0	0	0	0	0	0	0	0	0	0	30	0	0	0	0	8	0	1	0	0	0	0	0	0	9	123	0	0	0	0	0	0	0	0	0	0	0	0	0	0	0	0	0	0	0	62	0	0	0	0	0	0	0	0	0	0	0	0	252	0	0	0	0	0	0	0	0	0	15
