Assemblage_Name	1-1-2861518	2101266-8944735-6075623	8937384-297934-2	4984274-1144561-1156160	104354-5711197-1162382	2426395-9788232-6176687	3588700-1144561-1156160	1-1-7894625	4486357-1-2	7712000-1-7778285	6469987-1-2	0-4373441-3	104354-1144561-1156160	0-7411571-5058919	0-787256-3	2777578-7411571-6075623	1-1-9027354	1-1-7778285	2844716-1144561-6305472	1-1-3	1-1-2	2101266-7411571-1313813	1605139-3-2	852614-7411571-7890801	1-9465436-5374552	3-3-2	1259170-7411571-6176687	3343185-3-4615522	6673867-1144561-1162382	0-4-3	2101266-9046499-6176687	0-4373441-6176687	104354-1144561-5017535	3343185-3-2	1-8624036-4	5867397-3-2	2101266-4899365-6075623	5918159-1144561-3199469	2101266-7411571-2582785	7588229-8753556-1162382	1-297934-2	2101266-9788232-6176687	0-4373441-4990911	8380391-297934-2	2623922-1144561-1162382	1-2-4	2300533-1-2	2-4-4050219	4-3-2	4-3-4	5672386-1454111-1942338	4957302-7411571-6176687	1-6205793-7778285	1-1-5563705	1-1-446659	1-1-5809174	2844716-1144561-6946618	1-1-7884051	2101266-7411571-6011362	8557973-1-2	7850816-1-2	1-9263135-2	1-1-1942338	9421411-1-6070718	1-1469220-5374552	2101266-7411571-6075623	0-7411571-6176687	3-6193527-3	3937000-7411571-6075623	3343185-1922489-2	2204830-7411571-6075623	0-1406351-6176687	1-9115743-2	1-1-6751633	5329793-1144561-1162382	1-2235391-7778285	3343185-3329689-2	1-1-5397614	1-1-6070718	6422853-7411571-6075623	104354-1144561-1162382	2101266-7411571-4332348	2101266-7411571-6176687	5062712-3-2	852614-7411571-6075623	9118972-1-7778285	1-2441990-2	7588229-1144561-1162382	1-7288990-5374552	2101266-7411571-8810123	2101266-1144561-1162382	2214326-2148801-7778285	0-7411571-8985123	2-4-2	3-0-3	2101266-4078263-6075623	1-9881010-393398	5973672-9788232-6176687	1-1-5374552	2844716-1144561-1162382	5112091-7411571-6075623	5329793-1144561-4242886	2101266-1144561-3821979	2101266-4730590-6176687
assemblage-606-522	0	0	0	0	0	0	0	114	0	0	0	0	0	0	0	0	0	0	0	0	0	0	0	0	0	0	0	0	0	0	0	0	0	0	0	0	0	2	0	0	0	0	0	0	132	0	0	0	0	0	0	0	0	0	0	0	0	0	0	0	0	0	0	0	0	0	0	0	0	0	0	0	0	0	0	0	0	0	0	0	10	0	0	0	0	0	0	0	0	0	0	0	0	0	0	0	0	0	5	214	0	0	0	23
assemblage-465-517	0	0	0	0	0	0	0	0	0	0	0	0	0	0	0	0	8	30	0	0	53	0	0	0	0	0	0	0	0	0	0	0	0	148	0	0	0	0	0	0	0	0	0	0	0	11	0	0	0	0	0	0	0	0	0	0	0	0	9	0	0	0	0	30	0	0	15	0	0	0	0	0	0	0	0	0	0	0	56	0	0	0	126	0	0	0	0	0	0	0	0	0	0	0	0	0	0	0	0	0	0	0	0	14
assemblage-714-270	0	0	0	0	0	0	0	0	0	0	0	0	81	0	0	13	0	0	0	0	68	0	0	0	0	0	0	0	0	0	0	0	0	0	0	0	0	0	0	0	0	0	0	0	14	0	30	0	0	0	109	0	0	0	0	0	0	0	0	0	0	0	8	0	0	24	0	0	0	0	0	0	0	0	0	0	0	0	0	0	135	0	0	0	0	0	0	0	0	0	0	0	0	0	0	0	0	0	0	0	0	0	0	18
assemblage-880-355	0	0	0	0	0	8	0	0	0	0	12	0	0	0	0	0	0	0	0	0	207	0	0	0	0	0	0	0	0	0	0	0	0	0	0	0	0	0	0	0	0	28	0	0	0	0	0	0	0	0	0	0	0	0	0	0	0	0	0	0	0	0	0	0	0	47	0	0	0	0	0	0	0	0	0	0	0	0	0	0	171	0	5	0	0	0	0	0	0	0	0	0	0	0	0	0	0	0	0	0	0	0	0	22
assemblage-618-410	0	0	0	0	0	0	0	0	0	7	0	0	0	0	0	0	8	244	0	0	0	0	0	0	0	0	0	0	0	0	0	0	0	0	0	0	0	0	0	0	0	0	0	0	0	0	0	0	0	0	0	12	0	0	0	0	0	0	0	0	0	0	11	0	0	0	0	0	0	0	0	0	0	13	0	16	0	0	0	0	0	0	174	0	0	10	0	0	0	0	0	0	0	0	0	0	0	0	0	0	0	0	0	5
assemblage-278-844	0	0	0	0	0	0	0	0	0	0	0	0	0	0	17	0	0	0	0	0	0	0	8	0	0	0	0	0	0	44	0	0	0	338	0	12	0	0	0	0	0	0	0	0	0	0	0	0	45	0	0	0	0	0	0	0	0	0	0	0	0	0	0	0	0	0	0	0	0	6	0	0	0	0	0	0	0	0	0	0	0	0	0	0	0	0	0	0	0	0	0	0	0	11	3	0	0	0	0	0	0	0	0	16
assemblage-721-269	0	0	0	0	104	0	0	0	0	0	0	0	0	0	0	0	0	0	0	0	49	0	0	0	0	0	0	0	6	0	0	0	10	0	0	0	0	0	0	0	0	0	0	0	0	0	0	0	0	0	8	0	0	0	0	0	0	0	0	0	0	0	0	0	0	0	0	0	0	0	0	0	0	0	0	0	0	0	0	0	266	0	0	0	0	0	0	8	0	0	0	0	0	0	0	0	0	0	0	23	0	0	0	26
assemblage-335-470	0	0	0	0	27	0	0	0	0	0	0	0	0	0	0	0	0	0	0	0	0	0	0	0	37	0	0	0	0	0	0	0	0	0	0	0	0	0	0	0	0	0	0	0	8	0	0	0	0	0	0	0	0	0	0	0	0	0	0	0	0	0	0	0	0	0	0	0	0	0	0	0	0	0	0	0	0	0	0	0	0	0	0	0	0	0	0	0	2	0	0	0	0	0	0	0	0	0	346	54	0	0	0	26
assemblage-835-252	0	0	0	0	0	0	22	0	0	0	0	0	362	0	0	0	0	0	0	0	0	0	0	0	0	0	0	0	0	0	0	0	0	0	0	0	0	0	0	0	0	0	0	0	3	0	0	0	0	0	0	0	0	0	0	0	0	0	0	0	0	0	0	0	0	0	0	0	0	0	0	0	0	0	37	0	0	0	0	0	29	0	0	0	0	0	0	0	0	0	0	0	0	0	0	0	0	0	10	26	0	0	0	11
assemblage-642-269	0	0	0	0	0	0	25	0	0	0	0	0	362	0	0	0	0	0	0	0	0	0	0	0	0	0	0	0	0	0	0	0	0	0	0	0	0	0	0	0	0	0	0	0	8	0	0	0	0	0	0	0	0	0	0	0	0	0	0	0	0	0	0	0	0	0	0	0	0	0	0	0	0	0	32	0	0	0	0	0	27	0	0	0	0	0	0	0	0	0	0	0	0	0	0	0	0	0	22	8	0	10	0	6
assemblage-639-530	0	0	0	0	0	0	23	0	0	0	0	0	376	0	0	0	0	0	0	0	0	0	0	0	0	0	0	0	0	0	0	0	0	0	0	0	0	0	0	0	0	0	0	0	12	0	0	0	0	0	0	0	0	0	0	0	0	0	0	0	0	0	0	0	0	0	0	0	0	0	0	0	0	0	30	0	0	0	0	0	20	0	0	0	0	0	0	0	0	0	0	0	0	0	0	0	0	0	19	3	0	8	0	9
assemblage-328-519	0	0	0	0	0	0	0	0	0	0	0	0	0	5	0	0	0	376	0	0	0	0	0	0	0	0	0	0	0	0	0	0	0	7	0	6	0	0	0	0	0	0	4	0	0	0	0	0	0	0	0	0	0	0	0	0	0	0	0	35	0	0	0	0	0	0	6	0	0	0	0	0	0	0	0	0	0	0	0	0	0	0	0	0	0	0	0	0	0	0	0	0	46	0	0	0	0	0	0	0	0	0	0	15
assemblage-393-858	0	0	0	0	0	0	0	0	0	0	0	0	0	0	0	0	0	13	0	26	388	0	0	0	0	0	0	0	0	0	0	0	0	0	0	0	0	0	0	0	0	0	0	0	0	0	0	0	0	0	0	0	0	0	0	0	0	0	0	0	28	0	0	0	0	0	0	0	0	0	0	0	0	0	0	0	0	0	0	0	0	0	0	0	0	0	17	0	0	0	0	0	0	0	0	0	0	0	0	0	0	0	0	28
assemblage-559-962	0	0	0	0	0	0	0	0	5	0	0	0	0	0	0	0	0	26	0	0	62	0	0	0	0	0	0	0	0	0	0	0	0	114	0	2	0	0	0	0	0	0	0	0	0	7	0	0	0	0	0	0	0	0	0	0	0	0	0	0	0	0	0	41	0	0	9	0	0	0	0	0	0	0	0	0	0	0	72	0	0	0	132	0	0	0	0	0	0	0	0	0	0	0	0	0	0	0	0	0	0	0	0	30
assemblage-388-886	0	0	0	0	0	0	0	0	0	0	0	0	0	0	0	0	0	5	0	19	398	0	0	0	0	0	0	0	0	0	0	0	0	0	0	0	0	0	0	0	0	0	0	0	0	0	0	0	0	0	0	0	0	0	0	0	0	0	0	0	30	0	0	0	0	0	0	0	0	0	0	0	0	0	0	0	0	0	0	0	0	0	0	0	0	0	25	0	0	0	0	0	0	0	0	0	0	0	0	0	0	0	0	23
assemblage-856-263	0	0	0	0	36	0	0	0	0	0	0	0	0	0	0	0	0	0	0	0	0	0	0	0	40	0	0	0	0	0	0	0	0	0	0	0	0	0	0	0	0	0	0	0	2	0	0	0	0	0	0	0	0	0	0	0	0	0	0	0	0	0	0	0	0	0	0	0	0	0	0	0	0	0	0	0	0	0	0	0	7	0	0	0	0	0	0	0	0	0	0	0	0	0	0	0	0	0	344	48	0	0	0	23
assemblage-652-638	0	0	0	0	0	0	0	0	0	0	0	156	0	0	0	0	0	0	0	0	0	0	0	0	0	0	0	0	0	7	0	0	0	0	0	0	0	0	0	0	0	0	105	0	0	0	0	14	0	0	0	0	0	0	0	0	0	0	0	0	0	0	0	0	0	0	85	0	0	0	0	10	0	0	0	0	0	0	0	0	0	0	0	0	0	0	0	0	0	0	0	0	0	100	0	0	0	0	0	0	0	0	0	23
assemblage-718-251	3	0	0	0	0	0	0	0	0	0	0	0	0	0	0	0	0	0	0	0	0	0	0	0	0	0	0	0	0	0	0	0	0	0	0	0	0	0	0	0	0	0	0	0	0	0	0	0	0	0	63	0	0	0	0	0	0	0	0	0	0	0	149	0	0	38	0	0	0	0	0	0	0	0	0	0	0	0	0	0	0	0	0	0	0	0	0	0	0	0	0	0	0	0	0	0	4	0	217	0	0	0	0	26
assemblage-601-535	0	0	0	0	0	0	0	98	0	0	0	0	2	0	0	0	0	0	0	0	0	0	0	0	0	0	0	0	0	0	0	0	0	0	0	0	0	0	0	0	0	0	0	0	143	0	0	0	0	0	0	0	0	0	0	0	0	0	0	0	0	0	0	0	0	0	0	0	0	0	0	0	0	0	0	0	0	0	0	0	10	0	0	0	0	0	0	0	0	0	0	0	0	0	0	0	0	0	11	219	0	0	0	17
assemblage-725-249	0	0	0	0	0	0	0	0	0	0	0	0	0	0	0	0	0	0	16	0	0	0	0	0	0	0	0	0	0	0	0	0	0	0	0	0	0	0	0	0	0	0	0	0	0	0	32	0	0	0	0	0	0	0	0	0	0	0	0	0	0	0	55	0	0	22	0	0	0	0	0	0	0	0	0	0	0	0	0	0	9	0	0	0	0	0	0	0	0	0	0	0	0	0	0	0	0	0	0	347	0	0	0	19
assemblage-829-605	0	0	0	0	0	0	0	0	0	0	0	0	0	0	0	0	0	100	0	0	0	0	0	8	0	0	0	0	0	0	0	0	0	0	0	0	0	0	0	0	0	0	0	0	0	0	0	0	0	0	69	0	0	0	0	0	0	0	0	0	0	0	171	0	0	11	0	0	0	0	0	0	0	0	0	3	0	0	0	0	103	0	0	0	0	0	0	0	0	0	0	0	0	0	0	0	0	0	0	0	0	0	0	35
assemblage-560-203	0	0	0	0	0	0	0	0	0	0	0	0	0	0	0	0	0	0	0	0	0	0	0	0	0	57	0	0	0	0	0	0	0	0	0	0	0	0	0	0	0	0	0	0	0	198	0	0	0	0	0	0	0	0	0	0	0	0	0	0	0	0	0	0	0	0	0	0	0	0	0	0	0	0	0	0	0	0	0	0	0	0	0	0	0	0	0	0	0	0	0	0	0	80	145	0	0	0	0	0	0	0	0	20
assemblage-446-522	0	0	0	0	0	0	0	0	0	0	0	0	0	0	0	0	0	40	0	0	57	0	0	0	0	0	0	0	0	0	0	0	0	126	0	0	0	0	0	0	0	0	0	0	0	5	0	0	0	0	0	0	0	0	0	0	0	0	0	0	0	0	0	47	0	0	0	0	0	0	0	0	0	0	0	0	0	0	59	0	0	0	128	0	0	0	0	0	0	0	0	0	0	0	0	0	0	0	0	0	0	0	0	38
assemblage-446-527	0	0	0	0	0	0	0	0	0	0	0	0	0	0	0	0	0	0	0	0	19	0	0	0	0	0	3	0	0	0	0	0	0	49	4	0	0	0	5	0	0	0	0	0	0	22	0	0	0	0	0	0	0	0	0	0	0	0	0	0	0	0	0	0	0	0	0	0	0	0	0	0	0	0	0	0	0	0	0	0	0	0	361	0	0	0	0	0	0	16	0	0	0	0	0	0	0	0	0	0	0	0	0	21
assemblage-219-905	0	0	0	0	0	0	0	0	0	0	0	0	0	0	0	0	83	110	0	0	0	8	0	0	0	0	0	0	0	0	0	0	0	0	0	0	0	0	0	0	0	26	0	0	0	0	0	0	0	0	0	0	0	0	0	0	0	0	0	0	0	0	0	0	0	0	0	0	0	0	0	0	0	0	0	0	0	0	0	0	0	0	231	0	0	0	0	0	0	0	0	0	0	0	0	0	0	0	0	0	0	0	0	42
assemblage-322-525	0	0	0	0	0	0	0	0	0	0	0	0	0	0	0	0	0	119	0	0	76	0	0	0	0	0	0	0	0	0	0	0	0	8	0	8	0	0	0	0	0	0	185	0	0	12	0	0	0	0	0	0	0	0	0	0	0	0	0	0	0	0	0	0	0	0	13	0	0	0	0	0	11	0	0	0	0	0	0	0	0	0	10	31	0	0	0	0	0	0	0	0	0	10	0	0	0	0	0	0	0	0	0	17
assemblage-812-667	0	0	0	0	0	0	0	0	0	0	0	0	0	0	0	0	0	110	0	0	0	0	0	8	0	0	0	0	0	0	0	0	0	0	0	0	0	0	0	0	0	6	0	0	0	0	0	0	0	0	60	0	0	0	0	0	0	0	0	0	0	0	181	0	0	18	0	0	0	0	0	0	0	0	0	8	0	0	0	0	94	0	0	0	0	0	0	0	0	0	0	0	0	0	0	0	0	0	0	0	0	0	0	15
assemblage-867-386	0	0	0	0	0	11	0	0	0	0	13	0	0	0	0	0	0	0	0	0	215	0	0	0	0	0	0	0	0	0	0	0	0	0	0	0	0	0	0	0	0	33	0	0	0	0	0	0	0	0	0	0	0	0	0	0	0	0	0	0	0	0	0	0	0	38	0	0	0	0	0	0	0	0	0	0	0	0	0	0	167	0	0	0	0	0	0	0	0	0	0	0	0	0	0	0	0	0	0	7	0	0	0	16
assemblage-331-534	0	0	0	0	0	0	0	0	0	0	0	0	0	0	0	0	0	115	0	0	97	0	0	0	0	0	0	0	0	0	0	0	0	10	0	13	0	0	0	0	0	0	147	0	0	11	0	0	0	0	0	0	0	0	0	0	0	0	0	0	0	0	0	0	0	0	19	0	0	0	0	0	4	0	0	0	0	0	0	0	0	0	19	44	0	0	0	0	0	0	0	0	0	10	0	0	0	0	0	0	0	0	0	11
assemblage-833-659	0	0	0	0	0	0	0	0	0	0	0	0	0	0	0	0	0	22	0	0	199	0	0	0	0	0	0	0	0	0	0	0	0	0	0	0	0	0	0	0	0	112	0	0	0	0	26	0	0	0	0	0	0	0	19	0	0	0	0	0	0	0	0	0	0	97	0	0	0	0	0	0	0	0	0	0	0	0	0	0	0	0	7	0	0	0	0	0	0	0	0	0	0	0	0	0	0	12	0	0	0	0	0	6
assemblage-636-636	0	0	0	0	0	0	0	0	0	0	0	139	0	0	0	0	0	0	0	0	12	0	0	0	0	0	0	0	0	8	0	0	0	0	0	0	0	0	0	0	0	0	115	0	0	0	0	13	0	0	0	0	0	0	0	0	0	0	0	0	0	0	0	0	0	0	82	0	0	0	0	9	0	0	0	0	0	0	0	0	0	0	0	0	0	0	0	0	0	0	0	0	0	92	0	0	0	0	0	0	0	0	0	30
assemblage-599-394	0	0	0	0	0	0	0	0	0	0	0	0	0	0	0	0	0	21	0	0	160	0	0	0	0	0	0	0	0	0	0	0	0	0	0	0	0	0	0	0	0	0	0	0	0	0	0	0	0	0	0	0	0	9	0	0	0	0	0	0	0	54	0	33	0	0	0	0	0	0	0	0	0	0	0	0	0	0	0	0	137	0	43	0	0	0	0	0	0	0	24	0	0	0	0	0	0	0	0	0	0	0	10	9
assemblage-914-640	0	0	0	0	122	0	0	0	0	0	0	0	0	0	0	0	0	0	0	0	32	0	0	0	0	0	0	0	8	0	0	0	12	0	0	0	0	0	0	6	0	0	0	0	0	0	0	0	0	0	11	0	0	0	0	0	0	0	0	0	0	0	0	0	0	0	0	0	0	0	0	0	0	0	0	0	0	0	0	0	266	0	0	0	0	0	0	3	0	0	0	0	0	0	0	0	0	0	0	18	0	0	0	22
assemblage-894-621	0	0	0	0	0	0	0	0	0	0	0	0	62	0	0	14	0	0	0	0	53	0	0	0	0	0	0	0	0	0	0	0	0	0	0	0	0	0	0	0	0	0	0	0	35	0	51	0	0	0	84	0	0	0	0	0	0	0	0	0	0	0	0	0	0	33	0	0	0	0	0	0	0	0	0	0	0	0	0	0	150	0	0	0	0	0	0	0	0	0	0	0	0	0	0	0	0	0	0	0	0	0	0	18
assemblage-860-366	0	0	0	0	0	13	0	0	0	0	12	0	0	0	0	0	0	5	0	0	196	0	0	0	0	0	0	0	0	0	0	0	0	0	0	0	0	0	0	0	0	14	0	0	0	0	0	0	0	0	0	0	0	0	0	0	0	0	0	0	0	0	0	0	0	63	0	0	0	0	0	0	0	0	0	0	0	0	0	0	182	0	0	0	0	0	0	0	0	0	0	0	0	0	0	0	0	0	0	0	0	0	0	15
assemblage-870-370	0	0	0	0	0	0	0	0	0	0	0	0	0	0	0	0	0	106	0	0	0	0	0	7	0	0	0	0	0	0	0	0	0	0	0	0	0	0	0	0	0	0	0	0	0	0	0	0	0	0	61	0	0	0	0	0	0	0	0	0	0	0	187	0	0	8	0	0	0	0	0	0	0	0	0	12	0	0	0	0	80	0	11	0	0	0	0	0	0	0	0	0	0	0	0	0	0	0	0	0	0	0	0	28
assemblage-306-834	0	0	0	0	0	0	0	0	0	0	0	0	0	0	25	0	0	0	0	0	0	0	7	0	0	0	0	0	0	44	0	0	0	308	0	14	0	0	0	0	0	0	0	0	0	0	0	0	54	0	0	0	0	0	0	0	0	0	0	0	0	0	0	0	0	0	0	0	0	0	0	0	0	0	0	0	0	0	0	0	0	0	0	0	0	0	0	0	0	0	0	0	0	11	5	0	0	0	0	0	0	0	0	32
assemblage-887-249	0	0	0	0	0	0	0	0	0	0	0	0	0	0	0	0	0	39	0	0	63	0	0	0	0	0	0	0	0	0	0	0	0	125	0	0	0	0	0	0	0	0	0	0	0	13	0	0	0	0	0	0	0	0	0	0	0	0	0	0	0	0	0	44	0	0	6	0	0	0	0	0	0	0	0	0	0	0	61	0	0	0	119	0	0	0	0	0	0	0	0	0	0	0	0	0	0	0	0	0	0	0	0	30
assemblage-328-523	0	0	0	0	0	0	0	0	0	0	0	0	0	0	0	0	4	34	0	0	45	0	0	0	0	0	0	0	0	0	0	0	0	125	0	0	0	0	0	0	0	0	7	0	0	14	0	0	0	0	0	0	0	0	0	0	0	0	0	0	0	0	0	40	0	0	3	0	0	0	0	0	0	0	0	0	0	0	57	0	0	0	146	0	0	0	0	0	0	0	0	0	0	0	0	0	0	0	0	0	0	0	0	25
assemblage-612-409	0	0	0	0	0	0	0	0	0	0	0	0	0	0	0	0	68	116	0	0	0	7	0	0	0	0	0	0	0	0	0	0	0	0	0	0	0	0	0	0	0	27	0	0	0	0	0	0	0	0	0	0	0	0	0	0	0	0	0	0	0	0	0	0	0	0	0	0	0	0	0	0	0	0	0	0	0	0	0	0	0	0	238	0	0	0	0	0	0	0	0	12	0	0	0	0	0	0	0	0	0	0	0	32
assemblage-887-245	0	0	0	0	0	0	0	0	0	0	0	0	0	0	0	0	0	122	0	0	102	0	0	0	0	0	0	0	0	0	0	0	0	6	0	10	0	0	0	0	0	0	145	0	0	12	0	0	0	0	0	0	0	0	0	0	0	0	0	0	0	0	0	0	0	0	27	0	0	0	0	0	5	0	0	0	0	0	0	0	0	0	14	36	0	0	0	0	0	0	0	0	0	4	0	0	0	0	0	0	0	0	0	17
assemblage-887-244	0	0	0	0	0	0	0	0	0	0	0	0	0	8	0	0	0	377	0	0	0	0	0	0	0	0	0	0	0	0	0	0	0	6	0	6	0	0	0	0	0	0	2	0	0	0	0	0	0	0	0	0	0	0	0	0	0	0	0	33	0	0	0	0	0	0	9	0	0	0	0	0	0	0	0	0	0	0	0	0	0	0	0	0	0	0	0	0	0	0	0	0	42	0	0	0	0	0	0	0	0	0	0	17
assemblage-320-522	0	0	0	0	0	0	0	0	0	0	0	0	0	0	0	0	0	370	0	0	7	0	0	0	0	0	0	0	0	0	0	0	0	14	0	8	0	0	0	0	0	0	0	0	0	0	0	0	0	0	0	0	0	0	0	0	0	0	0	19	0	0	0	0	0	0	10	0	0	0	0	0	0	0	0	0	0	0	0	0	0	0	0	0	0	0	0	0	0	0	0	0	54	0	0	0	0	0	0	0	0	0	0	18
assemblage-844-948	0	0	0	0	0	0	0	0	0	0	0	0	0	0	0	0	0	67	0	0	17	0	0	0	0	0	0	0	0	0	0	0	0	0	0	0	0	0	0	0	0	0	0	0	0	0	0	0	0	0	0	0	0	0	0	0	0	0	0	0	0	0	0	0	0	305	0	0	0	0	35	0	29	0	0	0	0	0	0	0	0	0	16	0	0	0	0	0	0	0	0	0	0	0	0	10	0	0	0	0	0	0	0	21
assemblage-905-637	0	0	0	0	127	0	0	0	0	0	0	0	0	0	0	0	0	0	0	0	16	0	0	0	0	0	0	0	8	0	0	0	8	0	0	0	0	0	0	0	0	0	0	0	0	0	0	0	0	0	26	0	0	0	0	0	0	0	0	0	0	0	0	0	0	0	0	0	0	0	0	0	0	0	0	0	0	0	0	0	253	0	0	0	0	0	0	0	0	0	0	0	0	0	0	0	0	0	0	41	0	0	0	21
assemblage-831-245	0	0	0	0	0	0	17	0	0	0	0	0	364	0	0	0	0	0	0	0	0	0	0	0	0	0	0	0	0	0	0	0	0	0	0	0	0	0	0	0	0	0	0	0	3	0	0	0	0	0	0	0	0	0	0	0	0	0	0	0	0	0	0	0	0	0	0	0	0	0	0	0	0	0	35	0	0	0	0	0	34	0	0	0	0	0	0	0	0	0	0	0	0	0	0	0	0	0	21	11	0	0	0	15
assemblage-316-844	0	0	0	0	0	0	0	0	0	0	0	4	0	0	27	0	0	0	0	0	0	0	0	0	0	0	0	0	0	43	0	0	0	331	0	1	0	0	0	0	0	0	0	0	0	0	0	0	53	0	0	0	0	0	0	0	0	0	0	0	0	0	0	0	0	0	0	0	0	9	0	0	0	0	0	0	0	0	0	0	0	0	0	0	0	0	0	0	0	0	0	0	0	13	3	0	0	0	0	0	0	0	0	16
assemblage-560-174	0	0	0	0	0	0	0	0	0	0	0	0	0	0	0	0	0	0	0	0	0	0	0	0	0	36	0	0	0	0	0	0	0	0	0	0	0	0	0	0	0	0	0	0	0	210	0	0	0	0	0	0	0	0	0	0	0	0	0	0	0	0	0	0	0	0	0	4	0	0	0	0	0	0	0	0	0	0	0	0	0	0	0	0	0	0	0	0	0	0	0	0	0	89	147	0	0	0	0	0	0	0	0	14
assemblage-721-259	0	0	0	0	120	0	0	0	0	0	0	0	0	0	0	0	0	0	0	0	21	0	0	0	0	0	0	0	4	0	0	0	6	0	0	0	0	0	0	0	0	0	0	0	0	0	0	0	0	0	12	0	0	0	0	0	0	0	0	0	0	0	0	0	0	10	0	0	0	0	0	0	0	0	0	0	0	0	0	0	274	0	0	0	0	0	0	20	0	0	0	0	0	0	0	0	0	0	0	21	0	0	0	12
assemblage-882-227	0	0	0	0	0	0	0	0	0	0	0	0	0	0	0	0	0	381	0	0	9	0	0	0	0	0	0	0	0	0	0	0	0	11	0	8	0	0	0	0	0	0	4	0	0	0	0	0	0	0	0	0	0	0	0	0	0	0	0	21	0	0	0	0	0	0	5	0	0	0	0	0	0	0	0	0	0	0	0	0	0	0	0	0	0	0	0	0	0	0	0	0	51	0	0	0	0	0	0	0	0	0	0	10
assemblage-741-603	0	0	0	0	134	0	0	0	0	0	0	0	0	0	0	0	0	0	0	0	31	0	0	0	0	0	0	0	11	0	0	0	9	0	0	0	0	0	0	0	0	0	0	0	0	0	0	0	0	0	25	0	0	0	0	0	0	0	0	0	0	0	0	0	0	0	0	0	0	0	0	0	0	0	0	0	0	0	0	0	249	0	0	0	0	0	0	7	0	0	0	0	0	0	0	0	0	0	0	28	0	0	0	6
assemblage-816-657	0	0	0	0	0	0	0	0	0	0	0	0	0	0	0	0	0	8	0	0	197	0	0	0	0	0	0	0	0	0	0	0	0	0	0	0	0	0	0	0	0	119	0	0	0	0	28	0	0	0	0	0	0	0	26	0	0	0	0	0	0	0	0	0	0	94	0	0	0	0	0	0	0	0	0	0	0	0	0	0	0	0	2	0	0	0	0	0	0	0	0	0	0	0	0	0	0	11	0	0	0	0	0	15
assemblage-227-897	0	0	0	0	0	0	0	0	0	6	0	0	0	0	0	0	5	240	0	0	0	0	0	0	0	0	0	0	0	0	0	0	0	0	0	0	0	0	0	0	0	0	0	0	0	0	0	0	0	0	0	0	0	0	0	0	0	0	0	0	0	0	10	0	0	0	0	0	0	0	0	0	0	17	0	28	0	0	0	0	0	0	156	0	0	24	0	0	0	0	0	0	0	0	0	0	0	0	0	0	0	0	0	14
assemblage-314-450	0	0	0	0	34	0	0	0	0	0	0	0	0	0	0	0	0	0	0	0	0	0	0	0	47	0	0	0	0	0	0	0	0	0	0	0	0	0	0	0	0	0	0	0	8	0	0	0	0	0	0	0	0	0	0	0	0	0	0	0	0	0	0	0	0	0	0	0	0	0	0	0	0	0	0	0	0	0	0	0	0	0	0	0	0	0	0	0	0	0	0	0	0	0	0	0	0	0	327	55	0	0	0	29
assemblage-443-504	0	0	0	0	0	0	0	0	0	0	0	0	0	0	0	0	0	0	0	0	12	0	0	0	0	0	11	0	0	0	0	0	0	54	11	0	0	0	5	0	0	0	0	0	0	16	0	0	0	0	0	0	0	0	0	0	0	0	0	0	0	0	0	0	0	0	0	0	0	0	0	0	0	0	0	0	0	0	0	0	0	7	344	0	0	0	0	0	0	19	0	0	0	2	0	0	0	0	0	0	0	0	0	19
assemblage-325-521	0	0	0	0	0	0	0	0	0	0	0	0	0	0	0	0	0	370	0	0	0	0	0	0	0	0	0	0	0	0	0	0	0	10	0	7	0	0	0	0	0	0	0	0	0	0	0	0	0	0	0	0	0	0	0	0	0	0	0	25	0	0	0	0	0	0	7	0	0	0	0	0	0	0	0	0	0	0	0	0	0	0	0	0	0	0	0	0	0	0	0	0	52	0	0	0	0	0	0	0	0	0	0	29
assemblage-834-258	0	0	0	0	0	0	0	110	0	0	0	0	5	0	0	0	0	0	0	0	0	0	0	0	0	0	0	0	0	0	0	0	0	0	0	0	0	0	0	0	0	0	0	0	143	0	0	0	0	0	0	0	0	0	0	0	6	0	0	0	0	0	0	0	0	0	0	0	0	0	0	0	0	0	0	0	0	0	0	0	7	0	0	0	0	0	0	0	0	0	0	0	0	0	0	0	0	0	11	203	0	0	0	15
assemblage-598-393	0	0	0	0	0	0	0	0	0	0	0	0	0	0	0	0	0	237	0	0	0	0	0	0	0	0	0	0	0	0	0	0	0	0	0	0	0	0	0	0	0	0	0	0	0	0	0	0	0	0	0	0	0	0	0	0	0	0	0	0	0	0	6	0	0	0	0	0	0	0	0	0	0	11	0	25	0	0	0	0	0	0	191	0	0	6	0	0	0	0	0	0	0	0	0	0	0	0	0	0	0	0	0	24
assemblage-822-600	0	0	0	0	0	2	0	0	0	0	12	0	0	0	0	0	0	0	0	0	224	0	0	0	0	0	0	0	0	0	0	0	0	0	0	0	0	0	0	0	0	25	0	0	0	0	0	0	0	0	0	0	0	0	0	0	0	0	0	0	0	0	0	0	0	54	0	0	0	0	0	0	0	0	0	0	0	0	0	0	156	0	0	0	0	0	0	0	0	0	0	0	0	0	0	0	0	0	0	0	0	0	0	27
assemblage-608-398	0	0	0	0	0	0	0	0	0	0	0	0	0	0	0	0	3	61	0	0	8	0	0	4	0	0	0	0	0	0	0	0	0	0	0	0	0	0	0	0	0	0	0	0	0	0	0	0	0	0	0	0	0	0	0	0	0	0	0	0	0	0	0	0	0	316	0	0	0	0	23	0	31	0	0	0	0	0	0	0	0	0	14	0	8	0	0	0	0	0	0	0	0	0	0	15	0	0	0	0	0	0	0	17
assemblage-331-486	0	0	0	0	0	0	0	0	0	0	0	0	0	0	0	0	0	0	0	0	0	0	0	0	0	0	0	0	0	0	0	0	0	0	0	0	0	0	0	0	0	0	0	0	73	0	0	0	0	0	0	0	0	0	0	0	0	0	0	0	0	0	0	0	0	0	0	0	0	0	0	0	0	0	0	0	0	0	0	0	7	0	0	0	0	0	0	0	0	0	0	0	0	0	0	0	0	0	16	392	0	0	0	12
assemblage-315-835	0	0	0	0	0	0	0	0	0	0	0	0	0	0	43	0	0	0	0	0	0	0	10	0	0	0	0	0	0	38	0	0	0	314	0	13	0	0	0	0	0	0	0	0	0	0	0	0	38	0	0	0	0	0	0	0	0	0	0	0	0	0	0	0	0	0	0	0	0	6	0	0	0	0	0	0	0	0	0	0	0	0	0	0	0	0	0	0	0	0	0	0	0	10	16	0	0	0	0	0	0	0	0	12
assemblage-563-186	0	0	0	0	0	0	0	0	0	0	0	0	0	0	0	0	0	0	0	0	0	0	0	0	0	53	0	0	0	0	0	0	0	0	0	0	0	0	0	0	0	0	0	0	0	197	0	0	0	0	0	0	0	0	0	0	0	0	0	0	0	0	0	0	0	0	0	9	0	0	0	0	0	0	0	0	0	0	0	0	0	0	0	0	0	0	0	0	0	0	0	0	0	81	145	0	0	0	0	0	0	0	0	15
assemblage-380-873	0	0	0	0	0	0	0	0	0	0	0	0	0	0	0	0	0	8	0	27	394	0	0	0	0	0	0	0	0	0	0	0	0	0	0	0	0	0	0	0	0	0	0	0	0	0	0	0	0	0	0	0	0	0	0	0	0	0	0	0	22	0	0	0	0	0	0	0	0	0	0	0	0	0	0	0	0	0	0	0	0	0	0	0	0	0	22	0	0	0	0	0	0	0	0	0	0	0	0	0	0	0	0	27
assemblage-640-541	0	0	0	0	0	0	0	98	0	0	0	0	0	0	0	0	0	0	0	0	0	0	0	0	0	0	0	0	0	0	0	0	0	0	0	0	0	0	0	0	0	0	0	0	153	0	0	0	0	0	0	0	0	0	0	0	0	0	0	0	0	0	0	0	0	0	0	0	0	0	0	0	0	0	0	0	0	0	0	0	5	0	0	0	0	0	0	0	0	0	0	0	0	0	0	0	0	0	7	213	0	0	0	24
assemblage-409-557	0	0	0	0	0	0	0	0	0	0	0	0	0	0	0	0	75	117	0	0	0	7	0	0	0	0	0	0	0	0	0	0	0	0	0	0	0	0	0	0	0	31	0	0	0	0	0	0	0	0	0	6	0	0	0	0	0	0	0	0	0	0	0	0	0	0	0	0	0	0	0	0	0	0	0	0	0	0	0	0	0	0	239	0	0	0	0	0	0	0	0	0	0	0	0	0	0	0	0	0	0	0	0	25
assemblage-712-246	0	0	0	0	0	0	0	0	0	0	0	0	0	0	0	0	0	0	14	0	0	0	0	0	0	0	0	0	0	0	0	0	0	0	0	0	0	0	0	0	0	0	0	0	0	0	30	0	0	0	0	0	0	0	0	0	0	0	0	0	0	0	54	0	0	33	0	0	0	0	0	0	0	0	0	0	0	0	0	6	15	0	0	0	0	0	0	0	0	0	0	0	0	0	0	0	0	0	0	336	0	0	0	12
assemblage-324-470	0	0	0	0	0	0	20	0	0	0	0	0	367	0	0	0	0	0	0	0	0	0	0	0	0	0	0	0	0	0	0	0	0	0	0	0	0	0	0	0	0	0	0	0	11	0	0	0	0	0	0	0	0	0	0	0	0	0	0	0	0	0	0	0	0	0	0	0	0	0	0	0	0	0	41	0	0	0	0	0	22	0	0	0	0	0	0	0	0	0	0	0	0	0	0	0	0	0	12	9	0	9	0	9
assemblage-567-203	0	0	0	0	0	0	0	0	0	0	0	0	0	0	0	0	0	0	0	0	0	0	0	0	0	49	0	0	0	0	0	0	0	0	0	0	0	0	0	0	0	0	0	0	0	182	0	0	0	0	0	0	0	0	0	0	0	0	0	0	0	0	0	0	0	0	0	9	0	0	0	0	0	0	0	0	0	0	0	0	0	0	0	0	0	0	0	0	0	0	0	0	0	94	149	0	0	0	0	0	0	0	0	17
assemblage-742-572	0	0	0	0	0	0	0	0	0	0	0	0	0	0	0	0	0	0	10	0	7	0	0	0	0	0	0	0	0	0	0	0	0	0	0	0	0	0	0	0	0	0	0	0	0	0	23	0	0	0	0	0	0	0	0	0	0	0	0	0	0	0	61	0	0	43	0	0	0	0	0	0	0	0	0	0	0	0	0	4	4	0	0	0	0	0	0	0	0	0	0	0	0	0	0	0	0	0	0	336	0	0	0	12
assemblage-626-532	0	0	0	0	0	0	0	9	0	0	0	0	0	0	0	0	0	0	0	0	0	0	0	0	0	0	0	0	0	0	0	0	0	0	0	0	0	0	0	0	0	0	0	0	45	0	0	0	0	0	0	0	0	0	0	0	0	0	0	0	0	0	0	0	0	0	0	0	0	0	0	0	0	0	0	0	0	0	0	0	11	0	0	0	0	0	0	0	0	0	0	0	0	0	0	0	0	0	5	421	0	0	0	9
assemblage-242-906	0	0	0	0	0	0	0	0	0	0	0	0	0	0	0	0	0	57	0	0	11	0	0	9	0	0	0	0	0	0	0	0	0	0	0	0	0	0	0	0	0	0	0	0	0	0	0	0	0	0	0	0	0	0	0	0	0	0	0	0	0	0	0	0	0	321	0	0	0	0	19	0	20	0	0	0	0	0	0	0	0	0	17	0	9	0	0	0	0	0	0	0	0	0	0	23	0	0	0	0	0	0	0	14
assemblage-841-591	0	0	0	0	0	0	0	0	0	0	0	0	0	0	0	0	0	8	0	0	194	0	0	0	0	0	0	0	0	0	0	0	0	0	0	0	0	0	0	0	0	143	0	0	0	0	19	0	0	0	0	0	0	0	16	0	0	0	0	0	0	0	0	0	0	102	0	0	0	0	0	0	0	0	0	0	0	0	0	0	0	0	0	0	0	0	0	0	0	0	0	0	0	0	0	0	0	5	0	0	0	0	0	13
assemblage-303-472	0	0	0	0	0	0	0	0	0	0	0	0	0	0	0	0	0	0	0	0	0	0	0	0	0	0	0	0	0	0	0	0	0	0	0	0	0	0	0	0	0	0	0	0	58	0	0	0	0	0	0	0	0	0	0	0	0	0	0	0	0	0	0	0	0	0	0	0	0	0	0	0	0	0	0	0	0	0	0	0	13	0	0	0	0	0	0	0	0	0	0	0	0	0	0	0	0	0	6	409	0	0	0	14
assemblage-639-275	0	0	0	0	38	0	0	0	0	0	0	0	0	0	0	0	0	0	0	0	0	0	0	0	38	0	0	0	0	0	0	0	0	0	0	0	0	0	0	0	0	0	0	0	8	0	0	0	0	0	0	0	0	0	0	0	0	0	0	0	0	0	0	0	0	0	0	0	0	0	0	0	0	0	6	0	0	0	0	0	13	0	0	0	0	0	0	0	0	0	0	0	0	0	0	0	0	0	328	51	0	0	0	18
assemblage-849-240	0	0	0	0	0	0	0	104	0	0	0	0	0	0	0	0	0	0	0	0	0	0	0	0	0	0	0	0	0	0	0	0	0	0	0	0	0	0	0	0	0	0	0	0	126	0	0	0	0	0	0	0	0	0	0	0	6	0	0	0	0	0	0	0	0	0	0	0	0	0	0	0	0	0	0	0	0	0	0	0	14	0	0	0	0	0	0	0	0	0	0	0	0	0	0	0	0	0	11	208	0	0	0	31
assemblage-409-860	0	0	0	0	0	0	0	0	0	0	0	0	0	0	0	0	0	8	0	28	401	0	0	0	0	0	0	0	0	0	0	0	0	0	0	0	0	0	0	0	0	0	0	0	0	0	0	0	0	0	0	0	0	0	0	0	0	0	0	0	30	0	0	0	0	0	0	0	0	0	0	0	0	0	0	0	0	0	0	0	0	0	0	0	0	0	15	0	0	0	0	0	0	0	0	0	0	0	0	0	0	0	0	18
assemblage-341-521	0	0	0	0	0	0	0	0	0	0	0	0	0	4	0	0	0	370	0	0	0	0	0	0	0	0	0	0	0	0	0	0	0	13	0	8	0	0	0	0	0	0	2	0	0	0	0	0	0	0	0	0	8	0	0	0	0	0	0	22	0	0	0	0	0	0	10	0	0	0	0	0	0	0	0	0	0	0	0	0	0	0	0	0	0	0	0	0	0	0	0	0	50	0	0	0	0	0	0	0	0	0	0	13
assemblage-663-387	0	0	0	0	110	0	0	0	0	0	0	0	0	0	0	0	0	0	0	0	28	0	0	0	0	0	0	0	0	0	0	0	0	0	0	0	0	0	0	0	0	0	0	0	0	0	0	0	0	0	18	0	0	0	0	0	0	0	0	0	0	0	0	0	0	0	0	0	0	0	0	0	0	0	0	0	0	0	0	0	277	0	0	0	0	0	0	8	0	0	0	0	0	0	0	0	0	0	0	34	0	0	0	25
assemblage-824-969	0	0	0	0	0	0	0	0	0	0	0	0	0	0	0	0	60	129	0	0	0	5	0	0	0	0	0	0	0	0	0	0	0	0	0	0	0	0	0	0	0	26	0	0	0	0	0	0	0	0	0	2	0	0	0	0	0	0	0	0	0	0	0	0	0	0	0	0	0	0	0	0	0	0	0	0	0	0	0	0	0	0	243	0	0	0	0	0	0	0	0	2	0	0	0	0	0	0	0	0	0	0	0	33
assemblage-861-363	0	0	10	0	0	0	0	0	0	0	0	0	0	0	0	0	0	69	0	0	21	0	0	0	0	0	0	0	0	0	0	0	0	0	0	0	10	0	0	0	74	0	0	44	0	0	0	0	0	0	0	0	0	0	0	0	0	0	0	0	0	0	0	0	0	243	0	0	0	0	0	0	0	0	0	0	0	0	0	0	0	0	0	0	0	0	0	0	0	0	0	0	0	0	0	0	0	0	0	0	0	0	0	29
assemblage-663-383	0	0	0	0	0	0	0	0	0	0	0	0	0	0	0	0	0	0	14	0	0	0	0	0	0	0	0	0	0	0	0	0	0	0	0	0	0	0	0	0	0	0	0	0	0	0	18	0	0	0	0	0	0	0	0	0	0	0	0	0	0	0	43	0	0	31	0	0	0	0	0	0	0	0	0	0	0	0	0	12	7	0	0	0	0	0	0	0	0	0	0	0	0	0	0	0	0	0	0	364	0	0	0	11
assemblage-841-247	0	0	0	0	0	0	15	0	0	0	0	0	380	0	0	0	0	0	0	0	0	0	0	0	0	0	0	0	0	0	0	0	0	0	0	0	0	0	0	0	0	0	0	0	7	0	0	0	0	0	0	0	0	0	0	0	0	0	0	0	0	0	0	0	0	0	0	0	0	0	0	0	0	0	47	0	0	0	0	0	20	0	0	0	0	0	0	0	0	0	0	0	0	0	0	0	0	0	13	5	0	0	0	13
assemblage-902-625	0	0	0	0	0	0	0	0	0	0	0	0	0	0	0	0	0	0	11	0	0	0	0	0	0	0	0	0	0	0	0	0	0	0	0	0	0	0	0	0	0	0	0	0	0	0	33	0	0	0	0	0	0	0	0	0	0	0	0	0	0	0	50	0	0	32	0	0	0	0	0	0	0	0	0	0	0	0	0	13	0	0	0	0	0	0	0	0	0	0	0	0	0	0	0	0	0	0	0	347	0	0	0	14
assemblage-554-200	0	0	0	0	0	0	0	0	0	0	0	0	0	0	0	0	0	0	0	0	0	0	0	0	0	65	0	0	0	0	0	0	0	0	0	0	0	0	0	0	0	0	0	0	0	188	0	0	0	0	0	0	0	0	0	0	0	0	0	0	0	0	0	0	0	0	0	18	0	0	0	0	0	0	0	0	0	0	0	0	0	0	0	0	0	0	0	0	0	0	0	0	0	75	146	0	0	0	0	0	0	0	0	8
assemblage-824-967	0	0	0	0	0	0	0	0	0	0	0	0	0	0	0	0	5	65	0	0	11	0	0	0	0	0	0	0	0	0	0	0	0	0	0	0	0	0	0	0	0	0	0	0	0	0	0	0	0	0	0	0	0	0	0	0	0	0	0	0	0	0	0	0	0	317	0	0	0	0	27	0	23	0	0	0	0	0	0	0	0	0	15	0	6	0	0	0	0	0	0	0	0	0	0	17	0	0	0	0	0	0	0	14
assemblage-721-243	7	6	0	0	0	0	0	0	0	0	0	0	0	0	0	0	0	0	0	0	13	0	0	0	0	0	0	0	0	0	0	0	0	0	0	0	0	0	0	0	0	0	0	0	0	0	0	0	0	0	56	0	0	0	0	0	0	0	0	0	0	0	136	0	0	49	0	0	0	0	0	0	0	0	0	0	0	0	0	0	9	0	0	0	0	0	0	0	0	0	0	0	0	0	0	0	7	0	211	0	0	0	0	6
assemblage-407-870	0	0	0	0	0	0	0	0	0	0	0	0	0	0	0	0	0	7	0	32	412	0	0	0	0	0	0	0	0	0	0	0	0	0	0	0	0	0	0	0	0	0	0	0	0	0	0	0	0	0	0	0	0	0	0	0	0	0	0	0	15	0	0	0	0	0	0	0	0	0	0	0	0	0	0	0	0	0	0	0	0	0	0	0	0	0	20	0	0	0	0	0	0	0	0	0	0	0	0	0	0	0	0	14
assemblage-566-967	0	0	0	0	0	0	0	0	0	0	0	0	0	0	0	0	0	15	0	0	20	0	0	0	0	0	3	0	0	0	0	0	0	47	0	0	0	0	0	0	0	0	0	0	0	19	0	0	0	0	0	0	0	0	0	0	0	0	0	0	0	0	0	0	0	0	0	0	0	0	0	0	0	0	0	0	0	0	0	0	0	0	353	0	0	0	0	0	0	22	0	0	0	6	0	0	0	0	0	0	0	0	0	15
assemblage-315-456	0	0	0	0	0	0	0	121	0	0	0	0	0	0	0	0	0	0	0	0	0	0	0	0	0	0	0	0	0	0	0	0	0	0	0	0	0	0	0	0	0	0	0	0	119	0	0	0	0	0	0	0	0	0	0	0	0	0	0	0	0	0	0	0	0	0	0	0	0	0	0	0	0	0	0	0	0	0	0	0	7	0	0	0	0	0	0	0	0	0	0	0	0	0	0	0	0	0	10	232	0	0	0	11
assemblage-393-879	0	0	0	0	0	0	0	0	0	0	0	0	0	0	0	0	0	12	0	26	399	0	0	0	0	0	0	0	0	0	0	0	0	0	0	0	0	0	0	0	0	0	0	0	0	0	0	0	0	0	0	0	0	0	0	0	0	0	0	0	26	0	0	0	0	0	0	0	0	0	0	0	0	0	0	0	0	0	0	0	0	0	0	0	0	0	29	0	0	0	0	0	0	0	0	0	0	0	0	0	0	0	0	8
assemblage-825-594	0	0	0	0	0	16	0	0	0	0	9	0	0	0	0	0	0	0	0	0	218	0	0	0	0	0	0	0	0	0	0	0	0	0	0	0	0	0	0	0	0	17	0	0	0	0	0	0	0	0	0	0	0	0	0	0	0	0	0	0	0	0	0	0	0	60	0	0	0	0	0	0	0	0	0	0	0	0	0	0	156	0	0	0	0	0	0	0	0	0	0	0	0	0	0	0	0	0	0	0	0	0	0	24
assemblage-406-541	0	0	0	0	0	0	0	0	0	10	0	0	0	0	0	0	9	218	0	0	0	0	0	0	0	0	0	0	0	0	0	0	0	0	0	0	0	0	0	0	0	0	0	0	0	0	0	0	0	0	0	7	0	0	0	0	0	0	0	0	0	0	15	0	0	0	0	0	0	0	0	0	0	13	0	22	0	0	0	0	0	0	190	0	0	5	0	0	0	0	0	0	0	0	0	0	0	0	0	0	0	0	0	11
assemblage-562-965	0	0	0	0	0	0	0	0	0	0	0	0	0	0	0	0	0	6	0	0	21	0	0	0	0	0	6	0	0	0	0	0	0	46	9	0	0	0	0	0	0	0	0	0	0	23	0	0	0	0	0	0	0	0	0	0	0	0	0	0	0	0	0	0	0	0	0	0	0	0	0	0	0	0	0	0	6	0	0	0	0	0	338	0	0	0	0	0	0	15	0	0	0	7	0	0	0	0	0	0	0	0	0	23
assemblage-875-237	0	0	0	0	0	0	0	0	0	0	0	0	0	0	0	0	0	5	0	0	22	0	0	0	0	0	9	0	0	0	0	0	0	40	5	0	0	0	0	0	0	0	0	0	0	26	0	0	0	0	0	0	0	0	0	0	0	0	0	0	0	0	0	0	0	0	0	0	0	0	0	0	0	0	0	0	0	0	0	0	0	0	355	0	0	0	0	0	0	10	0	0	0	7	0	0	0	0	0	0	0	0	0	21
assemblage-316-472	0	0	0	0	0	0	0	0	0	0	0	0	0	0	0	0	0	0	0	0	0	0	0	0	0	0	0	0	0	0	0	0	0	0	0	0	0	0	0	0	0	0	0	0	44	0	0	0	0	0	0	0	0	0	0	0	0	0	0	0	0	0	0	0	0	0	0	0	0	0	0	0	0	0	0	0	0	0	0	0	15	0	0	0	0	0	0	0	0	0	0	0	0	0	0	0	0	0	4	423	0	0	0	14
assemblage-233-899	0	0	0	0	0	0	0	0	0	6	0	0	0	0	0	0	4	249	0	0	0	0	0	0	0	0	0	0	0	0	0	0	0	0	0	0	0	0	0	0	0	0	0	0	0	0	0	0	0	0	0	3	0	0	0	0	0	0	0	0	0	0	6	0	0	0	0	0	0	0	0	0	0	6	0	28	0	0	0	0	0	0	161	0	0	16	0	0	0	0	0	0	0	0	0	0	0	0	0	0	0	0	0	21
assemblage-316-477	0	0	0	0	0	0	0	123	0	0	0	0	0	0	0	0	0	0	0	0	0	0	0	0	0	0	0	0	0	0	0	0	0	0	0	0	0	0	0	0	0	0	0	0	99	0	0	0	0	0	0	0	0	0	0	0	0	0	0	0	0	0	0	0	0	0	0	0	0	0	0	0	0	0	0	0	0	0	0	0	6	0	0	0	0	0	0	0	0	0	0	0	0	0	0	0	0	0	22	224	0	0	0	26
assemblage-574-203	0	0	0	0	0	0	0	0	0	0	0	0	0	0	0	0	0	0	0	6	6	0	0	0	0	46	0	0	0	0	0	0	0	0	0	0	0	0	0	0	0	0	0	0	0	211	0	0	0	0	0	0	0	0	0	0	0	0	0	0	0	0	0	0	0	0	0	6	0	0	0	0	0	0	0	0	0	0	0	0	0	0	0	0	0	0	0	0	0	0	0	0	0	70	145	0	0	0	0	0	0	0	0	10
assemblage-861-342	0	0	0	0	0	9	0	0	0	0	16	0	0	0	0	0	0	4	0	0	199	0	0	0	0	0	0	0	0	0	0	0	0	0	0	0	0	0	0	0	0	22	0	0	0	0	0	0	0	0	0	0	0	0	0	0	0	0	0	0	0	0	0	0	0	58	0	0	0	0	0	0	0	0	0	0	0	0	0	0	170	0	0	0	0	0	0	0	0	0	0	0	0	0	0	0	0	0	0	0	0	0	0	22
assemblage-454-511	0	0	0	0	0	0	0	0	0	0	0	0	0	0	0	0	0	0	0	0	17	0	0	0	0	0	6	0	0	0	0	0	0	67	4	0	0	0	18	0	0	0	0	0	0	12	0	0	0	0	0	0	0	0	0	0	0	0	0	0	0	0	0	0	0	0	0	0	0	0	0	0	0	0	0	0	0	0	0	0	0	0	335	0	0	0	0	0	0	14	0	0	0	0	0	0	0	0	0	0	0	0	0	27
assemblage-900-622	8	0	0	0	0	0	0	0	0	0	0	0	0	0	0	0	0	0	0	0	0	0	0	0	0	0	0	0	0	0	0	0	0	0	0	0	0	0	0	0	0	0	0	0	0	0	0	0	0	0	39	0	0	0	0	0	0	0	0	0	0	0	121	0	0	48	0	0	0	0	0	0	0	0	0	0	0	0	0	0	9	0	0	0	0	0	0	0	0	0	0	0	0	0	0	0	12	0	240	0	0	0	0	23
assemblage-648-626	0	0	0	0	0	0	0	0	0	0	0	114	0	0	0	0	0	0	0	0	3	0	0	0	0	0	0	0	0	9	0	0	0	0	0	0	0	0	0	0	0	0	125	0	0	0	0	16	11	0	0	0	0	0	0	0	0	0	0	0	0	0	0	0	0	0	97	0	0	0	0	11	0	0	0	0	0	0	0	0	0	0	0	0	0	0	0	0	0	0	0	0	0	103	0	0	0	0	0	0	0	0	0	11
assemblage-646-276	0	0	0	0	38	0	0	0	0	0	0	0	0	0	0	0	0	0	0	0	0	0	0	0	55	0	0	0	0	0	0	0	0	0	0	0	0	0	0	0	0	0	0	0	0	0	0	0	0	0	0	0	0	0	0	0	0	0	0	0	0	0	0	0	0	0	0	0	0	0	0	0	0	0	0	0	0	0	0	0	7	0	0	0	0	0	0	0	7	0	0	0	0	0	0	0	0	0	312	63	0	0	0	18
assemblage-843-255	0	0	0	0	0	0	0	0	0	0	0	0	0	0	0	0	0	0	0	0	0	0	0	0	0	0	0	0	0	0	0	0	0	0	0	0	0	0	0	0	0	0	0	0	68	0	0	0	0	0	0	0	0	0	0	0	0	0	0	0	0	0	0	0	0	0	0	0	0	0	0	0	0	0	0	0	0	0	0	0	12	0	0	0	0	0	0	0	0	0	0	0	0	0	0	0	0	0	0	394	0	0	0	26
assemblage-879-628	0	0	0	0	0	0	0	0	0	0	0	0	0	0	0	0	0	0	13	0	0	0	0	0	0	0	0	0	0	0	0	0	0	0	0	0	0	0	0	0	0	0	0	0	0	0	27	0	0	0	7	0	0	0	0	0	0	0	0	0	0	0	50	0	0	39	0	0	0	0	0	0	0	0	0	0	0	0	0	10	0	0	0	0	0	0	0	0	0	0	0	0	0	0	0	0	0	0	0	343	0	0	0	11
assemblage-672-417	7	0	0	0	0	0	0	0	0	0	0	0	0	0	0	0	0	0	0	0	12	0	0	0	0	0	0	0	0	0	0	0	0	0	0	0	0	0	0	0	0	0	0	0	0	0	0	0	0	0	46	0	0	0	0	0	0	0	0	0	0	0	140	0	0	32	0	0	0	0	0	0	0	0	0	0	0	0	0	0	16	0	0	0	0	0	0	0	0	0	0	0	0	0	0	0	11	0	223	0	0	0	0	13
assemblage-641-272	0	0	0	0	35	0	0	0	0	0	0	0	0	0	0	0	0	0	0	0	0	0	0	0	53	0	0	0	0	0	0	0	0	0	0	0	0	0	0	0	0	0	0	0	9	0	0	0	0	0	0	0	0	0	0	0	0	0	0	0	0	0	0	0	0	0	0	0	0	0	0	0	0	0	3	0	0	0	0	0	6	0	0	0	0	0	0	0	8	0	0	0	0	0	0	0	0	0	312	60	0	0	0	14
assemblage-623-535	0	0	0	0	42	0	0	0	0	0	0	0	0	0	0	0	0	0	0	0	0	0	0	0	35	0	0	0	0	0	0	0	0	0	0	0	0	0	0	0	0	0	0	0	12	0	0	0	0	0	0	0	0	0	0	0	0	0	0	0	0	0	0	0	0	0	0	0	0	0	0	0	0	0	0	0	0	0	0	0	5	0	0	0	0	0	0	0	0	0	0	0	0	0	0	0	0	0	339	48	0	0	0	19
assemblage-619-275	0	0	0	0	0	0	0	114	0	0	0	0	0	0	0	0	0	0	0	0	0	0	0	0	0	0	0	0	0	0	0	0	0	0	0	0	0	0	0	0	0	0	0	0	116	0	0	0	0	0	0	0	0	0	0	0	0	0	0	0	0	0	0	0	0	0	0	0	0	0	0	0	0	0	0	0	0	0	0	0	8	0	0	0	0	0	0	0	0	0	0	0	0	0	0	0	0	0	9	234	0	0	0	19
assemblage-828-944	0	0	0	0	0	0	0	0	0	0	0	0	0	0	0	0	18	113	0	0	44	0	0	0	0	0	0	0	0	0	0	0	0	0	0	0	0	0	0	0	0	5	0	0	0	0	0	0	0	0	0	0	0	0	0	0	0	0	0	0	0	11	0	10	0	88	0	0	0	0	7	0	6	0	0	6	0	0	0	0	48	0	108	0	0	0	0	0	0	0	6	0	0	0	0	0	0	0	0	0	0	0	0	30
assemblage-663-391	0	0	0	0	30	0	0	0	0	0	0	0	17	0	0	0	0	0	0	0	22	0	0	0	0	0	0	0	0	0	0	0	0	0	0	0	0	0	0	0	0	0	0	0	11	0	17	0	0	0	42	0	0	0	0	0	0	0	0	0	0	0	37	0	0	27	0	0	0	0	0	0	0	0	0	0	0	0	0	0	105	0	0	0	0	0	0	0	0	0	0	0	0	0	0	0	0	0	62	98	0	0	0	32
assemblage-899-644	0	0	0	0	0	0	0	0	0	0	0	0	0	0	0	0	0	0	0	0	4	0	0	0	0	0	0	0	0	0	0	0	0	0	0	0	0	0	0	0	0	0	0	0	0	0	0	0	0	0	48	0	0	0	0	0	0	0	0	0	0	0	150	0	0	42	0	0	0	0	0	0	0	0	0	0	0	0	0	0	8	0	0	0	0	0	0	0	0	0	0	0	0	0	0	0	9	0	222	0	0	0	0	17
assemblage-887-217	0	0	0	0	0	0	0	0	0	0	0	0	0	0	0	0	0	322	0	0	7	0	0	0	0	0	0	0	0	0	0	0	0	4	0	9	0	0	0	0	0	0	0	0	0	0	0	0	0	0	0	0	0	0	0	0	0	0	0	32	0	0	0	0	0	0	7	0	0	0	0	0	0	0	0	0	0	0	0	0	0	0	0	0	0	0	0	0	0	0	0	0	80	0	0	0	0	0	0	0	0	0	0	39
assemblage-794-958	0	0	0	0	0	0	0	0	0	0	0	0	0	0	0	0	72	141	0	0	0	5	0	0	0	0	0	0	0	0	8	0	0	0	0	0	0	0	0	0	0	27	0	0	0	0	0	0	0	0	0	0	0	0	0	0	0	0	0	0	0	0	0	0	0	0	0	0	0	0	0	0	0	0	0	0	0	0	0	0	0	0	222	0	0	0	0	0	0	0	0	0	0	0	0	0	0	0	0	0	0	0	0	25
assemblage-330-841	0	0	0	0	0	0	0	0	0	0	0	27	0	0	3	0	0	0	0	9	89	0	0	0	0	10	0	0	0	16	0	0	0	94	0	0	0	0	0	0	0	0	25	0	0	61	0	0	9	0	0	0	0	0	0	0	0	0	0	0	4	0	0	0	0	0	26	0	0	0	0	0	0	0	0	0	0	0	0	0	0	0	0	0	0	0	10	0	0	0	0	0	0	46	40	0	0	0	0	0	0	0	0	31
assemblage-630-262	0	0	0	0	0	0	0	2	0	0	0	0	0	0	0	0	0	0	0	0	0	0	0	0	0	0	0	0	0	0	0	0	0	0	0	0	0	0	0	0	0	0	0	0	59	0	0	0	0	0	0	0	0	0	0	0	0	0	0	0	0	0	0	0	0	0	0	0	0	0	0	0	0	0	0	0	0	0	0	0	8	0	0	0	0	0	0	0	0	0	0	0	0	0	0	0	0	0	4	419	0	0	0	8
assemblage-309-834	0	0	0	0	0	0	0	0	0	0	0	0	0	0	32	0	0	0	0	0	0	0	8	0	0	0	0	0	0	46	0	0	0	322	0	8	0	0	0	0	0	0	0	0	0	0	0	0	51	0	0	0	0	0	0	0	0	0	0	0	0	0	0	0	0	0	0	0	0	0	0	0	0	0	0	0	0	0	0	0	0	0	0	0	0	0	0	0	0	0	0	0	0	3	7	0	0	0	0	0	0	0	0	23
assemblage-561-976	0	0	0	0	0	0	0	0	0	0	0	0	0	0	0	0	0	118	0	0	94	0	0	0	0	0	0	0	0	0	0	0	0	7	0	14	0	0	0	0	0	0	147	0	0	22	0	0	0	0	0	0	0	0	0	0	0	0	0	0	0	0	0	0	0	0	15	0	0	0	0	0	7	0	0	0	0	0	0	0	0	0	15	30	0	0	0	0	0	0	0	0	0	24	0	0	0	0	0	0	0	0	0	7
assemblage-286-626	0	0	0	0	0	9	0	0	0	0	11	0	0	0	0	0	0	7	0	0	196	0	0	0	0	0	0	0	0	0	0	0	0	0	0	0	0	0	0	0	0	24	0	0	0	0	0	0	0	0	0	0	0	0	0	0	0	0	0	0	0	0	0	0	0	44	0	0	0	0	0	0	0	0	0	8	0	0	0	0	185	0	0	0	0	0	0	0	0	0	0	0	0	0	0	0	0	0	0	0	0	0	0	16
assemblage-302-608	0	0	0	0	0	0	0	0	0	0	0	0	0	0	0	0	0	51	0	0	23	0	0	0	0	0	0	0	0	0	0	0	0	0	0	0	24	0	0	0	82	0	0	32	0	0	0	0	0	0	0	0	0	0	0	8	0	0	0	0	0	0	0	0	0	260	0	0	0	0	0	0	0	0	0	0	0	0	0	0	6	0	0	0	0	0	0	0	0	0	0	0	0	0	0	0	0	0	0	0	0	0	0	14
assemblage-342-533	0	0	0	0	0	0	0	0	0	0	0	0	0	0	0	0	0	131	0	0	78	0	0	0	0	0	0	0	0	0	0	0	0	6	0	5	0	0	0	0	0	0	155	0	0	24	0	0	0	0	0	0	0	0	0	0	0	0	0	0	0	0	0	0	0	0	20	0	0	0	0	0	6	0	0	0	0	0	0	0	0	0	15	44	0	0	0	0	0	0	0	0	0	12	0	0	0	0	0	0	0	0	0	4
assemblage-329-453	0	0	0	0	30	0	0	0	0	0	0	0	0	0	0	0	0	0	0	0	0	0	0	0	44	0	0	0	0	0	0	0	0	0	0	0	0	0	0	0	0	0	0	0	3	0	0	0	0	0	0	0	0	0	0	0	0	0	0	0	0	0	0	0	0	0	0	0	0	0	0	0	0	0	5	0	0	0	0	0	12	0	0	0	0	0	0	0	3	0	0	0	0	0	0	0	0	0	330	54	0	0	0	19
assemblage-214-898	0	0	0	0	0	0	0	0	0	0	0	0	0	0	0	0	76	111	0	0	0	0	0	0	0	0	0	0	0	0	0	0	0	0	0	0	0	0	0	0	0	23	0	0	0	0	0	0	0	0	0	0	0	0	0	0	0	0	0	0	0	0	0	0	0	0	0	0	0	0	0	0	0	0	0	0	0	0	0	0	0	0	247	0	0	0	0	0	0	0	0	0	0	0	0	0	0	0	0	0	0	0	0	43
assemblage-559-199	0	0	0	0	0	0	0	0	0	0	0	0	0	0	0	0	0	0	0	0	0	0	0	0	0	46	0	0	0	0	0	0	0	0	0	0	0	0	0	0	0	0	0	0	0	178	0	0	0	0	0	0	0	0	0	0	0	0	0	0	0	0	0	0	0	0	0	5	0	0	0	0	0	0	0	0	0	0	0	0	0	0	0	0	0	0	0	0	0	0	0	0	0	86	173	0	0	0	0	0	0	0	0	12
assemblage-869-356	0	0	0	0	0	0	0	0	0	0	0	0	0	0	0	0	0	40	0	0	117	0	0	0	0	0	0	0	0	0	0	0	0	0	0	0	0	0	0	0	23	39	0	11	0	0	6	0	0	0	17	0	0	0	0	0	0	0	0	0	0	0	38	0	0	101	0	0	0	0	0	0	0	0	0	0	0	0	0	0	62	0	0	0	0	0	0	0	0	0	0	0	0	0	0	0	0	0	0	0	0	0	0	46
assemblage-821-660	0	0	0	0	0	6	0	0	0	0	6	0	0	0	0	0	0	7	0	0	206	0	0	0	0	0	0	0	0	0	0	0	0	0	0	0	0	0	0	0	0	31	0	0	0	0	0	0	0	0	0	0	0	0	0	0	0	0	0	0	0	0	0	0	0	59	0	0	0	0	0	0	0	0	0	0	0	0	0	0	169	0	0	0	0	0	0	0	0	0	0	0	0	0	0	0	0	0	0	0	0	0	0	16
assemblage-323-476	0	0	0	0	38	0	0	0	0	0	0	0	0	0	0	0	0	0	0	0	0	0	0	0	43	0	0	0	0	0	0	0	0	0	0	0	0	0	0	0	0	0	0	0	8	0	0	0	0	0	0	0	0	0	0	0	0	0	0	0	0	0	0	0	5	0	0	0	0	0	0	0	0	0	0	0	0	0	0	0	12	0	0	0	0	0	0	0	7	0	0	0	0	0	0	0	0	0	323	53	0	0	0	11
assemblage-562-973	0	0	0	0	0	0	0	0	0	0	0	0	0	0	0	0	6	44	0	0	51	0	0	0	0	0	0	0	0	0	0	0	0	104	0	3	0	0	0	0	0	0	0	0	0	11	0	0	0	0	0	0	0	0	0	0	0	0	0	0	0	0	0	55	0	0	7	0	0	0	0	0	0	0	0	0	0	0	69	0	0	0	126	0	0	0	0	0	0	0	0	0	0	0	0	0	0	0	0	0	0	0	0	24
assemblage-378-881	0	0	0	0	0	0	0	0	0	0	0	0	0	0	0	0	0	10	0	32	388	0	0	0	0	0	0	0	0	0	0	0	0	0	0	0	0	0	0	0	0	0	0	0	0	0	0	0	0	0	0	0	0	0	0	0	0	0	0	0	18	0	0	0	0	0	0	0	0	0	0	0	0	0	0	0	0	0	0	0	0	0	0	0	0	0	24	0	0	0	0	0	0	0	0	0	0	0	0	0	0	0	0	28
assemblage-460-510	0	0	0	0	0	0	0	0	0	0	0	0	0	0	0	0	0	376	0	0	4	0	0	0	0	0	0	0	0	0	0	0	0	6	0	13	0	0	0	0	0	0	0	0	0	0	0	0	0	0	0	0	0	0	0	0	0	0	0	15	0	0	0	0	0	0	11	0	0	0	0	0	0	0	0	0	0	0	0	0	0	0	0	0	0	0	0	0	0	0	0	0	49	0	0	0	0	0	0	0	0	0	0	26
assemblage-814-978	0	0	0	0	0	0	0	0	0	7	0	0	0	0	0	0	0	259	0	0	0	0	0	0	0	0	0	0	0	0	0	0	0	0	0	0	0	0	0	0	0	0	0	0	0	0	0	0	0	0	0	0	0	0	0	0	0	0	0	0	0	0	7	1	0	0	0	0	0	0	0	0	0	18	0	19	0	0	0	0	0	0	158	0	0	19	0	0	0	0	0	0	0	0	0	0	0	0	0	0	0	0	0	12
assemblage-301-623	0	0	0	0	0	10	0	0	0	0	7	0	0	0	0	0	0	8	0	0	193	0	0	0	0	0	0	0	0	0	0	0	0	0	0	0	0	0	0	0	0	21	0	0	0	0	0	0	0	0	0	0	0	0	0	0	0	0	0	0	0	0	0	0	0	65	0	0	4	0	0	0	0	0	0	0	0	0	0	0	166	0	0	0	0	0	0	0	0	0	0	0	0	0	0	0	0	0	0	9	0	0	0	17
assemblage-636-647	0	0	0	0	0	0	0	0	0	0	0	131	0	0	0	0	0	0	0	0	9	0	0	0	0	0	0	0	0	0	0	0	0	0	0	0	0	0	0	0	0	0	112	0	0	0	0	20	0	0	0	0	0	0	0	0	0	0	0	0	0	0	0	0	0	0	92	0	0	0	0	4	0	0	0	0	0	0	0	0	0	0	0	0	0	0	0	0	0	0	0	0	0	95	0	0	0	0	0	0	0	0	0	37
assemblage-475-521	0	0	0	0	0	0	0	0	0	0	0	0	0	0	0	0	0	27	0	0	54	0	0	0	0	0	0	0	0	0	0	0	0	122	0	0	0	0	0	0	0	0	4	0	0	15	0	0	0	0	0	7	0	0	0	0	0	0	0	0	0	0	0	50	0	0	0	0	0	0	0	0	0	0	0	0	0	0	67	0	0	0	126	0	0	0	0	0	0	0	0	0	0	0	0	0	0	0	0	0	0	0	0	28
assemblage-661-653	0	0	0	0	0	0	0	0	0	0	0	133	0	0	0	0	0	0	0	0	0	0	0	0	0	0	0	0	0	0	0	0	0	0	0	0	0	0	0	0	0	0	113	0	0	0	0	12	0	9	0	0	0	0	0	0	0	0	0	0	0	0	0	0	0	0	81	0	0	0	0	21	0	0	0	0	0	0	0	0	0	0	0	0	0	0	0	0	0	0	0	0	0	105	0	0	0	0	0	0	0	0	0	26
assemblage-717-257	0	3	0	0	0	0	0	0	0	0	0	0	0	0	0	0	0	0	0	0	8	0	0	0	0	0	0	0	0	0	0	0	0	0	0	0	0	0	0	0	0	0	0	0	0	0	0	0	0	0	46	0	0	0	0	0	0	0	0	0	0	0	141	0	0	53	0	0	0	0	0	0	0	0	0	0	0	0	0	0	6	0	0	0	0	0	0	0	0	0	0	0	0	0	0	0	2	0	223	0	0	0	0	18
assemblage-668-376	0	0	0	0	0	0	0	0	0	0	0	0	0	0	0	0	0	0	11	0	0	0	0	0	0	0	0	0	0	0	0	0	0	0	0	0	0	0	0	0	0	0	0	0	0	0	22	0	0	0	0	0	0	0	0	0	0	0	0	0	0	0	66	0	0	28	0	0	0	0	0	0	0	0	0	0	0	0	0	9	12	0	0	0	0	0	0	0	0	0	0	0	0	0	0	0	0	0	0	338	0	0	0	14
assemblage-831-602	0	0	0	0	0	0	0	0	0	0	0	0	0	0	0	0	0	129	0	0	0	0	0	0	0	0	0	0	0	0	0	0	0	0	0	0	0	0	0	0	0	5	0	0	0	0	0	0	0	0	60	0	0	0	0	0	0	0	0	0	0	0	162	0	0	17	0	0	0	0	0	0	0	0	0	11	0	0	0	0	91	0	4	0	0	0	0	0	0	0	0	0	0	0	0	0	0	0	0	0	0	0	0	21
assemblage-805-665	0	0	0	0	0	0	0	0	0	0	0	0	0	0	0	0	0	9	0	0	191	0	0	0	0	0	0	0	0	0	0	0	0	0	0	0	0	0	0	0	0	111	0	0	0	0	19	0	0	0	0	0	0	0	15	0	0	0	0	0	0	0	0	0	0	126	0	0	0	0	0	0	0	0	0	0	0	0	0	0	0	0	4	0	0	0	0	0	0	0	0	0	0	0	0	0	0	15	0	0	0	0	0	10
assemblage-811-660	0	0	4	0	0	0	0	0	0	0	0	0	0	0	0	0	0	59	0	0	18	0	0	0	0	0	0	0	0	0	0	0	0	0	0	0	5	0	0	0	89	0	0	51	0	0	0	0	0	0	0	0	0	0	0	11	0	0	0	0	0	0	0	0	0	224	0	0	0	0	0	0	0	0	0	0	0	0	0	0	6	0	0	0	0	0	0	0	0	0	0	0	0	0	0	0	0	0	0	0	9	0	0	24
assemblage-823-948	0	0	0	0	0	0	0	0	0	6	0	0	0	0	0	0	9	261	0	0	0	0	0	0	0	0	0	0	0	0	0	0	0	0	0	0	0	0	0	0	0	0	0	0	0	0	0	0	0	0	0	5	0	0	0	0	0	0	0	0	0	0	9	5	0	0	0	0	0	0	0	0	0	7	0	17	0	0	0	0	0	0	160	0	0	10	0	0	0	0	0	0	0	0	0	0	0	0	0	0	0	0	0	11
assemblage-902-239	0	0	0	0	0	0	0	0	0	0	0	0	0	0	0	0	0	37	0	0	72	0	0	0	0	0	0	0	0	0	0	0	0	125	0	0	0	0	0	0	0	0	10	0	0	7	0	0	0	0	0	0	0	0	0	0	0	0	0	0	0	0	0	33	0	0	7	0	0	0	0	0	0	0	0	0	0	0	66	0	0	0	124	0	0	0	0	0	0	0	0	0	0	0	0	0	0	0	0	0	0	0	0	19
assemblage-429-541	0	0	0	0	0	0	0	0	0	0	0	0	0	0	0	0	0	61	0	0	12	0	0	0	0	0	0	0	0	0	0	0	0	0	0	0	0	0	0	0	0	0	0	0	0	0	0	0	0	0	0	18	0	0	0	0	0	0	0	0	0	0	0	0	0	316	0	0	0	0	26	0	22	0	0	0	0	0	0	0	3	0	12	0	5	0	0	0	0	0	0	0	0	0	0	6	0	0	0	0	0	0	0	19
assemblage-838-603	0	0	4	0	0	0	0	0	0	0	0	0	0	0	0	0	0	58	0	0	18	0	0	0	0	0	0	0	0	0	0	0	0	0	0	0	8	0	0	0	84	0	0	35	0	0	0	0	0	0	0	0	0	0	0	12	0	0	0	0	0	0	0	0	0	261	0	0	0	0	0	0	0	0	0	0	0	0	0	0	2	0	0	0	0	0	0	0	0	0	0	0	0	0	0	0	0	0	0	0	0	0	0	18
assemblage-577-955	0	0	0	0	0	0	0	0	0	0	0	0	0	0	0	0	0	133	0	0	75	0	0	0	0	0	0	0	0	0	0	0	0	11	0	4	0	0	0	0	0	0	165	0	0	11	0	0	0	0	0	0	0	0	0	0	0	0	0	0	0	0	0	0	0	0	24	0	0	0	0	0	4	0	0	0	0	0	0	0	0	0	11	25	0	0	0	0	0	0	0	0	0	22	0	0	0	0	0	0	0	0	0	15
assemblage-410-550	0	0	0	0	0	0	0	0	0	0	0	0	0	0	0	0	0	22	0	0	144	0	0	0	0	0	0	0	0	0	0	0	0	0	0	0	0	0	0	0	0	0	0	0	0	0	0	0	0	0	0	0	0	12	0	0	0	0	0	0	0	74	0	24	0	0	0	0	0	0	0	0	0	0	0	0	0	0	0	0	152	0	37	0	0	0	0	0	0	0	23	0	0	0	0	0	0	0	0	0	0	0	5	7
assemblage-600-519	0	0	0	0	0	0	22	0	0	0	0	0	358	0	0	0	0	0	0	0	0	0	0	0	0	0	0	0	0	0	0	0	0	0	0	0	0	0	0	0	0	0	0	0	5	0	0	0	0	0	0	0	0	0	0	0	0	0	0	0	0	0	0	0	0	0	0	0	0	0	0	0	0	0	51	0	0	0	0	0	24	0	0	0	0	0	0	0	0	0	0	0	0	0	0	0	0	0	25	10	0	3	0	2
assemblage-731-580	0	0	0	0	0	0	0	0	0	0	0	0	62	0	0	12	0	0	0	0	84	0	0	0	0	0	0	0	0	0	0	0	0	0	0	0	0	0	0	0	0	0	0	0	41	0	18	0	0	0	86	0	0	0	0	0	0	0	0	0	0	0	3	0	0	27	0	0	0	0	0	0	0	0	0	0	0	0	0	0	158	0	0	0	0	0	0	0	0	0	0	0	0	0	0	0	0	0	0	0	0	0	0	9
assemblage-910-643	0	0	0	0	0	0	0	0	0	0	0	0	0	0	0	0	0	0	11	0	0	0	0	0	0	0	0	0	0	0	0	0	0	0	0	0	0	0	0	0	0	0	0	0	0	0	40	0	0	0	0	0	0	0	0	0	0	0	0	0	0	0	58	0	0	29	0	0	0	0	0	0	0	0	0	0	0	0	0	0	4	0	0	0	0	0	0	0	0	0	0	0	0	0	0	0	0	0	0	342	0	0	0	16
assemblage-301-629	0	0	0	0	0	0	0	0	0	0	0	0	0	0	0	0	0	9	0	0	221	0	0	0	0	0	0	0	0	0	0	0	0	0	0	0	0	0	0	0	0	93	0	0	0	0	25	0	0	0	0	0	0	0	19	0	0	0	0	0	0	0	0	0	0	104	0	0	0	0	0	0	0	0	0	0	0	0	0	0	0	0	1	0	0	0	0	0	0	0	0	0	0	0	0	0	0	11	0	0	0	0	0	17
assemblage-622-408	0	0	0	0	0	0	0	0	0	0	0	0	0	0	0	0	0	26	0	0	149	0	0	0	0	0	0	0	0	0	0	0	0	0	0	0	0	0	0	0	0	0	0	0	0	0	0	0	0	0	0	0	0	15	0	0	0	0	0	0	0	52	0	21	0	0	0	0	0	0	0	0	0	0	0	0	0	0	0	0	157	0	39	0	0	0	0	0	0	0	21	0	0	0	0	0	0	0	0	0	0	0	0	20
assemblage-585-212	0	0	0	0	0	0	0	0	0	0	0	0	0	0	0	0	0	0	0	0	0	0	0	0	0	50	0	0	0	0	0	0	0	0	0	0	0	0	0	0	0	0	0	0	0	188	0	0	0	0	0	0	0	0	0	0	0	0	0	0	0	0	0	0	0	0	0	7	0	0	0	0	0	0	0	0	0	0	0	0	0	0	0	0	0	0	0	0	0	0	0	0	0	95	143	0	0	0	0	0	0	0	0	17
assemblage-404-538	0	0	0	0	0	0	0	0	0	0	0	0	0	0	0	0	0	18	0	0	173	0	0	0	0	0	0	0	0	0	0	0	0	0	0	0	0	0	0	0	0	0	0	0	0	0	0	0	0	0	0	0	0	8	0	0	0	0	0	0	0	56	0	23	0	0	0	0	0	0	0	0	0	0	0	0	0	0	0	0	145	0	31	0	0	0	0	0	0	0	25	0	0	0	0	0	0	0	0	0	0	0	0	21
assemblage-329-519	0	0	0	0	0	0	0	0	0	0	0	0	0	0	0	0	0	27	0	0	65	0	0	0	0	0	0	0	0	0	0	0	0	121	0	4	0	0	0	0	0	0	13	0	0	12	0	0	0	0	0	0	0	0	0	0	0	0	0	0	0	0	0	49	0	0	5	0	0	0	0	0	0	0	0	0	0	0	42	0	0	0	147	0	0	0	0	0	0	0	0	0	0	0	0	0	0	0	0	0	0	0	0	15
assemblage-822-248	0	0	0	0	46	0	0	0	0	0	0	0	0	0	0	0	0	0	0	0	0	0	0	0	43	0	0	0	0	0	0	0	0	0	0	0	0	0	0	0	0	0	0	0	22	0	0	0	0	0	0	0	0	0	0	0	0	0	0	0	0	0	0	0	0	0	0	0	0	0	0	0	0	0	0	0	0	0	0	0	6	0	0	0	0	0	0	0	2	0	0	0	0	0	0	0	0	0	328	35	0	0	0	18
assemblage-404-541	0	0	0	0	0	0	0	0	0	0	0	0	0	0	0	0	0	20	0	0	150	0	0	0	0	0	0	0	0	0	0	0	0	0	0	0	0	0	0	0	0	0	0	0	0	0	0	0	0	0	0	0	0	8	0	0	0	0	0	0	0	46	0	25	0	0	0	0	0	0	0	0	0	0	0	0	0	0	0	0	155	0	48	0	0	0	0	0	0	0	35	0	0	0	0	0	0	0	0	0	0	0	5	8
assemblage-650-253	0	0	0	0	0	0	0	102	0	0	0	0	0	0	0	0	0	0	0	0	0	0	0	0	0	0	0	0	0	0	0	0	0	0	0	0	0	0	0	0	0	0	0	0	117	0	0	0	0	0	0	0	0	0	0	0	0	0	0	0	0	0	0	0	0	0	0	0	0	0	0	0	0	0	0	0	0	0	0	0	18	0	0	0	0	0	0	0	0	0	0	0	0	0	0	0	0	0	8	225	0	0	0	30
assemblage-407-544	0	0	0	0	0	0	0	0	0	0	0	0	0	0	0	0	0	59	0	0	16	0	0	0	0	0	0	0	0	0	0	0	0	0	0	0	0	0	0	0	0	0	0	0	0	0	0	0	0	0	0	0	0	0	0	0	0	0	0	0	0	0	0	0	0	333	0	0	0	0	14	0	19	0	0	0	0	0	0	0	0	0	20	0	8	0	0	0	0	0	0	0	0	0	0	8	0	0	0	0	0	0	0	23
assemblage-816-953	0	0	0	0	0	0	0	0	0	0	0	0	0	0	0	0	93	115	0	0	0	4	0	0	0	0	0	0	0	0	7	0	0	0	0	0	0	0	0	0	0	28	0	0	0	0	0	0	0	0	0	8	0	0	0	0	0	0	0	0	0	0	0	7	0	0	0	0	0	0	0	0	0	0	0	0	0	5	0	0	0	0	199	0	0	0	0	0	0	0	0	6	0	0	0	0	0	0	0	0	0	0	0	28
assemblage-832-608	0	0	0	0	0	0	0	0	0	0	0	0	0	0	0	0	0	7	0	0	197	0	0	0	0	0	0	0	0	0	0	0	0	0	0	0	0	0	0	0	0	109	0	0	0	0	31	0	0	0	0	0	0	0	9	0	0	0	0	0	0	0	0	0	0	117	0	0	0	0	0	0	0	0	0	0	0	0	0	0	0	0	9	0	0	0	0	0	0	0	0	0	0	0	0	0	0	10	0	0	0	0	0	11
assemblage-857-369	0	0	0	0	0	0	0	0	0	0	0	0	0	0	0	0	0	17	0	0	201	0	0	0	0	0	0	0	0	0	0	0	0	0	0	0	0	0	0	0	0	116	0	0	0	0	21	0	0	0	0	0	0	0	13	0	0	0	0	0	0	0	0	0	0	104	0	0	0	0	0	0	0	0	0	0	0	0	0	0	0	0	9	0	0	0	0	0	0	0	0	0	0	0	0	0	0	5	0	0	0	0	0	14
assemblage-824-587	0	0	10	0	0	0	0	0	0	0	0	0	0	0	0	0	0	51	0	0	31	0	0	0	0	0	0	0	0	0	0	0	0	0	0	0	4	0	0	0	102	0	0	37	0	0	0	0	0	0	0	0	0	0	0	7	0	5	0	0	0	0	0	0	0	226	0	0	0	0	0	0	0	0	0	0	0	0	0	0	9	0	0	0	0	0	0	0	0	0	0	0	0	0	0	0	0	0	0	0	0	0	0	18
assemblage-634-269	0	0	0	0	0	0	0	0	0	0	0	0	0	0	0	0	0	0	0	0	0	0	0	0	0	0	0	0	0	0	0	0	0	0	0	0	0	0	0	0	0	0	0	0	51	0	0	0	0	0	0	0	0	0	0	0	0	0	0	0	0	0	0	0	0	0	0	0	0	0	0	0	0	0	0	0	0	0	0	0	15	0	0	0	0	0	0	0	0	0	0	0	0	0	0	0	0	0	5	420	0	0	0	9
assemblage-637-651	0	0	0	0	0	0	0	0	0	0	0	147	0	0	0	0	0	0	0	0	0	0	0	0	0	0	0	0	0	5	0	1	0	0	0	0	0	0	0	0	0	0	106	0	0	0	0	18	2	0	0	0	0	0	0	0	0	0	0	0	0	0	0	0	0	0	94	0	0	0	0	11	0	0	0	0	0	0	0	0	0	0	0	0	0	0	0	0	0	0	0	0	0	93	0	0	0	0	0	0	0	0	0	23
assemblage-448-522	0	0	0	0	0	0	0	0	0	0	0	0	0	0	0	0	0	355	0	0	8	0	0	0	0	0	0	0	0	0	0	0	0	17	0	17	0	0	0	0	0	0	0	0	0	0	0	0	0	0	0	0	0	0	0	0	0	0	0	36	0	0	0	0	0	0	3	0	0	0	0	0	0	0	0	0	0	0	0	0	0	0	0	0	0	0	0	0	0	0	0	0	44	0	0	0	0	0	0	0	0	0	0	20
assemblage-750-587	0	0	0	0	0	0	0	0	0	0	0	0	60	0	0	9	0	0	0	0	74	0	0	0	0	0	0	0	0	0	0	0	0	0	0	0	0	0	0	0	0	0	0	0	33	0	26	0	0	0	98	0	0	0	0	0	0	0	0	0	0	0	4	0	0	21	0	0	0	0	0	0	0	0	0	0	0	0	0	0	167	0	0	0	0	0	0	0	0	0	0	0	0	0	0	0	0	0	0	0	0	0	0	8
assemblage-745-569	0	0	0	0	108	0	0	0	0	0	0	0	0	0	0	0	0	0	0	0	31	0	0	0	0	0	0	0	6	0	0	0	12	0	0	0	0	0	0	4	0	0	0	0	0	0	0	0	0	0	13	0	0	0	0	0	0	0	0	0	0	0	0	0	0	11	0	0	0	0	0	0	0	0	0	0	0	0	0	0	273	0	0	0	0	0	0	0	0	0	0	0	0	0	0	0	0	0	0	28	0	0	0	14
assemblage-809-665	0	0	0	0	0	11	0	0	0	0	8	0	0	0	0	0	0	5	0	0	183	0	0	0	0	0	0	0	0	0	0	0	0	0	0	0	0	0	0	0	0	20	0	0	0	0	0	0	0	0	0	0	0	0	0	0	0	0	0	0	0	0	0	0	0	69	0	0	0	0	0	0	0	0	0	0	0	0	0	0	173	0	0	0	0	0	0	0	0	0	0	0	0	0	0	0	0	0	0	0	0	0	0	31
assemblage-442-528	0	0	0	0	0	0	0	0	0	0	0	0	0	0	0	0	0	375	0	0	0	0	0	0	0	0	0	0	0	0	0	0	0	12	0	7	0	0	0	0	0	0	0	0	0	0	0	0	0	0	0	0	3	0	0	0	0	0	0	20	0	0	0	0	0	0	5	0	0	0	0	0	0	0	0	0	0	0	0	0	0	0	0	0	0	0	0	0	0	0	0	0	50	0	0	0	0	0	0	0	0	0	0	28
assemblage-745-595	0	0	0	0	0	0	0	0	0	0	0	0	59	0	0	14	0	0	0	0	74	0	0	0	0	0	0	0	0	0	0	0	0	0	0	0	0	0	0	0	0	0	0	0	23	0	32	0	0	0	106	0	0	0	0	0	0	0	0	0	0	0	0	0	0	21	0	0	0	0	0	0	0	0	0	0	0	0	0	0	151	0	0	0	0	0	0	0	0	0	0	0	0	0	0	0	0	0	0	0	0	0	0	20
assemblage-291-630	0	0	4	0	0	0	0	0	0	0	0	0	0	0	0	0	0	43	0	0	23	0	0	0	0	0	0	0	0	0	0	0	0	0	0	0	15	0	0	0	83	0	0	46	0	0	0	0	0	0	0	0	0	0	0	12	0	4	0	0	0	0	0	0	0	251	0	0	0	0	0	0	0	0	0	0	0	0	0	0	0	0	0	0	0	0	0	0	0	0	0	0	0	0	0	0	0	0	0	0	0	0	0	19
assemblage-803-680	0	0	0	0	0	0	0	0	0	0	0	0	0	0	0	0	0	114	0	0	0	0	0	0	0	0	0	0	0	0	0	0	0	0	0	0	0	0	0	0	0	0	0	0	0	0	0	0	0	0	68	0	0	0	0	0	0	0	0	0	0	0	148	0	0	12	0	0	0	0	0	0	0	0	0	15	0	0	0	0	111	0	0	0	0	0	0	0	0	0	0	0	0	0	0	0	0	0	0	0	0	0	0	32
assemblage-606-541	0	0	0	6	0	0	25	0	0	0	0	0	331	0	0	0	0	0	0	0	0	0	0	0	0	0	0	0	0	0	0	0	0	0	0	0	0	0	0	0	0	0	0	0	0	0	0	0	0	0	0	0	0	0	0	0	0	0	0	0	0	0	0	0	0	0	0	0	0	0	0	0	0	0	50	0	0	0	0	0	31	0	0	0	0	0	0	0	0	0	0	0	0	0	0	0	0	0	34	0	0	0	0	23
assemblage-885-239	0	0	0	0	0	0	0	0	0	0	0	0	0	0	0	0	0	121	0	0	83	0	0	0	0	0	0	0	0	0	0	0	0	9	0	4	0	0	0	0	0	0	176	0	0	17	0	0	0	0	0	0	0	0	0	0	0	0	0	0	0	0	0	0	0	0	13	0	0	0	0	0	4	0	0	0	0	0	0	0	0	0	20	25	0	0	0	0	0	0	0	0	0	15	0	0	0	0	0	0	0	0	0	13
assemblage-890-241	0	0	0	0	0	0	0	0	0	0	0	0	0	0	0	0	0	9	0	0	15	0	0	0	0	0	6	0	0	0	0	0	0	42	11	0	0	0	0	0	0	0	0	0	0	10	0	0	0	0	0	0	0	0	0	0	0	0	0	0	0	0	0	0	0	0	0	0	0	0	0	0	0	0	0	0	0	0	0	0	0	0	354	0	0	0	0	0	0	25	0	0	0	10	0	0	0	0	0	0	0	0	0	18
assemblage-219-896	0	0	0	0	0	0	0	0	0	0	0	0	0	0	0	0	0	57	0	0	12	0	0	9	0	0	0	0	0	0	0	0	0	0	0	0	0	0	0	0	0	0	0	0	0	0	0	0	0	0	0	0	0	0	0	0	0	0	0	0	0	0	0	0	0	308	0	0	0	0	12	0	34	0	0	0	0	0	0	0	0	0	16	0	20	0	0	0	0	0	0	0	0	0	0	12	0	0	0	0	0	0	0	20
assemblage-826-937	0	0	0	0	0	0	0	0	0	0	0	0	0	0	0	0	90	107	0	0	0	10	0	0	0	0	0	0	0	0	0	0	0	0	0	0	0	0	0	0	0	20	0	0	0	0	0	0	0	0	0	3	0	0	0	0	0	0	0	0	0	0	0	0	0	0	0	0	0	0	0	0	0	0	0	0	0	0	0	0	0	0	247	0	0	0	0	0	0	0	0	2	0	0	0	0	0	0	0	0	0	0	0	21
assemblage-625-387	0	0	0	0	0	0	0	0	0	0	0	0	0	0	0	0	8	76	0	0	12	0	0	9	0	0	0	0	0	0	0	0	0	0	0	0	0	0	0	0	0	0	0	0	0	0	0	0	0	0	0	0	0	0	0	0	0	0	0	0	0	0	0	0	0	315	0	0	0	0	7	0	12	0	0	0	0	0	0	0	14	0	9	0	16	0	0	0	0	0	0	0	0	0	0	9	0	0	0	0	0	0	0	13
assemblage-845-245	0	0	0	0	0	0	27	0	0	0	0	0	346	0	0	0	0	0	0	0	0	0	0	0	0	0	0	0	0	0	0	0	0	0	0	0	0	0	0	0	0	0	0	0	0	0	0	0	0	0	0	0	0	0	0	0	0	0	0	0	0	0	0	0	0	0	0	0	0	0	0	0	0	0	48	0	0	0	0	0	29	0	0	0	0	0	0	0	0	0	0	0	0	0	0	0	0	0	17	14	0	0	0	19
assemblage-613-406	0	0	0	0	0	0	0	0	0	0	0	0	0	0	0	0	0	15	0	0	187	0	0	0	0	0	0	0	0	0	0	0	0	0	0	0	0	0	0	0	0	0	0	0	0	0	0	0	0	0	0	0	0	3	0	0	0	0	0	0	0	32	0	33	0	0	0	0	0	0	0	0	0	0	0	0	0	0	0	0	162	0	36	0	0	0	0	0	0	0	19	0	0	0	0	0	0	0	0	0	0	0	4	9
assemblage-583-198	0	0	0	0	0	0	0	0	0	0	0	0	0	0	0	0	0	0	0	5	0	0	0	0	0	33	0	0	0	0	0	0	0	0	0	0	0	0	0	0	0	0	0	0	0	202	0	0	0	0	0	0	0	0	0	0	0	0	0	0	0	0	0	0	0	0	0	0	0	0	0	0	0	0	0	0	0	0	0	0	0	0	0	0	0	0	0	0	0	0	0	0	0	82	153	0	0	0	0	0	0	0	0	25
assemblage-847-950	0	0	0	0	0	0	0	0	0	0	0	0	0	0	0	0	0	60	0	0	15	0	0	8	0	0	0	0	0	0	0	0	0	0	0	0	0	0	0	0	0	0	0	0	0	0	0	0	0	0	0	9	0	0	0	0	0	0	0	0	0	0	0	0	0	307	0	0	0	0	17	0	17	0	0	0	0	0	0	0	0	0	10	0	10	0	0	0	0	0	0	0	0	0	0	23	0	0	0	0	0	0	0	24
assemblage-378-875	0	0	0	0	0	0	0	0	0	0	0	0	0	0	0	0	0	10	0	34	392	0	0	0	0	0	0	0	0	0	0	0	0	0	0	0	0	0	0	0	0	0	0	0	0	0	0	0	0	0	0	0	0	0	0	0	0	0	0	0	17	0	0	0	0	0	0	0	0	0	0	0	0	0	0	0	0	0	0	0	0	0	0	0	0	0	27	0	0	0	0	0	0	0	0	0	0	0	0	0	0	0	0	20
assemblage-637-262	0	0	0	0	12	0	0	36	0	0	0	0	103	0	0	0	0	0	0	0	0	0	0	0	16	0	0	0	0	0	0	0	0	0	0	0	0	0	0	0	0	0	0	0	40	0	0	0	0	0	0	0	0	0	0	0	0	0	0	0	0	0	0	0	0	0	0	0	0	0	0	0	0	0	21	0	0	0	0	0	13	0	0	0	0	0	0	0	0	0	0	0	0	0	0	0	0	0	83	156	0	0	0	20
assemblage-886-639	0	0	0	0	0	0	0	0	0	0	0	0	86	0	0	14	0	0	0	0	62	0	0	0	0	0	0	0	0	0	0	0	0	0	0	0	0	0	0	0	0	0	0	0	23	0	40	0	0	0	100	0	0	0	0	0	0	0	0	0	0	0	0	0	0	31	0	0	0	0	0	0	0	0	0	0	0	0	0	0	133	0	0	0	0	0	0	0	0	0	0	0	0	0	0	0	0	0	0	0	0	0	0	11
assemblage-207-883	0	0	0	0	0	0	0	0	0	0	0	0	0	0	0	0	0	30	0	0	162	0	0	0	0	0	0	0	0	0	0	0	0	0	0	0	0	0	0	0	0	0	0	0	0	0	0	0	0	0	0	0	0	5	0	0	0	0	0	0	0	50	0	22	0	0	0	0	0	0	0	0	0	0	0	0	0	0	0	0	145	0	40	0	0	0	0	0	0	0	15	0	0	0	0	6	0	0	0	0	0	0	13	12
assemblage-623-528	0	0	0	0	0	0	0	0	0	0	0	0	0	0	0	0	0	0	0	0	0	0	0	0	0	0	0	0	0	0	0	0	0	0	0	0	0	0	0	0	0	0	0	0	52	0	0	0	0	0	0	0	0	0	0	0	0	0	0	0	0	0	0	0	0	0	0	0	0	0	0	0	0	0	0	0	0	0	0	0	15	0	0	0	0	0	0	0	0	0	0	0	0	0	0	0	0	0	1	421	0	0	0	11
assemblage-814-667	0	0	0	0	0	0	0	0	0	0	0	0	0	0	0	0	0	121	0	0	0	0	0	4	0	0	0	0	0	0	0	0	0	0	0	0	0	0	0	0	0	0	0	0	0	0	0	0	0	0	58	0	0	0	0	0	0	0	0	0	0	0	162	0	0	10	0	0	0	0	0	0	0	0	0	18	0	0	0	0	100	0	7	0	0	0	0	0	0	0	0	0	0	0	0	0	0	0	0	0	0	0	0	20
assemblage-302-630	0	0	0	0	0	0	0	0	0	0	0	0	0	0	0	0	0	109	0	0	0	0	0	8	0	0	0	0	0	0	0	0	0	0	0	0	0	0	0	0	0	0	0	0	0	0	0	0	0	0	65	0	0	0	0	0	0	0	0	0	0	0	182	0	0	13	0	0	0	0	0	0	0	0	0	8	0	0	0	0	94	0	0	0	0	0	0	0	0	0	0	0	0	0	0	0	0	0	0	0	0	0	0	21
assemblage-570-959	0	0	0	0	0	0	0	0	0	0	0	0	0	0	0	0	0	111	0	0	70	0	0	0	0	0	0	0	0	0	0	0	0	5	0	11	0	0	0	0	0	0	174	0	0	13	0	0	0	0	0	0	0	0	0	0	0	0	0	0	0	0	0	0	0	0	14	0	0	0	0	0	6	0	0	0	0	0	0	0	0	0	20	44	0	0	0	0	0	0	0	0	0	18	0	0	0	0	0	0	0	0	0	14
assemblage-725-267	0	0	0	0	0	0	0	0	0	0	0	0	0	0	0	0	0	0	12	0	0	0	0	0	0	0	0	0	0	0	0	0	0	0	0	0	0	0	0	0	0	0	0	0	0	0	28	0	0	0	0	0	0	0	0	0	0	0	0	0	0	0	33	0	0	41	0	0	0	0	0	0	0	0	0	0	0	0	0	1	8	0	0	0	0	0	0	0	0	0	0	0	0	0	0	0	0	0	0	359	0	0	0	18
assemblage-316-815	0	0	0	0	0	0	0	0	0	0	0	4	0	0	37	0	0	0	0	0	0	0	0	0	0	0	0	0	0	27	0	0	0	323	0	9	0	0	0	0	0	0	0	0	0	0	0	0	43	0	0	0	0	0	0	0	0	0	0	0	0	0	0	0	0	0	0	0	0	0	0	0	0	0	0	0	0	0	0	0	0	0	0	0	0	0	0	0	0	0	0	0	0	16	9	0	0	0	0	0	0	0	0	32
assemblage-422-543	0	0	0	0	0	0	0	0	0	13	0	0	0	0	0	0	9	250	0	0	0	0	0	0	0	0	0	0	0	0	0	0	0	0	0	0	0	0	0	0	0	0	0	0	0	0	0	0	0	0	0	0	0	0	0	0	0	0	0	0	0	0	12	0	0	0	0	0	0	0	0	0	0	9	0	26	0	0	0	0	0	0	158	0	0	7	0	0	0	0	0	0	0	0	0	0	0	0	0	0	0	0	0	16
assemblage-403-871	0	0	0	0	0	0	0	0	0	0	0	0	0	0	0	0	0	5	0	27	407	0	0	0	0	0	0	0	0	0	0	0	0	0	0	0	0	0	0	0	0	0	0	0	0	0	0	0	0	0	0	0	0	0	0	0	0	0	0	0	21	0	0	0	0	0	0	0	0	0	0	0	0	0	0	0	0	0	0	0	0	0	0	0	0	0	26	0	0	0	0	0	0	0	0	0	0	0	0	0	0	0	0	14
assemblage-731-597	7	10	0	0	0	0	0	0	0	0	0	0	0	0	0	0	0	0	0	0	8	0	0	0	0	0	0	0	0	0	0	0	0	0	0	0	0	0	0	0	0	0	0	0	0	0	0	0	0	0	60	0	0	0	0	0	0	0	0	0	0	0	134	0	0	34	0	0	0	0	0	0	0	0	0	0	0	0	0	0	0	0	0	0	0	0	0	0	0	0	0	0	0	0	0	0	2	0	231	0	0	0	0	14
assemblage-583-973	0	0	0	0	0	0	0	0	0	0	0	0	0	0	0	0	0	8	0	0	7	0	0	0	0	0	11	0	0	0	0	0	0	60	4	0	0	0	0	0	0	0	0	0	0	5	0	0	0	0	0	0	0	0	0	0	0	0	0	0	0	0	0	0	0	0	0	0	0	0	0	0	0	0	0	0	0	0	0	0	0	0	360	0	0	0	0	0	0	16	0	0	0	8	0	0	0	0	0	0	0	0	0	21
assemblage-572-201	0	0	0	0	0	0	0	0	0	0	0	0	0	0	0	0	0	0	0	0	9	0	0	0	0	43	0	0	0	0	0	0	0	0	0	0	0	0	0	0	0	0	0	0	0	179	0	0	0	0	0	0	0	0	0	0	0	0	0	0	0	0	0	0	0	0	0	0	0	0	0	0	0	0	0	0	0	0	0	0	0	0	0	0	0	0	0	0	0	0	0	0	0	99	153	0	0	0	0	0	0	0	0	17
assemblage-380-885	0	0	0	0	0	0	0	0	0	0	0	0	0	0	0	0	0	6	0	31	408	0	0	0	0	0	0	0	0	0	0	0	0	0	0	0	0	0	0	0	0	0	0	0	0	0	0	0	0	0	0	0	0	0	0	0	0	0	0	0	16	0	0	0	0	0	0	0	0	0	0	0	0	0	0	0	0	0	0	0	0	0	0	0	0	0	19	0	0	0	0	0	0	0	0	0	0	0	0	0	0	0	0	20
assemblage-654-406	0	0	0	0	97	0	0	0	0	0	0	0	0	0	0	0	0	0	0	0	35	0	0	0	0	0	0	0	2	0	0	0	6	0	0	0	0	0	0	17	0	0	0	0	0	0	0	0	0	0	28	0	0	0	0	0	0	0	0	0	0	0	0	0	0	6	0	0	0	0	0	0	0	0	0	0	0	0	0	0	274	0	0	0	0	0	0	9	0	0	0	0	0	0	0	0	0	0	0	20	0	0	0	6
assemblage-221-873	0	0	0	0	0	0	0	0	0	0	0	0	0	0	0	0	0	23	0	0	156	0	0	0	0	0	0	0	0	0	0	0	0	0	0	0	0	0	0	0	0	0	0	0	0	0	0	0	0	0	0	0	0	8	0	0	0	0	0	0	0	49	0	27	0	0	0	0	0	0	0	0	0	0	0	0	0	0	0	0	151	0	39	0	0	0	0	0	0	0	25	0	0	0	0	0	0	0	0	0	0	0	0	22
assemblage-838-600	0	0	9	0	0	0	0	0	0	0	0	0	0	0	0	0	0	49	0	0	14	0	0	0	0	0	0	0	0	0	0	0	0	0	0	0	6	0	0	0	87	0	0	53	0	0	0	0	0	0	0	0	0	0	0	6	0	0	0	0	0	0	0	0	0	261	0	0	0	0	0	0	0	0	0	0	0	0	0	0	0	0	0	0	0	0	0	0	0	0	0	0	0	0	0	0	0	0	0	0	0	0	0	15
assemblage-884-367	0	0	0	0	0	0	0	0	0	0	0	0	0	0	0	0	0	16	0	0	188	0	0	0	0	0	0	0	0	0	0	0	0	0	0	0	0	0	0	0	0	142	0	0	0	0	16	0	0	0	0	0	0	0	17	0	0	0	0	0	0	0	0	0	0	99	0	0	0	0	0	0	0	0	0	0	0	0	0	0	0	0	0	0	0	0	0	0	0	0	0	0	0	0	0	0	0	4	0	0	0	0	0	18
assemblage-745-580	0	0	0	0	0	0	0	0	0	0	0	0	75	0	0	10	0	0	0	0	79	0	0	0	0	0	0	0	0	0	0	0	0	0	0	0	0	0	0	0	0	0	0	0	23	0	29	0	0	0	84	0	0	0	0	0	0	0	0	0	0	0	0	0	0	27	0	0	0	0	0	0	0	0	0	0	0	0	0	0	162	0	0	0	0	0	0	0	0	0	0	0	0	0	0	0	0	0	0	0	0	0	0	11
assemblage-647-390	0	0	0	0	0	0	0	0	0	0	0	0	0	0	0	0	0	0	0	0	12	0	0	0	0	0	0	0	0	0	0	0	0	0	0	0	0	0	0	0	0	0	0	0	0	0	0	0	0	0	53	0	0	0	0	0	0	0	0	0	0	0	154	0	0	47	0	0	0	0	0	0	0	0	0	0	0	0	0	0	3	0	0	0	0	0	0	0	0	0	0	0	0	0	0	0	14	0	200	0	0	0	0	17
assemblage-649-398	0	0	0	0	0	0	0	0	0	0	0	0	54	0	0	9	0	0	0	0	88	0	0	0	0	0	0	0	0	0	0	0	0	0	0	0	0	0	0	0	0	0	0	0	29	0	22	0	0	0	132	0	0	0	0	0	0	0	0	0	0	0	0	0	0	26	0	0	0	0	0	0	0	0	0	0	0	0	0	0	116	0	0	0	0	0	0	0	0	0	0	0	0	0	0	0	0	0	4	0	0	0	0	20
assemblage-647-650	0	0	0	0	0	0	0	0	0	0	0	132	0	0	0	0	0	0	0	0	0	0	0	0	0	0	0	0	0	11	0	0	0	0	0	0	0	0	0	0	0	0	90	0	0	0	0	25	0	2	0	0	0	0	0	0	0	0	0	0	0	0	0	0	0	0	95	0	0	0	0	12	0	0	0	0	0	0	0	0	0	0	0	0	0	0	0	0	0	0	0	0	0	107	0	0	0	0	0	0	0	0	0	26
assemblage-641-648	0	0	0	0	0	0	0	0	0	0	0	146	0	0	0	0	0	0	0	0	0	0	0	0	0	0	0	0	0	0	0	0	0	0	0	0	0	0	0	0	0	0	109	0	0	0	0	19	8	0	0	0	0	0	0	0	0	0	0	0	0	0	0	0	0	0	82	0	0	0	0	18	0	0	0	0	0	0	0	0	0	0	0	0	0	0	0	0	0	0	0	0	0	82	0	0	0	0	0	0	0	0	0	36
assemblage-730-567	0	0	0	0	0	0	0	0	0	0	0	0	0	0	0	0	0	0	7	0	0	0	0	0	0	0	0	0	0	0	0	0	0	0	0	0	0	0	0	0	0	0	0	0	0	0	30	0	0	0	0	0	0	0	0	0	0	0	0	0	0	0	52	0	0	30	0	0	0	0	0	0	0	0	0	0	0	0	0	3	7	0	0	0	0	0	0	0	0	0	0	0	0	0	0	0	0	0	0	354	0	0	0	17
assemblage-318-846	0	0	0	0	0	0	0	0	0	0	0	0	0	0	25	0	0	0	0	0	8	0	0	0	0	0	0	0	0	32	0	0	0	303	0	9	0	0	0	0	0	0	0	0	0	0	0	0	60	0	0	0	0	0	0	0	0	0	0	0	0	0	0	0	0	0	0	0	0	5	0	0	0	0	0	0	0	0	0	0	0	0	0	0	0	0	0	0	0	0	0	0	0	20	6	0	0	0	0	0	0	0	0	32
assemblage-750-574	0	7	0	0	0	0	0	0	0	0	0	0	0	0	0	0	0	0	0	0	6	0	0	0	0	0	0	0	0	0	0	0	0	0	0	0	0	0	0	0	0	0	0	0	0	0	0	0	0	0	42	0	0	0	0	0	0	0	0	0	0	0	149	0	0	44	0	0	0	0	0	0	0	0	0	0	0	0	0	0	5	0	0	0	0	0	0	0	0	0	0	0	0	0	0	0	10	0	216	0	0	0	0	21
assemblage-820-672	0	0	7	0	0	0	0	0	0	0	0	0	0	0	0	0	0	48	0	0	17	0	0	0	0	0	0	0	0	0	0	0	0	0	0	0	18	0	0	0	86	0	0	53	0	0	0	0	0	0	0	0	0	0	0	5	0	0	0	0	0	0	0	0	0	237	0	0	0	0	0	0	0	0	0	0	0	0	0	0	0	0	0	0	0	0	0	0	0	0	0	0	0	0	0	0	0	0	0	0	0	0	0	29
assemblage-625-397	0	0	0	0	0	0	0	0	0	0	0	0	0	0	0	0	0	24	0	0	159	0	0	0	0	0	0	0	0	0	0	0	0	0	0	0	0	0	0	0	0	0	0	0	0	0	0	0	0	0	0	0	0	0	0	0	0	0	0	0	0	43	0	24	0	0	0	0	0	0	0	0	0	0	0	0	0	0	0	0	153	0	50	0	0	0	0	0	0	0	28	0	0	0	0	0	0	0	0	0	0	0	6	13
assemblage-659-393	0	0	0	0	122	0	0	0	0	0	0	0	0	0	0	0	0	0	0	0	25	0	0	0	0	0	0	0	11	0	0	0	8	0	0	0	0	0	0	0	0	0	0	0	0	0	0	0	0	0	28	0	0	0	0	0	0	0	0	0	0	0	0	0	0	14	0	0	0	0	0	0	0	0	0	0	0	0	0	0	233	0	0	0	0	0	0	7	0	0	0	0	0	0	0	0	0	0	0	36	0	0	0	16
assemblage-294-632	0	0	6	0	0	0	0	0	0	0	0	0	0	0	0	0	0	71	0	0	19	0	0	0	0	0	0	0	0	0	0	0	0	0	0	0	19	0	0	0	83	0	0	49	0	0	0	0	0	0	0	0	0	0	0	9	0	0	0	0	0	0	0	0	0	224	0	0	0	0	0	0	0	0	0	0	0	0	0	0	0	0	0	0	0	0	0	0	0	0	0	0	0	0	0	0	0	0	0	0	0	0	0	20
assemblage-717-249	0	0	0	0	0	0	0	0	0	0	0	0	71	0	0	5	0	0	0	0	81	0	0	0	0	0	0	0	0	0	0	0	0	0	0	0	0	0	0	0	0	0	0	0	24	0	18	0	0	0	82	0	0	0	0	0	0	0	0	0	0	0	6	0	0	31	0	0	0	0	0	0	0	0	0	0	0	0	0	0	160	0	0	0	0	0	0	0	0	0	0	0	0	0	0	0	0	0	0	0	0	0	0	22
assemblage-639-619	0	0	0	0	0	0	0	0	0	0	0	125	0	0	0	0	0	0	0	0	0	0	0	0	0	0	0	0	0	7	0	0	0	0	0	0	0	0	0	0	0	0	127	0	0	0	0	8	0	0	0	0	0	0	0	0	0	0	0	0	0	0	0	0	0	0	97	0	0	0	0	7	0	0	0	0	0	0	0	0	0	0	0	0	0	0	0	0	0	0	0	0	0	99	0	0	0	0	0	0	0	0	0	30
assemblage-664-404	8	5	0	0	0	0	0	0	0	0	0	0	0	0	0	0	0	0	0	0	0	0	0	0	0	0	0	0	0	0	0	0	0	0	0	0	0	0	0	0	0	0	0	0	0	0	0	0	0	0	63	0	0	0	0	0	0	0	0	0	0	0	131	0	0	37	0	0	0	0	0	0	0	0	0	0	0	0	0	0	6	0	0	0	0	0	0	0	0	0	0	0	0	0	0	0	0	0	225	0	0	0	0	25
assemblage-648-277	0	0	0	0	0	0	12	0	0	0	0	0	358	0	0	0	0	0	0	0	0	0	0	0	0	0	0	0	0	0	0	0	0	0	0	0	0	0	0	0	0	0	0	0	4	0	0	0	0	0	0	0	0	0	0	0	0	0	0	0	0	0	0	0	0	0	0	0	0	0	0	0	0	0	46	0	0	0	0	0	28	0	0	0	0	0	0	0	0	0	0	0	0	0	0	0	0	0	27	13	0	0	0	12
assemblage-564-979	0	0	0	0	0	0	0	0	0	0	0	0	0	0	0	0	0	0	0	0	17	0	0	0	0	0	11	0	0	0	0	0	0	38	0	0	0	0	0	0	0	0	0	0	0	15	0	0	0	0	0	0	0	0	0	0	0	0	0	0	0	0	0	0	0	0	0	0	0	0	0	0	0	0	0	0	0	0	0	0	0	0	363	0	0	0	0	0	0	22	0	0	0	0	0	0	0	0	0	0	0	0	0	34
assemblage-330-833	0	0	0	0	0	0	0	0	0	0	0	8	0	0	29	0	0	0	0	0	0	0	7	0	0	0	0	5	0	48	0	0	0	318	0	9	0	0	0	0	0	0	0	0	0	0	0	0	34	0	0	0	0	0	0	0	0	0	0	0	0	0	0	0	0	0	0	0	0	0	0	0	0	0	0	0	0	0	0	0	0	0	0	0	0	0	0	0	0	0	0	0	0	22	4	0	0	0	0	0	0	0	0	16
assemblage-287-608	0	0	0	0	0	0	0	0	0	0	0	0	0	0	0	0	0	9	0	0	233	0	0	0	0	0	0	0	0	0	0	0	0	0	0	0	0	0	0	0	0	123	0	0	0	0	12	0	0	0	0	0	0	0	14	0	0	0	0	0	0	0	0	0	0	91	0	0	0	0	0	0	0	0	0	0	0	0	0	0	0	0	7	0	0	0	0	0	0	0	0	0	0	0	0	0	0	5	0	0	0	0	0	6
assemblage-836-587	0	0	0	0	0	0	0	0	0	0	0	0	0	0	0	0	0	99	0	0	0	0	0	0	0	0	0	0	0	0	0	0	0	0	0	0	0	0	0	0	0	11	0	0	0	0	0	0	0	0	58	0	0	0	0	0	0	0	0	0	0	0	193	0	0	9	0	0	0	0	0	0	0	0	0	8	0	0	0	0	106	0	0	0	0	0	0	0	0	0	0	0	0	0	0	0	0	0	0	0	0	0	0	16
assemblage-564-970	0	0	0	0	0	0	0	0	0	0	0	0	0	0	0	0	0	116	0	0	77	0	0	0	0	0	0	0	0	0	0	0	0	10	0	5	0	0	0	0	0	0	181	0	0	18	0	0	0	0	0	0	0	0	0	0	0	0	0	0	0	0	0	0	0	0	14	0	0	0	0	0	7	0	0	0	0	0	0	0	0	0	19	17	0	0	0	0	0	0	0	0	0	26	0	0	0	0	0	0	0	0	0	10
assemblage-234-894	0	0	0	0	0	0	0	0	0	3	0	0	0	0	0	0	9	271	0	0	0	0	0	0	0	0	0	0	0	0	0	0	0	0	0	0	0	0	0	0	0	0	0	0	0	0	0	0	0	0	0	0	0	0	0	0	0	0	0	0	0	0	12	0	0	0	0	0	0	0	0	0	0	2	0	17	0	0	0	0	0	0	163	0	0	6	0	0	0	0	0	0	0	0	0	0	0	0	0	0	0	0	0	17
assemblage-347-517	0	0	0	0	0	0	0	0	0	0	0	0	0	0	0	0	0	7	0	0	13	0	0	0	0	0	6	0	0	0	0	0	0	32	3	0	0	0	7	0	0	0	5	0	0	10	0	0	0	0	0	0	0	0	0	0	0	0	0	0	0	0	0	0	0	0	0	0	0	0	0	0	0	0	0	0	0	0	0	0	0	0	378	0	0	0	0	0	0	18	0	0	0	7	0	0	0	0	0	0	0	0	0	14
assemblage-302-636	0	0	0	0	0	0	0	0	0	0	0	0	0	0	0	0	0	107	0	0	0	0	0	0	0	0	0	0	0	0	0	0	0	0	0	0	0	0	0	0	0	11	0	0	0	0	0	0	0	0	58	0	0	0	0	0	0	0	0	0	0	0	159	0	0	13	0	0	0	0	0	0	0	0	0	15	0	0	0	0	108	0	4	0	0	0	0	0	0	0	0	0	0	0	0	0	0	0	0	0	0	0	0	25
assemblage-290-648	0	0	0	0	0	0	0	0	0	0	0	0	0	0	0	0	0	101	0	0	0	0	0	0	0	0	0	0	0	0	0	0	0	0	0	0	0	0	0	0	0	8	0	0	0	0	0	0	0	0	52	0	0	0	0	0	0	0	0	0	0	0	171	0	0	11	0	0	0	0	0	0	0	0	0	22	0	0	0	0	114	0	0	0	0	0	0	0	0	0	0	0	0	0	0	0	0	0	0	0	0	0	0	21
assemblage-232-911	0	0	0	0	0	0	0	0	0	0	0	0	0	0	0	0	0	66	0	0	17	0	0	0	0	0	0	0	0	0	0	0	0	0	0	0	0	0	0	0	0	0	0	0	0	0	0	0	0	0	0	0	0	0	0	0	0	0	0	0	0	0	0	0	0	294	0	0	0	0	27	0	19	0	0	0	0	0	0	0	1	0	28	0	13	0	0	0	0	0	0	0	0	0	0	15	0	0	0	0	0	0	0	20
assemblage-831-260	0	0	0	0	6	0	0	0	0	0	0	0	0	0	0	0	0	0	0	0	0	0	0	0	0	0	0	0	0	0	0	0	0	0	0	0	0	0	0	0	0	0	0	0	42	0	0	0	0	0	0	0	0	0	0	0	0	0	0	0	0	0	0	0	0	0	0	0	0	0	0	0	0	0	0	0	0	0	0	0	19	0	0	0	0	0	0	0	0	0	0	0	0	0	0	0	0	0	7	417	0	0	0	9
assemblage-892-645	0	0	0	0	124	0	0	0	0	0	0	0	0	0	0	0	0	0	0	0	26	0	0	0	0	0	0	0	4	0	0	0	10	0	0	0	0	0	0	5	0	0	0	0	0	0	0	0	0	0	14	0	0	0	0	0	0	0	0	0	0	0	0	0	0	1	0	0	0	0	0	0	0	0	0	0	0	0	0	0	273	0	0	0	0	0	0	1	0	0	0	0	0	0	0	0	0	0	0	35	0	0	0	7
assemblage-446-532	0	0	0	0	0	0	0	0	0	0	0	0	0	0	0	0	0	131	0	0	35	0	0	0	0	0	0	0	0	0	0	0	0	46	0	9	0	0	0	0	0	0	58	0	0	16	0	0	0	0	0	0	0	0	0	0	0	0	0	8	0	0	0	5	0	0	13	0	0	0	0	0	0	0	0	0	0	0	13	0	0	0	116	7	0	0	0	0	0	0	0	0	12	6	0	0	0	0	0	0	0	0	0	25
assemblage-328-833	0	0	0	0	0	0	0	0	0	0	0	0	0	0	18	0	0	0	0	0	10	0	8	0	0	0	0	0	0	44	0	0	0	315	0	12	0	0	0	0	0	0	0	0	0	0	0	0	52	0	0	0	0	0	0	0	0	0	0	0	0	0	0	0	0	0	0	0	0	3	0	0	0	0	0	0	0	0	0	0	0	0	0	0	0	0	0	0	0	0	0	0	0	20	7	0	0	0	0	0	0	0	0	11
assemblage-865-364	0	0	8	0	0	0	0	0	0	0	0	0	0	0	0	0	0	67	0	0	19	0	0	0	0	0	0	0	0	0	0	0	0	0	0	0	11	0	0	0	91	0	0	36	0	0	0	0	0	0	0	0	0	0	0	0	0	2	0	0	0	0	0	0	0	237	0	0	0	0	0	0	0	0	0	0	0	0	0	0	0	0	0	0	0	0	0	0	0	0	0	0	0	0	0	0	0	0	0	0	0	0	0	29
assemblage-627-418	0	0	0	0	0	0	0	0	0	0	0	0	0	0	0	0	67	112	0	0	0	0	0	0	0	0	0	0	0	0	8	0	0	0	0	0	0	0	0	0	0	22	0	0	0	0	0	0	0	0	0	0	0	0	0	0	0	0	0	0	0	0	0	0	0	0	0	0	0	0	0	0	0	0	0	0	0	6	0	0	0	0	249	0	0	0	0	0	0	0	0	11	0	0	0	0	0	0	0	0	0	0	0	25
assemblage-402-557	0	0	0	0	0	0	0	0	0	0	0	0	0	0	0	0	93	114	0	0	0	8	0	0	0	0	0	0	0	0	8	0	0	0	0	0	0	0	0	0	0	22	0	0	0	0	0	0	0	0	0	6	0	0	0	0	0	0	0	0	0	0	0	9	0	0	0	0	0	0	0	0	0	0	0	0	0	0	0	0	0	0	214	0	0	0	0	0	0	0	0	10	0	0	0	0	0	0	0	0	0	0	0	16
assemblage-415-539	0	0	0	0	0	0	0	0	0	7	0	0	0	0	0	0	0	251	0	0	0	0	0	0	0	0	0	0	0	0	0	0	0	0	0	0	0	0	0	0	0	0	0	0	0	0	0	0	0	0	0	4	0	0	0	0	0	0	0	0	0	0	10	0	0	0	0	0	0	0	0	0	0	6	0	31	0	0	0	0	0	0	174	0	0	10	0	0	0	0	0	0	0	0	0	0	0	0	0	0	0	0	0	7
assemblage-618-540	0	0	0	0	0	0	0	0	0	0	0	0	0	0	0	0	0	0	0	0	0	0	0	0	0	0	0	0	0	0	0	0	0	0	0	0	0	0	0	0	0	0	0	0	49	0	0	0	0	0	0	0	0	0	0	0	0	0	0	0	0	0	0	0	0	0	0	0	0	0	0	0	0	0	0	0	0	0	0	0	12	0	0	0	0	0	0	0	0	0	0	0	0	0	0	0	0	0	9	423	0	0	0	7
assemblage-874-244	0	0	0	0	0	0	0	0	0	0	0	0	0	0	0	0	0	37	0	0	59	0	0	0	0	0	0	0	0	0	0	0	0	110	0	0	0	0	0	0	0	0	4	0	0	9	0	0	0	0	0	0	0	0	0	0	0	0	0	0	0	0	0	42	0	0	0	0	0	0	0	0	0	0	0	0	0	0	69	0	0	0	147	0	0	0	0	0	0	0	0	0	0	0	0	0	0	0	0	0	0	0	0	23
assemblage-647-642	0	0	0	0	0	0	0	0	0	0	0	165	0	0	0	0	0	0	0	0	0	0	0	0	0	0	0	0	0	0	0	0	0	0	0	0	0	0	0	0	0	0	134	0	0	0	0	6	0	0	0	0	0	0	0	0	0	0	0	0	0	0	0	0	0	0	66	0	0	0	0	11	0	0	0	0	0	0	0	0	0	0	0	0	0	0	0	0	0	0	0	0	0	85	0	0	0	0	0	0	0	0	0	33
