Seriation_Number	Assemblage	7778611-1-0	7405456-1420358-4262211	4-7466903-4	2-4-650193	8115366-1868695-3	3-4-5799431	1447462-9381167-9192535	3794369-4-3	2-4-3976248	4-9305141-1	3058294-5832730-4262211	1-5832730-4262211	1-1-4	9380424-5832730-8561090	8115366-4-4072146	3970996-1-8527616	1-3892809-4262211	7985907-1420358-9192535	3-4-7034675	8864793-5832730-4262211	1-6089511-4262211	1-5832730-3325835	1640513-3445125-0	2-0-0	2104519-5832730-4262211	4-1-7368696	1-5832730-4221	2-8439971-4	544913-1-4	1447462-1420358-9192535	8115366-4-3	1640513-1-7695689	9380424-5832730-4262211	1-5832730-1007248	1-5186936-4262211	4310016-5832730-4262211	1640513-74579-0	1-1420358-2	7250949-1420358-2	5992602-1420358-4262211	1-4-7228245	4-2254077-4	9408225-5832730-4262211	8115366-4-165376	1640513-1-0	5783339-1420358-4262211	5720006-5832730-4262211	1-1420358-4262211	7985907-4221748-9192535	4-2-1	1640513-1-9440155	1-629963-4262211	1-4-2	1-5832730-2890412	3-4-3	3-9114782-3	1-5832730-8326715	627758-5832730-4262211	1-5832730-6271558	4-5592403-4	7985907-1420358-2	4-1-4	4-8752670-4	4-0-4436461	5901755-0-2	1-4-5197003	1-1420358-5748806	1-5832730-4905036	1447462-1420358-2111951	1447462-9381167-4737048	4-0-2	8115366-4-1361419	4318440-1-0	2-4-4	8115366-4-5029514	6175617-1420358-2	9721942-4-4	4-1-8527616	1-6320036-4262211	2851203-5832730-4262211
1	assemblage-984-844	0	0	0	0	0	0	0	0	0	0	0	0	0	0	0	0	0	0	7	0	0	0	0	0	0	0	0	0	0	0	0	0	0	0	0	0	0	13	0	0	0	0	0	0	0	0	0	255	0	0	0	0	0	0	2	0	0	0	0	8	0	198	0	0	0	0	0	0	0	0	0	0	0	0	0	2	0	0	0	15
1	assemblage-496-330	0	0	0	0	0	0	0	0	0	0	0	0	0	0	0	0	0	0	0	0	0	0	0	0	0	0	0	0	0	0	31	0	0	0	0	0	0	79	0	0	0	0	0	0	0	0	0	174	0	0	0	0	0	0	66	0	0	0	0	0	22	96	0	0	0	0	0	0	0	0	0	0	0	0	0	0	0	10	0	22
1	assemblage-457-531	0	0	0	0	0	0	0	0	0	0	0	210	0	0	0	0	0	0	0	0	0	0	0	0	0	0	0	0	0	86	132	0	0	0	0	0	0	0	0	0	0	0	0	16	0	0	0	35	0	0	0	0	0	0	0	0	0	0	0	0	0	0	0	0	0	0	0	0	13	0	0	0	0	0	0	0	0	0	0	8

2	assemblage-984-844	0	0	0	0	0	0	0	0	0	0	0	0	0	0	0	0	0	0	7	0	0	0	0	0	0	0	0	0	0	0	0	0	0	0	0	0	0	13	0	0	0	0	0	0	0	0	0	255	0	0	0	0	0	0	2	0	0	0	0	8	0	198	0	0	0	0	0	0	0	0	0	0	0	0	0	2	0	0	0	15
2	assemblage-475-348	0	0	0	0	0	0	0	0	0	0	0	0	0	0	0	0	0	12	0	0	0	0	0	0	0	0	0	0	0	0	147	0	0	0	0	0	0	91	0	0	0	0	0	0	0	0	0	68	0	0	0	0	0	0	25	0	0	0	0	0	66	27	0	0	0	0	0	0	0	0	0	0	0	0	0	0	0	29	0	35
2	assemblage-457-531	0	0	0	0	0	0	0	0	0	0	0	210	0	0	0	0	0	0	0	0	0	0	0	0	0	0	0	0	0	86	132	0	0	0	0	0	0	0	0	0	0	0	0	16	0	0	0	35	0	0	0	0	0	0	0	0	0	0	0	0	0	0	0	0	0	0	0	0	13	0	0	0	0	0	0	0	0	0	0	8

3	assemblage-715-796	0	0	0	0	0	0	0	0	0	0	0	0	0	0	0	0	0	0	0	0	0	0	0	0	0	0	0	44	0	0	0	0	0	0	0	0	0	75	0	0	0	0	0	0	0	0	0	0	0	0	0	0	0	0	6	0	0	0	0	0	0	304	0	0	0	0	0	0	0	0	0	0	0	40	0	0	0	16	0	15
3	assemblage-496-330	0	0	0	0	0	0	0	0	0	0	0	0	0	0	0	0	0	0	0	0	0	0	0	0	0	0	0	0	0	0	31	0	0	0	0	0	0	79	0	0	0	0	0	0	0	0	0	174	0	0	0	0	0	0	66	0	0	0	0	0	22	96	0	0	0	0	0	0	0	0	0	0	0	0	0	0	0	10	0	22
3	assemblage-457-531	0	0	0	0	0	0	0	0	0	0	0	210	0	0	0	0	0	0	0	0	0	0	0	0	0	0	0	0	0	86	132	0	0	0	0	0	0	0	0	0	0	0	0	16	0	0	0	35	0	0	0	0	0	0	0	0	0	0	0	0	0	0	0	0	0	0	0	0	13	0	0	0	0	0	0	0	0	0	0	8

4	assemblage-715-796	0	0	0	0	0	0	0	0	0	0	0	0	0	0	0	0	0	0	0	0	0	0	0	0	0	0	0	44	0	0	0	0	0	0	0	0	0	75	0	0	0	0	0	0	0	0	0	0	0	0	0	0	0	0	6	0	0	0	0	0	0	304	0	0	0	0	0	0	0	0	0	0	0	40	0	0	0	16	0	15
4	assemblage-475-348	0	0	0	0	0	0	0	0	0	0	0	0	0	0	0	0	0	12	0	0	0	0	0	0	0	0	0	0	0	0	147	0	0	0	0	0	0	91	0	0	0	0	0	0	0	0	0	68	0	0	0	0	0	0	25	0	0	0	0	0	66	27	0	0	0	0	0	0	0	0	0	0	0	0	0	0	0	29	0	35
4	assemblage-457-531	0	0	0	0	0	0	0	0	0	0	0	210	0	0	0	0	0	0	0	0	0	0	0	0	0	0	0	0	0	86	132	0	0	0	0	0	0	0	0	0	0	0	0	16	0	0	0	35	0	0	0	0	0	0	0	0	0	0	0	0	0	0	0	0	0	0	0	0	13	0	0	0	0	0	0	0	0	0	0	8

5	assemblage-715-796	0	0	0	0	0	0	0	0	0	0	0	0	0	0	0	0	0	0	0	0	0	0	0	0	0	0	0	44	0	0	0	0	0	0	0	0	0	75	0	0	0	0	0	0	0	0	0	0	0	0	0	0	0	0	6	0	0	0	0	0	0	304	0	0	0	0	0	0	0	0	0	0	0	40	0	0	0	16	0	15
5	assemblage-984-844	0	0	0	0	0	0	0	0	0	0	0	0	0	0	0	0	0	0	7	0	0	0	0	0	0	0	0	0	0	0	0	0	0	0	0	0	0	13	0	0	0	0	0	0	0	0	0	255	0	0	0	0	0	0	2	0	0	0	0	8	0	198	0	0	0	0	0	0	0	0	0	0	0	0	0	2	0	0	0	15
5	assemblage-457-531	0	0	0	0	0	0	0	0	0	0	0	210	0	0	0	0	0	0	0	0	0	0	0	0	0	0	0	0	0	86	132	0	0	0	0	0	0	0	0	0	0	0	0	16	0	0	0	35	0	0	0	0	0	0	0	0	0	0	0	0	0	0	0	0	0	0	0	0	13	0	0	0	0	0	0	0	0	0	0	8

6	assemblage-492-530	0	0	0	0	0	0	0	0	0	0	0	416	0	0	0	0	5	0	0	0	3	0	0	0	0	0	0	0	0	0	21	0	0	0	0	39	0	0	0	0	0	0	0	0	0	0	0	1	0	0	0	0	0	0	0	0	0	0	0	0	0	0	0	0	0	0	0	0	0	0	0	0	0	0	0	0	0	0	0	15
6	assemblage-475-348	0	0	0	0	0	0	0	0	0	0	0	0	0	0	0	0	0	12	0	0	0	0	0	0	0	0	0	0	0	0	147	0	0	0	0	0	0	91	0	0	0	0	0	0	0	0	0	68	0	0	0	0	0	0	25	0	0	0	0	0	66	27	0	0	0	0	0	0	0	0	0	0	0	0	0	0	0	29	0	35
6	assemblage-496-330	0	0	0	0	0	0	0	0	0	0	0	0	0	0	0	0	0	0	0	0	0	0	0	0	0	0	0	0	0	0	31	0	0	0	0	0	0	79	0	0	0	0	0	0	0	0	0	174	0	0	0	0	0	0	66	0	0	0	0	0	22	96	0	0	0	0	0	0	0	0	0	0	0	0	0	0	0	10	0	22

7	assemblage-570-928	0	0	0	0	0	0	0	0	0	0	0	342	0	0	0	0	0	0	0	0	0	0	0	0	0	0	0	0	0	0	45	0	83	1	0	0	0	0	0	0	0	0	0	0	0	0	0	0	0	0	0	0	0	0	0	0	0	9	0	0	0	0	0	0	0	0	0	0	0	0	0	0	0	0	0	0	0	0	0	20
7	assemblage-475-348	0	0	0	0	0	0	0	0	0	0	0	0	0	0	0	0	0	12	0	0	0	0	0	0	0	0	0	0	0	0	147	0	0	0	0	0	0	91	0	0	0	0	0	0	0	0	0	68	0	0	0	0	0	0	25	0	0	0	0	0	66	27	0	0	0	0	0	0	0	0	0	0	0	0	0	0	0	29	0	35
7	assemblage-496-330	0	0	0	0	0	0	0	0	0	0	0	0	0	0	0	0	0	0	0	0	0	0	0	0	0	0	0	0	0	0	31	0	0	0	0	0	0	79	0	0	0	0	0	0	0	0	0	174	0	0	0	0	0	0	66	0	0	0	0	0	22	96	0	0	0	0	0	0	0	0	0	0	0	0	0	0	0	10	0	22

8	assemblage-570-928	0	0	0	0	0	0	0	0	0	0	0	342	0	0	0	0	0	0	0	0	0	0	0	0	0	0	0	0	0	0	45	0	83	1	0	0	0	0	0	0	0	0	0	0	0	0	0	0	0	0	0	0	0	0	0	0	0	9	0	0	0	0	0	0	0	0	0	0	0	0	0	0	0	0	0	0	0	0	0	20
8	assemblage-715-796	0	0	0	0	0	0	0	0	0	0	0	0	0	0	0	0	0	0	0	0	0	0	0	0	0	0	0	44	0	0	0	0	0	0	0	0	0	75	0	0	0	0	0	0	0	0	0	0	0	0	0	0	0	0	6	0	0	0	0	0	0	304	0	0	0	0	0	0	0	0	0	0	0	40	0	0	0	16	0	15
8	assemblage-984-844	0	0	0	0	0	0	0	0	0	0	0	0	0	0	0	0	0	0	7	0	0	0	0	0	0	0	0	0	0	0	0	0	0	0	0	0	0	13	0	0	0	0	0	0	0	0	0	255	0	0	0	0	0	0	2	0	0	0	0	8	0	198	0	0	0	0	0	0	0	0	0	0	0	0	0	2	0	0	0	15

9	assemblage-570-928	0	0	0	0	0	0	0	0	0	0	0	342	0	0	0	0	0	0	0	0	0	0	0	0	0	0	0	0	0	0	45	0	83	1	0	0	0	0	0	0	0	0	0	0	0	0	0	0	0	0	0	0	0	0	0	0	0	9	0	0	0	0	0	0	0	0	0	0	0	0	0	0	0	0	0	0	0	0	0	20
9	assemblage-492-530	0	0	0	0	0	0	0	0	0	0	0	416	0	0	0	0	5	0	0	0	3	0	0	0	0	0	0	0	0	0	21	0	0	0	0	39	0	0	0	0	0	0	0	0	0	0	0	1	0	0	0	0	0	0	0	0	0	0	0	0	0	0	0	0	0	0	0	0	0	0	0	0	0	0	0	0	0	0	0	15
9	assemblage-984-844	0	0	0	0	0	0	0	0	0	0	0	0	0	0	0	0	0	0	7	0	0	0	0	0	0	0	0	0	0	0	0	0	0	0	0	0	0	13	0	0	0	0	0	0	0	0	0	255	0	0	0	0	0	0	2	0	0	0	0	8	0	198	0	0	0	0	0	0	0	0	0	0	0	0	0	2	0	0	0	15

10	assemblage-570-928	0	0	0	0	0	0	0	0	0	0	0	342	0	0	0	0	0	0	0	0	0	0	0	0	0	0	0	0	0	0	45	0	83	1	0	0	0	0	0	0	0	0	0	0	0	0	0	0	0	0	0	0	0	0	0	0	0	9	0	0	0	0	0	0	0	0	0	0	0	0	0	0	0	0	0	0	0	0	0	20
10	assemblage-492-530	0	0	0	0	0	0	0	0	0	0	0	416	0	0	0	0	5	0	0	0	3	0	0	0	0	0	0	0	0	0	21	0	0	0	0	39	0	0	0	0	0	0	0	0	0	0	0	1	0	0	0	0	0	0	0	0	0	0	0	0	0	0	0	0	0	0	0	0	0	0	0	0	0	0	0	0	0	0	0	15
10	assemblage-715-796	0	0	0	0	0	0	0	0	0	0	0	0	0	0	0	0	0	0	0	0	0	0	0	0	0	0	0	44	0	0	0	0	0	0	0	0	0	75	0	0	0	0	0	0	0	0	0	0	0	0	0	0	0	0	6	0	0	0	0	0	0	304	0	0	0	0	0	0	0	0	0	0	0	40	0	0	0	16	0	15

11	assemblage-998-674	0	0	0	0	0	0	44	0	0	0	0	301	0	0	0	0	0	0	0	0	0	0	0	0	0	0	0	0	0	47	90	0	0	0	0	0	0	0	0	0	0	0	0	0	0	0	0	0	0	0	0	0	0	0	0	0	0	0	0	0	0	0	0	0	0	0	0	0	0	10	0	0	0	0	0	0	0	0	0	8
11	assemblage-475-348	0	0	0	0	0	0	0	0	0	0	0	0	0	0	0	0	0	12	0	0	0	0	0	0	0	0	0	0	0	0	147	0	0	0	0	0	0	91	0	0	0	0	0	0	0	0	0	68	0	0	0	0	0	0	25	0	0	0	0	0	66	27	0	0	0	0	0	0	0	0	0	0	0	0	0	0	0	29	0	35
11	assemblage-496-330	0	0	0	0	0	0	0	0	0	0	0	0	0	0	0	0	0	0	0	0	0	0	0	0	0	0	0	0	0	0	31	0	0	0	0	0	0	79	0	0	0	0	0	0	0	0	0	174	0	0	0	0	0	0	66	0	0	0	0	0	22	96	0	0	0	0	0	0	0	0	0	0	0	0	0	0	0	10	0	22

12	assemblage-998-674	0	0	0	0	0	0	44	0	0	0	0	301	0	0	0	0	0	0	0	0	0	0	0	0	0	0	0	0	0	47	90	0	0	0	0	0	0	0	0	0	0	0	0	0	0	0	0	0	0	0	0	0	0	0	0	0	0	0	0	0	0	0	0	0	0	0	0	0	0	10	0	0	0	0	0	0	0	0	0	8
12	assemblage-715-796	0	0	0	0	0	0	0	0	0	0	0	0	0	0	0	0	0	0	0	0	0	0	0	0	0	0	0	44	0	0	0	0	0	0	0	0	0	75	0	0	0	0	0	0	0	0	0	0	0	0	0	0	0	0	6	0	0	0	0	0	0	304	0	0	0	0	0	0	0	0	0	0	0	40	0	0	0	16	0	15
12	assemblage-984-844	0	0	0	0	0	0	0	0	0	0	0	0	0	0	0	0	0	0	7	0	0	0	0	0	0	0	0	0	0	0	0	0	0	0	0	0	0	13	0	0	0	0	0	0	0	0	0	255	0	0	0	0	0	0	2	0	0	0	0	8	0	198	0	0	0	0	0	0	0	0	0	0	0	0	0	2	0	0	0	15

13	assemblage-998-674	0	0	0	0	0	0	44	0	0	0	0	301	0	0	0	0	0	0	0	0	0	0	0	0	0	0	0	0	0	47	90	0	0	0	0	0	0	0	0	0	0	0	0	0	0	0	0	0	0	0	0	0	0	0	0	0	0	0	0	0	0	0	0	0	0	0	0	0	0	10	0	0	0	0	0	0	0	0	0	8
13	assemblage-492-530	0	0	0	0	0	0	0	0	0	0	0	416	0	0	0	0	5	0	0	0	3	0	0	0	0	0	0	0	0	0	21	0	0	0	0	39	0	0	0	0	0	0	0	0	0	0	0	1	0	0	0	0	0	0	0	0	0	0	0	0	0	0	0	0	0	0	0	0	0	0	0	0	0	0	0	0	0	0	0	15
13	assemblage-984-844	0	0	0	0	0	0	0	0	0	0	0	0	0	0	0	0	0	0	7	0	0	0	0	0	0	0	0	0	0	0	0	0	0	0	0	0	0	13	0	0	0	0	0	0	0	0	0	255	0	0	0	0	0	0	2	0	0	0	0	8	0	198	0	0	0	0	0	0	0	0	0	0	0	0	0	2	0	0	0	15

14	assemblage-998-674	0	0	0	0	0	0	44	0	0	0	0	301	0	0	0	0	0	0	0	0	0	0	0	0	0	0	0	0	0	47	90	0	0	0	0	0	0	0	0	0	0	0	0	0	0	0	0	0	0	0	0	0	0	0	0	0	0	0	0	0	0	0	0	0	0	0	0	0	0	10	0	0	0	0	0	0	0	0	0	8
14	assemblage-492-530	0	0	0	0	0	0	0	0	0	0	0	416	0	0	0	0	5	0	0	0	3	0	0	0	0	0	0	0	0	0	21	0	0	0	0	39	0	0	0	0	0	0	0	0	0	0	0	1	0	0	0	0	0	0	0	0	0	0	0	0	0	0	0	0	0	0	0	0	0	0	0	0	0	0	0	0	0	0	0	15
14	assemblage-715-796	0	0	0	0	0	0	0	0	0	0	0	0	0	0	0	0	0	0	0	0	0	0	0	0	0	0	0	44	0	0	0	0	0	0	0	0	0	75	0	0	0	0	0	0	0	0	0	0	0	0	0	0	0	0	6	0	0	0	0	0	0	304	0	0	0	0	0	0	0	0	0	0	0	40	0	0	0	16	0	15

15	assemblage-998-674	0	0	0	0	0	0	44	0	0	0	0	301	0	0	0	0	0	0	0	0	0	0	0	0	0	0	0	0	0	47	90	0	0	0	0	0	0	0	0	0	0	0	0	0	0	0	0	0	0	0	0	0	0	0	0	0	0	0	0	0	0	0	0	0	0	0	0	0	0	10	0	0	0	0	0	0	0	0	0	8
15	assemblage-570-928	0	0	0	0	0	0	0	0	0	0	0	342	0	0	0	0	0	0	0	0	0	0	0	0	0	0	0	0	0	0	45	0	83	1	0	0	0	0	0	0	0	0	0	0	0	0	0	0	0	0	0	0	0	0	0	0	0	9	0	0	0	0	0	0	0	0	0	0	0	0	0	0	0	0	0	0	0	0	0	20
15	assemblage-984-844	0	0	0	0	0	0	0	0	0	0	0	0	0	0	0	0	0	0	7	0	0	0	0	0	0	0	0	0	0	0	0	0	0	0	0	0	0	13	0	0	0	0	0	0	0	0	0	255	0	0	0	0	0	0	2	0	0	0	0	8	0	198	0	0	0	0	0	0	0	0	0	0	0	0	0	2	0	0	0	15

16	assemblage-998-674	0	0	0	0	0	0	44	0	0	0	0	301	0	0	0	0	0	0	0	0	0	0	0	0	0	0	0	0	0	47	90	0	0	0	0	0	0	0	0	0	0	0	0	0	0	0	0	0	0	0	0	0	0	0	0	0	0	0	0	0	0	0	0	0	0	0	0	0	0	10	0	0	0	0	0	0	0	0	0	8
16	assemblage-570-928	0	0	0	0	0	0	0	0	0	0	0	342	0	0	0	0	0	0	0	0	0	0	0	0	0	0	0	0	0	0	45	0	83	1	0	0	0	0	0	0	0	0	0	0	0	0	0	0	0	0	0	0	0	0	0	0	0	9	0	0	0	0	0	0	0	0	0	0	0	0	0	0	0	0	0	0	0	0	0	20
16	assemblage-715-796	0	0	0	0	0	0	0	0	0	0	0	0	0	0	0	0	0	0	0	0	0	0	0	0	0	0	0	44	0	0	0	0	0	0	0	0	0	75	0	0	0	0	0	0	0	0	0	0	0	0	0	0	0	0	6	0	0	0	0	0	0	304	0	0	0	0	0	0	0	0	0	0	0	40	0	0	0	16	0	15

17	assemblage-998-674	0	0	0	0	0	0	44	0	0	0	0	301	0	0	0	0	0	0	0	0	0	0	0	0	0	0	0	0	0	47	90	0	0	0	0	0	0	0	0	0	0	0	0	0	0	0	0	0	0	0	0	0	0	0	0	0	0	0	0	0	0	0	0	0	0	0	0	0	0	10	0	0	0	0	0	0	0	0	0	8
17	assemblage-570-928	0	0	0	0	0	0	0	0	0	0	0	342	0	0	0	0	0	0	0	0	0	0	0	0	0	0	0	0	0	0	45	0	83	1	0	0	0	0	0	0	0	0	0	0	0	0	0	0	0	0	0	0	0	0	0	0	0	9	0	0	0	0	0	0	0	0	0	0	0	0	0	0	0	0	0	0	0	0	0	20
17	assemblage-492-530	0	0	0	0	0	0	0	0	0	0	0	416	0	0	0	0	5	0	0	0	3	0	0	0	0	0	0	0	0	0	21	0	0	0	0	39	0	0	0	0	0	0	0	0	0	0	0	1	0	0	0	0	0	0	0	0	0	0	0	0	0	0	0	0	0	0	0	0	0	0	0	0	0	0	0	0	0	0	0	15

18	assemblage-998-674	0	0	0	0	0	0	44	0	0	0	0	301	0	0	0	0	0	0	0	0	0	0	0	0	0	0	0	0	0	47	90	0	0	0	0	0	0	0	0	0	0	0	0	0	0	0	0	0	0	0	0	0	0	0	0	0	0	0	0	0	0	0	0	0	0	0	0	0	0	10	0	0	0	0	0	0	0	0	0	8
18	assemblage-371-515	0	0	0	0	0	0	0	0	0	0	0	0	0	0	0	0	0	41	0	0	0	0	0	0	0	0	0	0	0	105	0	0	0	0	0	0	0	83	0	0	0	0	0	0	0	42	0	197	0	0	0	0	0	0	0	0	0	0	0	0	0	0	0	0	0	0	5	0	0	0	0	0	0	0	0	0	0	0	0	27
18	assemblage-984-844	0	0	0	0	0	0	0	0	0	0	0	0	0	0	0	0	0	0	7	0	0	0	0	0	0	0	0	0	0	0	0	0	0	0	0	0	0	13	0	0	0	0	0	0	0	0	0	255	0	0	0	0	0	0	2	0	0	0	0	8	0	198	0	0	0	0	0	0	0	0	0	0	0	0	0	2	0	0	0	15

19	assemblage-998-674	0	0	0	0	0	0	44	0	0	0	0	301	0	0	0	0	0	0	0	0	0	0	0	0	0	0	0	0	0	47	90	0	0	0	0	0	0	0	0	0	0	0	0	0	0	0	0	0	0	0	0	0	0	0	0	0	0	0	0	0	0	0	0	0	0	0	0	0	0	10	0	0	0	0	0	0	0	0	0	8
19	assemblage-371-515	0	0	0	0	0	0	0	0	0	0	0	0	0	0	0	0	0	41	0	0	0	0	0	0	0	0	0	0	0	105	0	0	0	0	0	0	0	83	0	0	0	0	0	0	0	42	0	197	0	0	0	0	0	0	0	0	0	0	0	0	0	0	0	0	0	0	5	0	0	0	0	0	0	0	0	0	0	0	0	27
19	assemblage-715-796	0	0	0	0	0	0	0	0	0	0	0	0	0	0	0	0	0	0	0	0	0	0	0	0	0	0	0	44	0	0	0	0	0	0	0	0	0	75	0	0	0	0	0	0	0	0	0	0	0	0	0	0	0	0	6	0	0	0	0	0	0	304	0	0	0	0	0	0	0	0	0	0	0	40	0	0	0	16	0	15

20	assemblage-971-894	0	0	0	0	0	0	0	0	0	0	0	0	0	0	0	0	0	32	0	0	0	0	0	0	0	0	0	0	0	85	9	0	0	0	0	0	0	91	0	0	0	0	0	0	0	44	0	215	0	0	0	0	0	0	0	0	0	0	0	0	0	0	0	0	0	0	0	0	0	0	0	0	0	0	0	0	0	0	0	24
20	assemblage-371-515	0	0	0	0	0	0	0	0	0	0	0	0	0	0	0	0	0	41	0	0	0	0	0	0	0	0	0	0	0	105	0	0	0	0	0	0	0	83	0	0	0	0	0	0	0	42	0	197	0	0	0	0	0	0	0	0	0	0	0	0	0	0	0	0	0	0	5	0	0	0	0	0	0	0	0	0	0	0	0	27
20	assemblage-715-796	0	0	0	0	0	0	0	0	0	0	0	0	0	0	0	0	0	0	0	0	0	0	0	0	0	0	0	44	0	0	0	0	0	0	0	0	0	75	0	0	0	0	0	0	0	0	0	0	0	0	0	0	0	0	6	0	0	0	0	0	0	304	0	0	0	0	0	0	0	0	0	0	0	40	0	0	0	16	0	15

21	assemblage-984-897	0	0	0	0	0	0	0	0	0	0	17	270	0	0	0	0	0	32	0	0	0	0	0	0	5	0	0	0	0	0	36	0	0	0	0	0	0	9	0	0	0	0	0	0	0	33	0	70	13	0	0	0	0	0	0	0	0	0	0	0	0	0	0	0	0	0	0	0	0	0	0	0	0	0	0	0	0	0	0	15
21	assemblage-475-348	0	0	0	0	0	0	0	0	0	0	0	0	0	0	0	0	0	12	0	0	0	0	0	0	0	0	0	0	0	0	147	0	0	0	0	0	0	91	0	0	0	0	0	0	0	0	0	68	0	0	0	0	0	0	25	0	0	0	0	0	66	27	0	0	0	0	0	0	0	0	0	0	0	0	0	0	0	29	0	35
21	assemblage-496-330	0	0	0	0	0	0	0	0	0	0	0	0	0	0	0	0	0	0	0	0	0	0	0	0	0	0	0	0	0	0	31	0	0	0	0	0	0	79	0	0	0	0	0	0	0	0	0	174	0	0	0	0	0	0	66	0	0	0	0	0	22	96	0	0	0	0	0	0	0	0	0	0	0	0	0	0	0	10	0	22

22	assemblage-984-897	0	0	0	0	0	0	0	0	0	0	17	270	0	0	0	0	0	32	0	0	0	0	0	0	5	0	0	0	0	0	36	0	0	0	0	0	0	9	0	0	0	0	0	0	0	33	0	70	13	0	0	0	0	0	0	0	0	0	0	0	0	0	0	0	0	0	0	0	0	0	0	0	0	0	0	0	0	0	0	15
22	assemblage-371-515	0	0	0	0	0	0	0	0	0	0	0	0	0	0	0	0	0	41	0	0	0	0	0	0	0	0	0	0	0	105	0	0	0	0	0	0	0	83	0	0	0	0	0	0	0	42	0	197	0	0	0	0	0	0	0	0	0	0	0	0	0	0	0	0	0	0	5	0	0	0	0	0	0	0	0	0	0	0	0	27
22	assemblage-984-844	0	0	0	0	0	0	0	0	0	0	0	0	0	0	0	0	0	0	7	0	0	0	0	0	0	0	0	0	0	0	0	0	0	0	0	0	0	13	0	0	0	0	0	0	0	0	0	255	0	0	0	0	0	0	2	0	0	0	0	8	0	198	0	0	0	0	0	0	0	0	0	0	0	0	0	2	0	0	0	15

23	assemblage-984-897	0	0	0	0	0	0	0	0	0	0	17	270	0	0	0	0	0	32	0	0	0	0	0	0	5	0	0	0	0	0	36	0	0	0	0	0	0	9	0	0	0	0	0	0	0	33	0	70	13	0	0	0	0	0	0	0	0	0	0	0	0	0	0	0	0	0	0	0	0	0	0	0	0	0	0	0	0	0	0	15
23	assemblage-371-515	0	0	0	0	0	0	0	0	0	0	0	0	0	0	0	0	0	41	0	0	0	0	0	0	0	0	0	0	0	105	0	0	0	0	0	0	0	83	0	0	0	0	0	0	0	42	0	197	0	0	0	0	0	0	0	0	0	0	0	0	0	0	0	0	0	0	5	0	0	0	0	0	0	0	0	0	0	0	0	27
23	assemblage-715-796	0	0	0	0	0	0	0	0	0	0	0	0	0	0	0	0	0	0	0	0	0	0	0	0	0	0	0	44	0	0	0	0	0	0	0	0	0	75	0	0	0	0	0	0	0	0	0	0	0	0	0	0	0	0	6	0	0	0	0	0	0	304	0	0	0	0	0	0	0	0	0	0	0	40	0	0	0	16	0	15

24	assemblage-984-897	0	0	0	0	0	0	0	0	0	0	17	270	0	0	0	0	0	32	0	0	0	0	0	0	5	0	0	0	0	0	36	0	0	0	0	0	0	9	0	0	0	0	0	0	0	33	0	70	13	0	0	0	0	0	0	0	0	0	0	0	0	0	0	0	0	0	0	0	0	0	0	0	0	0	0	0	0	0	0	15
24	assemblage-971-894	0	0	0	0	0	0	0	0	0	0	0	0	0	0	0	0	0	32	0	0	0	0	0	0	0	0	0	0	0	85	9	0	0	0	0	0	0	91	0	0	0	0	0	0	0	44	0	215	0	0	0	0	0	0	0	0	0	0	0	0	0	0	0	0	0	0	0	0	0	0	0	0	0	0	0	0	0	0	0	24
24	assemblage-984-844	0	0	0	0	0	0	0	0	0	0	0	0	0	0	0	0	0	0	7	0	0	0	0	0	0	0	0	0	0	0	0	0	0	0	0	0	0	13	0	0	0	0	0	0	0	0	0	255	0	0	0	0	0	0	2	0	0	0	0	8	0	198	0	0	0	0	0	0	0	0	0	0	0	0	0	2	0	0	0	15

25	assemblage-984-897	0	0	0	0	0	0	0	0	0	0	17	270	0	0	0	0	0	32	0	0	0	0	0	0	5	0	0	0	0	0	36	0	0	0	0	0	0	9	0	0	0	0	0	0	0	33	0	70	13	0	0	0	0	0	0	0	0	0	0	0	0	0	0	0	0	0	0	0	0	0	0	0	0	0	0	0	0	0	0	15
25	assemblage-971-894	0	0	0	0	0	0	0	0	0	0	0	0	0	0	0	0	0	32	0	0	0	0	0	0	0	0	0	0	0	85	9	0	0	0	0	0	0	91	0	0	0	0	0	0	0	44	0	215	0	0	0	0	0	0	0	0	0	0	0	0	0	0	0	0	0	0	0	0	0	0	0	0	0	0	0	0	0	0	0	24
25	assemblage-715-796	0	0	0	0	0	0	0	0	0	0	0	0	0	0	0	0	0	0	0	0	0	0	0	0	0	0	0	44	0	0	0	0	0	0	0	0	0	75	0	0	0	0	0	0	0	0	0	0	0	0	0	0	0	0	6	0	0	0	0	0	0	304	0	0	0	0	0	0	0	0	0	0	0	40	0	0	0	16	0	15

26	assemblage-722-797	0	0	0	63	0	0	0	0	0	0	0	0	0	0	0	0	0	0	30	0	0	0	0	0	0	0	0	0	0	0	0	0	0	0	0	0	0	0	0	0	0	0	0	0	20	0	0	0	0	0	0	0	0	0	322	0	0	0	0	0	0	39	0	0	0	0	0	0	0	0	0	0	0	0	0	0	7	0	0	19
26	assemblage-496-330	0	0	0	0	0	0	0	0	0	0	0	0	0	0	0	0	0	0	0	0	0	0	0	0	0	0	0	0	0	0	31	0	0	0	0	0	0	79	0	0	0	0	0	0	0	0	0	174	0	0	0	0	0	0	66	0	0	0	0	0	22	96	0	0	0	0	0	0	0	0	0	0	0	0	0	0	0	10	0	22
26	assemblage-457-531	0	0	0	0	0	0	0	0	0	0	0	210	0	0	0	0	0	0	0	0	0	0	0	0	0	0	0	0	0	86	132	0	0	0	0	0	0	0	0	0	0	0	0	16	0	0	0	35	0	0	0	0	0	0	0	0	0	0	0	0	0	0	0	0	0	0	0	0	13	0	0	0	0	0	0	0	0	0	0	8

27	assemblage-722-797	0	0	0	63	0	0	0	0	0	0	0	0	0	0	0	0	0	0	30	0	0	0	0	0	0	0	0	0	0	0	0	0	0	0	0	0	0	0	0	0	0	0	0	0	20	0	0	0	0	0	0	0	0	0	322	0	0	0	0	0	0	39	0	0	0	0	0	0	0	0	0	0	0	0	0	0	7	0	0	19
27	assemblage-475-348	0	0	0	0	0	0	0	0	0	0	0	0	0	0	0	0	0	12	0	0	0	0	0	0	0	0	0	0	0	0	147	0	0	0	0	0	0	91	0	0	0	0	0	0	0	0	0	68	0	0	0	0	0	0	25	0	0	0	0	0	66	27	0	0	0	0	0	0	0	0	0	0	0	0	0	0	0	29	0	35
27	assemblage-457-531	0	0	0	0	0	0	0	0	0	0	0	210	0	0	0	0	0	0	0	0	0	0	0	0	0	0	0	0	0	86	132	0	0	0	0	0	0	0	0	0	0	0	0	16	0	0	0	35	0	0	0	0	0	0	0	0	0	0	0	0	0	0	0	0	0	0	0	0	13	0	0	0	0	0	0	0	0	0	0	8

28	assemblage-722-797	0	0	0	63	0	0	0	0	0	0	0	0	0	0	0	0	0	0	30	0	0	0	0	0	0	0	0	0	0	0	0	0	0	0	0	0	0	0	0	0	0	0	0	0	20	0	0	0	0	0	0	0	0	0	322	0	0	0	0	0	0	39	0	0	0	0	0	0	0	0	0	0	0	0	0	0	7	0	0	19
28	assemblage-984-844	0	0	0	0	0	0	0	0	0	0	0	0	0	0	0	0	0	0	7	0	0	0	0	0	0	0	0	0	0	0	0	0	0	0	0	0	0	13	0	0	0	0	0	0	0	0	0	255	0	0	0	0	0	0	2	0	0	0	0	8	0	198	0	0	0	0	0	0	0	0	0	0	0	0	0	2	0	0	0	15
28	assemblage-457-531	0	0	0	0	0	0	0	0	0	0	0	210	0	0	0	0	0	0	0	0	0	0	0	0	0	0	0	0	0	86	132	0	0	0	0	0	0	0	0	0	0	0	0	16	0	0	0	35	0	0	0	0	0	0	0	0	0	0	0	0	0	0	0	0	0	0	0	0	13	0	0	0	0	0	0	0	0	0	0	8

29	assemblage-722-797	0	0	0	63	0	0	0	0	0	0	0	0	0	0	0	0	0	0	30	0	0	0	0	0	0	0	0	0	0	0	0	0	0	0	0	0	0	0	0	0	0	0	0	0	20	0	0	0	0	0	0	0	0	0	322	0	0	0	0	0	0	39	0	0	0	0	0	0	0	0	0	0	0	0	0	0	7	0	0	19
29	assemblage-715-796	0	0	0	0	0	0	0	0	0	0	0	0	0	0	0	0	0	0	0	0	0	0	0	0	0	0	0	44	0	0	0	0	0	0	0	0	0	75	0	0	0	0	0	0	0	0	0	0	0	0	0	0	0	0	6	0	0	0	0	0	0	304	0	0	0	0	0	0	0	0	0	0	0	40	0	0	0	16	0	15
29	assemblage-457-531	0	0	0	0	0	0	0	0	0	0	0	210	0	0	0	0	0	0	0	0	0	0	0	0	0	0	0	0	0	86	132	0	0	0	0	0	0	0	0	0	0	0	0	16	0	0	0	35	0	0	0	0	0	0	0	0	0	0	0	0	0	0	0	0	0	0	0	0	13	0	0	0	0	0	0	0	0	0	0	8

30	assemblage-722-797	0	0	0	63	0	0	0	0	0	0	0	0	0	0	0	0	0	0	30	0	0	0	0	0	0	0	0	0	0	0	0	0	0	0	0	0	0	0	0	0	0	0	0	0	20	0	0	0	0	0	0	0	0	0	322	0	0	0	0	0	0	39	0	0	0	0	0	0	0	0	0	0	0	0	0	0	7	0	0	19
30	assemblage-492-530	0	0	0	0	0	0	0	0	0	0	0	416	0	0	0	0	5	0	0	0	3	0	0	0	0	0	0	0	0	0	21	0	0	0	0	39	0	0	0	0	0	0	0	0	0	0	0	1	0	0	0	0	0	0	0	0	0	0	0	0	0	0	0	0	0	0	0	0	0	0	0	0	0	0	0	0	0	0	0	15
30	assemblage-457-531	0	0	0	0	0	0	0	0	0	0	0	210	0	0	0	0	0	0	0	0	0	0	0	0	0	0	0	0	0	86	132	0	0	0	0	0	0	0	0	0	0	0	0	16	0	0	0	35	0	0	0	0	0	0	0	0	0	0	0	0	0	0	0	0	0	0	0	0	13	0	0	0	0	0	0	0	0	0	0	8

31	assemblage-722-797	0	0	0	63	0	0	0	0	0	0	0	0	0	0	0	0	0	0	30	0	0	0	0	0	0	0	0	0	0	0	0	0	0	0	0	0	0	0	0	0	0	0	0	0	20	0	0	0	0	0	0	0	0	0	322	0	0	0	0	0	0	39	0	0	0	0	0	0	0	0	0	0	0	0	0	0	7	0	0	19
31	assemblage-570-928	0	0	0	0	0	0	0	0	0	0	0	342	0	0	0	0	0	0	0	0	0	0	0	0	0	0	0	0	0	0	45	0	83	1	0	0	0	0	0	0	0	0	0	0	0	0	0	0	0	0	0	0	0	0	0	0	0	9	0	0	0	0	0	0	0	0	0	0	0	0	0	0	0	0	0	0	0	0	0	20
31	assemblage-457-531	0	0	0	0	0	0	0	0	0	0	0	210	0	0	0	0	0	0	0	0	0	0	0	0	0	0	0	0	0	86	132	0	0	0	0	0	0	0	0	0	0	0	0	16	0	0	0	35	0	0	0	0	0	0	0	0	0	0	0	0	0	0	0	0	0	0	0	0	13	0	0	0	0	0	0	0	0	0	0	8

32	assemblage-722-797	0	0	0	63	0	0	0	0	0	0	0	0	0	0	0	0	0	0	30	0	0	0	0	0	0	0	0	0	0	0	0	0	0	0	0	0	0	0	0	0	0	0	0	0	20	0	0	0	0	0	0	0	0	0	322	0	0	0	0	0	0	39	0	0	0	0	0	0	0	0	0	0	0	0	0	0	7	0	0	19
32	assemblage-570-928	0	0	0	0	0	0	0	0	0	0	0	342	0	0	0	0	0	0	0	0	0	0	0	0	0	0	0	0	0	0	45	0	83	1	0	0	0	0	0	0	0	0	0	0	0	0	0	0	0	0	0	0	0	0	0	0	0	9	0	0	0	0	0	0	0	0	0	0	0	0	0	0	0	0	0	0	0	0	0	20
32	assemblage-492-530	0	0	0	0	0	0	0	0	0	0	0	416	0	0	0	0	5	0	0	0	3	0	0	0	0	0	0	0	0	0	21	0	0	0	0	39	0	0	0	0	0	0	0	0	0	0	0	1	0	0	0	0	0	0	0	0	0	0	0	0	0	0	0	0	0	0	0	0	0	0	0	0	0	0	0	0	0	0	0	15

33	assemblage-722-797	0	0	0	63	0	0	0	0	0	0	0	0	0	0	0	0	0	0	30	0	0	0	0	0	0	0	0	0	0	0	0	0	0	0	0	0	0	0	0	0	0	0	0	0	20	0	0	0	0	0	0	0	0	0	322	0	0	0	0	0	0	39	0	0	0	0	0	0	0	0	0	0	0	0	0	0	7	0	0	19
33	assemblage-371-515	0	0	0	0	0	0	0	0	0	0	0	0	0	0	0	0	0	41	0	0	0	0	0	0	0	0	0	0	0	105	0	0	0	0	0	0	0	83	0	0	0	0	0	0	0	42	0	197	0	0	0	0	0	0	0	0	0	0	0	0	0	0	0	0	0	0	5	0	0	0	0	0	0	0	0	0	0	0	0	27
33	assemblage-457-531	0	0	0	0	0	0	0	0	0	0	0	210	0	0	0	0	0	0	0	0	0	0	0	0	0	0	0	0	0	86	132	0	0	0	0	0	0	0	0	0	0	0	0	16	0	0	0	35	0	0	0	0	0	0	0	0	0	0	0	0	0	0	0	0	0	0	0	0	13	0	0	0	0	0	0	0	0	0	0	8

34	assemblage-722-797	0	0	0	63	0	0	0	0	0	0	0	0	0	0	0	0	0	0	30	0	0	0	0	0	0	0	0	0	0	0	0	0	0	0	0	0	0	0	0	0	0	0	0	0	20	0	0	0	0	0	0	0	0	0	322	0	0	0	0	0	0	39	0	0	0	0	0	0	0	0	0	0	0	0	0	0	7	0	0	19
34	assemblage-371-515	0	0	0	0	0	0	0	0	0	0	0	0	0	0	0	0	0	41	0	0	0	0	0	0	0	0	0	0	0	105	0	0	0	0	0	0	0	83	0	0	0	0	0	0	0	42	0	197	0	0	0	0	0	0	0	0	0	0	0	0	0	0	0	0	0	0	5	0	0	0	0	0	0	0	0	0	0	0	0	27
34	assemblage-492-530	0	0	0	0	0	0	0	0	0	0	0	416	0	0	0	0	5	0	0	0	3	0	0	0	0	0	0	0	0	0	21	0	0	0	0	39	0	0	0	0	0	0	0	0	0	0	0	1	0	0	0	0	0	0	0	0	0	0	0	0	0	0	0	0	0	0	0	0	0	0	0	0	0	0	0	0	0	0	0	15

35	assemblage-722-797	0	0	0	63	0	0	0	0	0	0	0	0	0	0	0	0	0	0	30	0	0	0	0	0	0	0	0	0	0	0	0	0	0	0	0	0	0	0	0	0	0	0	0	0	20	0	0	0	0	0	0	0	0	0	322	0	0	0	0	0	0	39	0	0	0	0	0	0	0	0	0	0	0	0	0	0	7	0	0	19
35	assemblage-371-515	0	0	0	0	0	0	0	0	0	0	0	0	0	0	0	0	0	41	0	0	0	0	0	0	0	0	0	0	0	105	0	0	0	0	0	0	0	83	0	0	0	0	0	0	0	42	0	197	0	0	0	0	0	0	0	0	0	0	0	0	0	0	0	0	0	0	5	0	0	0	0	0	0	0	0	0	0	0	0	27
35	assemblage-570-928	0	0	0	0	0	0	0	0	0	0	0	342	0	0	0	0	0	0	0	0	0	0	0	0	0	0	0	0	0	0	45	0	83	1	0	0	0	0	0	0	0	0	0	0	0	0	0	0	0	0	0	0	0	0	0	0	0	9	0	0	0	0	0	0	0	0	0	0	0	0	0	0	0	0	0	0	0	0	0	20

36	assemblage-722-797	0	0	0	63	0	0	0	0	0	0	0	0	0	0	0	0	0	0	30	0	0	0	0	0	0	0	0	0	0	0	0	0	0	0	0	0	0	0	0	0	0	0	0	0	20	0	0	0	0	0	0	0	0	0	322	0	0	0	0	0	0	39	0	0	0	0	0	0	0	0	0	0	0	0	0	0	7	0	0	19
36	assemblage-998-674	0	0	0	0	0	0	44	0	0	0	0	301	0	0	0	0	0	0	0	0	0	0	0	0	0	0	0	0	0	47	90	0	0	0	0	0	0	0	0	0	0	0	0	0	0	0	0	0	0	0	0	0	0	0	0	0	0	0	0	0	0	0	0	0	0	0	0	0	0	10	0	0	0	0	0	0	0	0	0	8
36	assemblage-457-531	0	0	0	0	0	0	0	0	0	0	0	210	0	0	0	0	0	0	0	0	0	0	0	0	0	0	0	0	0	86	132	0	0	0	0	0	0	0	0	0	0	0	0	16	0	0	0	35	0	0	0	0	0	0	0	0	0	0	0	0	0	0	0	0	0	0	0	0	13	0	0	0	0	0	0	0	0	0	0	8

37	assemblage-722-797	0	0	0	63	0	0	0	0	0	0	0	0	0	0	0	0	0	0	30	0	0	0	0	0	0	0	0	0	0	0	0	0	0	0	0	0	0	0	0	0	0	0	0	0	20	0	0	0	0	0	0	0	0	0	322	0	0	0	0	0	0	39	0	0	0	0	0	0	0	0	0	0	0	0	0	0	7	0	0	19
37	assemblage-971-894	0	0	0	0	0	0	0	0	0	0	0	0	0	0	0	0	0	32	0	0	0	0	0	0	0	0	0	0	0	85	9	0	0	0	0	0	0	91	0	0	0	0	0	0	0	44	0	215	0	0	0	0	0	0	0	0	0	0	0	0	0	0	0	0	0	0	0	0	0	0	0	0	0	0	0	0	0	0	0	24
37	assemblage-457-531	0	0	0	0	0	0	0	0	0	0	0	210	0	0	0	0	0	0	0	0	0	0	0	0	0	0	0	0	0	86	132	0	0	0	0	0	0	0	0	0	0	0	0	16	0	0	0	35	0	0	0	0	0	0	0	0	0	0	0	0	0	0	0	0	0	0	0	0	13	0	0	0	0	0	0	0	0	0	0	8

38	assemblage-722-797	0	0	0	63	0	0	0	0	0	0	0	0	0	0	0	0	0	0	30	0	0	0	0	0	0	0	0	0	0	0	0	0	0	0	0	0	0	0	0	0	0	0	0	0	20	0	0	0	0	0	0	0	0	0	322	0	0	0	0	0	0	39	0	0	0	0	0	0	0	0	0	0	0	0	0	0	7	0	0	19
38	assemblage-971-894	0	0	0	0	0	0	0	0	0	0	0	0	0	0	0	0	0	32	0	0	0	0	0	0	0	0	0	0	0	85	9	0	0	0	0	0	0	91	0	0	0	0	0	0	0	44	0	215	0	0	0	0	0	0	0	0	0	0	0	0	0	0	0	0	0	0	0	0	0	0	0	0	0	0	0	0	0	0	0	24
38	assemblage-492-530	0	0	0	0	0	0	0	0	0	0	0	416	0	0	0	0	5	0	0	0	3	0	0	0	0	0	0	0	0	0	21	0	0	0	0	39	0	0	0	0	0	0	0	0	0	0	0	1	0	0	0	0	0	0	0	0	0	0	0	0	0	0	0	0	0	0	0	0	0	0	0	0	0	0	0	0	0	0	0	15

39	assemblage-722-797	0	0	0	63	0	0	0	0	0	0	0	0	0	0	0	0	0	0	30	0	0	0	0	0	0	0	0	0	0	0	0	0	0	0	0	0	0	0	0	0	0	0	0	0	20	0	0	0	0	0	0	0	0	0	322	0	0	0	0	0	0	39	0	0	0	0	0	0	0	0	0	0	0	0	0	0	7	0	0	19
39	assemblage-971-894	0	0	0	0	0	0	0	0	0	0	0	0	0	0	0	0	0	32	0	0	0	0	0	0	0	0	0	0	0	85	9	0	0	0	0	0	0	91	0	0	0	0	0	0	0	44	0	215	0	0	0	0	0	0	0	0	0	0	0	0	0	0	0	0	0	0	0	0	0	0	0	0	0	0	0	0	0	0	0	24
39	assemblage-570-928	0	0	0	0	0	0	0	0	0	0	0	342	0	0	0	0	0	0	0	0	0	0	0	0	0	0	0	0	0	0	45	0	83	1	0	0	0	0	0	0	0	0	0	0	0	0	0	0	0	0	0	0	0	0	0	0	0	9	0	0	0	0	0	0	0	0	0	0	0	0	0	0	0	0	0	0	0	0	0	20

40	assemblage-722-797	0	0	0	63	0	0	0	0	0	0	0	0	0	0	0	0	0	0	30	0	0	0	0	0	0	0	0	0	0	0	0	0	0	0	0	0	0	0	0	0	0	0	0	0	20	0	0	0	0	0	0	0	0	0	322	0	0	0	0	0	0	39	0	0	0	0	0	0	0	0	0	0	0	0	0	0	7	0	0	19
40	assemblage-971-894	0	0	0	0	0	0	0	0	0	0	0	0	0	0	0	0	0	32	0	0	0	0	0	0	0	0	0	0	0	85	9	0	0	0	0	0	0	91	0	0	0	0	0	0	0	44	0	215	0	0	0	0	0	0	0	0	0	0	0	0	0	0	0	0	0	0	0	0	0	0	0	0	0	0	0	0	0	0	0	24
40	assemblage-998-674	0	0	0	0	0	0	44	0	0	0	0	301	0	0	0	0	0	0	0	0	0	0	0	0	0	0	0	0	0	47	90	0	0	0	0	0	0	0	0	0	0	0	0	0	0	0	0	0	0	0	0	0	0	0	0	0	0	0	0	0	0	0	0	0	0	0	0	0	0	10	0	0	0	0	0	0	0	0	0	8

41	assemblage-722-797	0	0	0	63	0	0	0	0	0	0	0	0	0	0	0	0	0	0	30	0	0	0	0	0	0	0	0	0	0	0	0	0	0	0	0	0	0	0	0	0	0	0	0	0	20	0	0	0	0	0	0	0	0	0	322	0	0	0	0	0	0	39	0	0	0	0	0	0	0	0	0	0	0	0	0	0	7	0	0	19
41	assemblage-984-897	0	0	0	0	0	0	0	0	0	0	17	270	0	0	0	0	0	32	0	0	0	0	0	0	5	0	0	0	0	0	36	0	0	0	0	0	0	9	0	0	0	0	0	0	0	33	0	70	13	0	0	0	0	0	0	0	0	0	0	0	0	0	0	0	0	0	0	0	0	0	0	0	0	0	0	0	0	0	0	15
41	assemblage-457-531	0	0	0	0	0	0	0	0	0	0	0	210	0	0	0	0	0	0	0	0	0	0	0	0	0	0	0	0	0	86	132	0	0	0	0	0	0	0	0	0	0	0	0	16	0	0	0	35	0	0	0	0	0	0	0	0	0	0	0	0	0	0	0	0	0	0	0	0	13	0	0	0	0	0	0	0	0	0	0	8

42	assemblage-722-797	0	0	0	63	0	0	0	0	0	0	0	0	0	0	0	0	0	0	30	0	0	0	0	0	0	0	0	0	0	0	0	0	0	0	0	0	0	0	0	0	0	0	0	0	20	0	0	0	0	0	0	0	0	0	322	0	0	0	0	0	0	39	0	0	0	0	0	0	0	0	0	0	0	0	0	0	7	0	0	19
42	assemblage-984-897	0	0	0	0	0	0	0	0	0	0	17	270	0	0	0	0	0	32	0	0	0	0	0	0	5	0	0	0	0	0	36	0	0	0	0	0	0	9	0	0	0	0	0	0	0	33	0	70	13	0	0	0	0	0	0	0	0	0	0	0	0	0	0	0	0	0	0	0	0	0	0	0	0	0	0	0	0	0	0	15
42	assemblage-492-530	0	0	0	0	0	0	0	0	0	0	0	416	0	0	0	0	5	0	0	0	3	0	0	0	0	0	0	0	0	0	21	0	0	0	0	39	0	0	0	0	0	0	0	0	0	0	0	1	0	0	0	0	0	0	0	0	0	0	0	0	0	0	0	0	0	0	0	0	0	0	0	0	0	0	0	0	0	0	0	15

43	assemblage-722-797	0	0	0	63	0	0	0	0	0	0	0	0	0	0	0	0	0	0	30	0	0	0	0	0	0	0	0	0	0	0	0	0	0	0	0	0	0	0	0	0	0	0	0	0	20	0	0	0	0	0	0	0	0	0	322	0	0	0	0	0	0	39	0	0	0	0	0	0	0	0	0	0	0	0	0	0	7	0	0	19
43	assemblage-984-897	0	0	0	0	0	0	0	0	0	0	17	270	0	0	0	0	0	32	0	0	0	0	0	0	5	0	0	0	0	0	36	0	0	0	0	0	0	9	0	0	0	0	0	0	0	33	0	70	13	0	0	0	0	0	0	0	0	0	0	0	0	0	0	0	0	0	0	0	0	0	0	0	0	0	0	0	0	0	0	15
43	assemblage-998-674	0	0	0	0	0	0	44	0	0	0	0	301	0	0	0	0	0	0	0	0	0	0	0	0	0	0	0	0	0	47	90	0	0	0	0	0	0	0	0	0	0	0	0	0	0	0	0	0	0	0	0	0	0	0	0	0	0	0	0	0	0	0	0	0	0	0	0	0	0	10	0	0	0	0	0	0	0	0	0	8

44	assemblage-1011-672	0	0	0	0	6	0	0	0	0	0	0	208	0	0	0	0	80	0	0	0	0	0	0	0	0	0	0	0	0	9	168	0	0	0	0	0	0	0	0	0	0	0	0	0	0	0	0	14	0	0	0	0	0	0	0	0	0	0	0	0	0	0	0	0	0	0	0	0	0	0	0	0	0	0	9	0	0	0	0	6
44	assemblage-475-348	0	0	0	0	0	0	0	0	0	0	0	0	0	0	0	0	0	12	0	0	0	0	0	0	0	0	0	0	0	0	147	0	0	0	0	0	0	91	0	0	0	0	0	0	0	0	0	68	0	0	0	0	0	0	25	0	0	0	0	0	66	27	0	0	0	0	0	0	0	0	0	0	0	0	0	0	0	29	0	35
44	assemblage-496-330	0	0	0	0	0	0	0	0	0	0	0	0	0	0	0	0	0	0	0	0	0	0	0	0	0	0	0	0	0	0	31	0	0	0	0	0	0	79	0	0	0	0	0	0	0	0	0	174	0	0	0	0	0	0	66	0	0	0	0	0	22	96	0	0	0	0	0	0	0	0	0	0	0	0	0	0	0	10	0	22

45	assemblage-1011-672	0	0	0	0	6	0	0	0	0	0	0	208	0	0	0	0	80	0	0	0	0	0	0	0	0	0	0	0	0	9	168	0	0	0	0	0	0	0	0	0	0	0	0	0	0	0	0	14	0	0	0	0	0	0	0	0	0	0	0	0	0	0	0	0	0	0	0	0	0	0	0	0	0	0	9	0	0	0	0	6
45	assemblage-492-530	0	0	0	0	0	0	0	0	0	0	0	416	0	0	0	0	5	0	0	0	3	0	0	0	0	0	0	0	0	0	21	0	0	0	0	39	0	0	0	0	0	0	0	0	0	0	0	1	0	0	0	0	0	0	0	0	0	0	0	0	0	0	0	0	0	0	0	0	0	0	0	0	0	0	0	0	0	0	0	15
45	assemblage-715-796	0	0	0	0	0	0	0	0	0	0	0	0	0	0	0	0	0	0	0	0	0	0	0	0	0	0	0	44	0	0	0	0	0	0	0	0	0	75	0	0	0	0	0	0	0	0	0	0	0	0	0	0	0	0	6	0	0	0	0	0	0	304	0	0	0	0	0	0	0	0	0	0	0	40	0	0	0	16	0	15

46	assemblage-1011-672	0	0	0	0	6	0	0	0	0	0	0	208	0	0	0	0	80	0	0	0	0	0	0	0	0	0	0	0	0	9	168	0	0	0	0	0	0	0	0	0	0	0	0	0	0	0	0	14	0	0	0	0	0	0	0	0	0	0	0	0	0	0	0	0	0	0	0	0	0	0	0	0	0	0	9	0	0	0	0	6
46	assemblage-570-928	0	0	0	0	0	0	0	0	0	0	0	342	0	0	0	0	0	0	0	0	0	0	0	0	0	0	0	0	0	0	45	0	83	1	0	0	0	0	0	0	0	0	0	0	0	0	0	0	0	0	0	0	0	0	0	0	0	9	0	0	0	0	0	0	0	0	0	0	0	0	0	0	0	0	0	0	0	0	0	20
46	assemblage-715-796	0	0	0	0	0	0	0	0	0	0	0	0	0	0	0	0	0	0	0	0	0	0	0	0	0	0	0	44	0	0	0	0	0	0	0	0	0	75	0	0	0	0	0	0	0	0	0	0	0	0	0	0	0	0	6	0	0	0	0	0	0	304	0	0	0	0	0	0	0	0	0	0	0	40	0	0	0	16	0	15

47	assemblage-1011-672	0	0	0	0	6	0	0	0	0	0	0	208	0	0	0	0	80	0	0	0	0	0	0	0	0	0	0	0	0	9	168	0	0	0	0	0	0	0	0	0	0	0	0	0	0	0	0	14	0	0	0	0	0	0	0	0	0	0	0	0	0	0	0	0	0	0	0	0	0	0	0	0	0	0	9	0	0	0	0	6
47	assemblage-371-515	0	0	0	0	0	0	0	0	0	0	0	0	0	0	0	0	0	41	0	0	0	0	0	0	0	0	0	0	0	105	0	0	0	0	0	0	0	83	0	0	0	0	0	0	0	42	0	197	0	0	0	0	0	0	0	0	0	0	0	0	0	0	0	0	0	0	5	0	0	0	0	0	0	0	0	0	0	0	0	27
47	assemblage-984-844	0	0	0	0	0	0	0	0	0	0	0	0	0	0	0	0	0	0	7	0	0	0	0	0	0	0	0	0	0	0	0	0	0	0	0	0	0	13	0	0	0	0	0	0	0	0	0	255	0	0	0	0	0	0	2	0	0	0	0	8	0	198	0	0	0	0	0	0	0	0	0	0	0	0	0	2	0	0	0	15

48	assemblage-1011-672	0	0	0	0	6	0	0	0	0	0	0	208	0	0	0	0	80	0	0	0	0	0	0	0	0	0	0	0	0	9	168	0	0	0	0	0	0	0	0	0	0	0	0	0	0	0	0	14	0	0	0	0	0	0	0	0	0	0	0	0	0	0	0	0	0	0	0	0	0	0	0	0	0	0	9	0	0	0	0	6
48	assemblage-371-515	0	0	0	0	0	0	0	0	0	0	0	0	0	0	0	0	0	41	0	0	0	0	0	0	0	0	0	0	0	105	0	0	0	0	0	0	0	83	0	0	0	0	0	0	0	42	0	197	0	0	0	0	0	0	0	0	0	0	0	0	0	0	0	0	0	0	5	0	0	0	0	0	0	0	0	0	0	0	0	27
48	assemblage-715-796	0	0	0	0	0	0	0	0	0	0	0	0	0	0	0	0	0	0	0	0	0	0	0	0	0	0	0	44	0	0	0	0	0	0	0	0	0	75	0	0	0	0	0	0	0	0	0	0	0	0	0	0	0	0	6	0	0	0	0	0	0	304	0	0	0	0	0	0	0	0	0	0	0	40	0	0	0	16	0	15

49	assemblage-1011-672	0	0	0	0	6	0	0	0	0	0	0	208	0	0	0	0	80	0	0	0	0	0	0	0	0	0	0	0	0	9	168	0	0	0	0	0	0	0	0	0	0	0	0	0	0	0	0	14	0	0	0	0	0	0	0	0	0	0	0	0	0	0	0	0	0	0	0	0	0	0	0	0	0	0	9	0	0	0	0	6
49	assemblage-971-894	0	0	0	0	0	0	0	0	0	0	0	0	0	0	0	0	0	32	0	0	0	0	0	0	0	0	0	0	0	85	9	0	0	0	0	0	0	91	0	0	0	0	0	0	0	44	0	215	0	0	0	0	0	0	0	0	0	0	0	0	0	0	0	0	0	0	0	0	0	0	0	0	0	0	0	0	0	0	0	24
49	assemblage-984-844	0	0	0	0	0	0	0	0	0	0	0	0	0	0	0	0	0	0	7	0	0	0	0	0	0	0	0	0	0	0	0	0	0	0	0	0	0	13	0	0	0	0	0	0	0	0	0	255	0	0	0	0	0	0	2	0	0	0	0	8	0	198	0	0	0	0	0	0	0	0	0	0	0	0	0	2	0	0	0	15

50	assemblage-1011-672	0	0	0	0	6	0	0	0	0	0	0	208	0	0	0	0	80	0	0	0	0	0	0	0	0	0	0	0	0	9	168	0	0	0	0	0	0	0	0	0	0	0	0	0	0	0	0	14	0	0	0	0	0	0	0	0	0	0	0	0	0	0	0	0	0	0	0	0	0	0	0	0	0	0	9	0	0	0	0	6
50	assemblage-971-894	0	0	0	0	0	0	0	0	0	0	0	0	0	0	0	0	0	32	0	0	0	0	0	0	0	0	0	0	0	85	9	0	0	0	0	0	0	91	0	0	0	0	0	0	0	44	0	215	0	0	0	0	0	0	0	0	0	0	0	0	0	0	0	0	0	0	0	0	0	0	0	0	0	0	0	0	0	0	0	24
50	assemblage-715-796	0	0	0	0	0	0	0	0	0	0	0	0	0	0	0	0	0	0	0	0	0	0	0	0	0	0	0	44	0	0	0	0	0	0	0	0	0	75	0	0	0	0	0	0	0	0	0	0	0	0	0	0	0	0	6	0	0	0	0	0	0	304	0	0	0	0	0	0	0	0	0	0	0	40	0	0	0	16	0	15

51	assemblage-1011-672	0	0	0	0	6	0	0	0	0	0	0	208	0	0	0	0	80	0	0	0	0	0	0	0	0	0	0	0	0	9	168	0	0	0	0	0	0	0	0	0	0	0	0	0	0	0	0	14	0	0	0	0	0	0	0	0	0	0	0	0	0	0	0	0	0	0	0	0	0	0	0	0	0	0	9	0	0	0	0	6
51	assemblage-984-897	0	0	0	0	0	0	0	0	0	0	17	270	0	0	0	0	0	32	0	0	0	0	0	0	5	0	0	0	0	0	36	0	0	0	0	0	0	9	0	0	0	0	0	0	0	33	0	70	13	0	0	0	0	0	0	0	0	0	0	0	0	0	0	0	0	0	0	0	0	0	0	0	0	0	0	0	0	0	0	15
51	assemblage-984-844	0	0	0	0	0	0	0	0	0	0	0	0	0	0	0	0	0	0	7	0	0	0	0	0	0	0	0	0	0	0	0	0	0	0	0	0	0	13	0	0	0	0	0	0	0	0	0	255	0	0	0	0	0	0	2	0	0	0	0	8	0	198	0	0	0	0	0	0	0	0	0	0	0	0	0	2	0	0	0	15

52	assemblage-1011-672	0	0	0	0	6	0	0	0	0	0	0	208	0	0	0	0	80	0	0	0	0	0	0	0	0	0	0	0	0	9	168	0	0	0	0	0	0	0	0	0	0	0	0	0	0	0	0	14	0	0	0	0	0	0	0	0	0	0	0	0	0	0	0	0	0	0	0	0	0	0	0	0	0	0	9	0	0	0	0	6
52	assemblage-984-897	0	0	0	0	0	0	0	0	0	0	17	270	0	0	0	0	0	32	0	0	0	0	0	0	5	0	0	0	0	0	36	0	0	0	0	0	0	9	0	0	0	0	0	0	0	33	0	70	13	0	0	0	0	0	0	0	0	0	0	0	0	0	0	0	0	0	0	0	0	0	0	0	0	0	0	0	0	0	0	15
52	assemblage-715-796	0	0	0	0	0	0	0	0	0	0	0	0	0	0	0	0	0	0	0	0	0	0	0	0	0	0	0	44	0	0	0	0	0	0	0	0	0	75	0	0	0	0	0	0	0	0	0	0	0	0	0	0	0	0	6	0	0	0	0	0	0	304	0	0	0	0	0	0	0	0	0	0	0	40	0	0	0	16	0	15

53	assemblage-1011-672	0	0	0	0	6	0	0	0	0	0	0	208	0	0	0	0	80	0	0	0	0	0	0	0	0	0	0	0	0	9	168	0	0	0	0	0	0	0	0	0	0	0	0	0	0	0	0	14	0	0	0	0	0	0	0	0	0	0	0	0	0	0	0	0	0	0	0	0	0	0	0	0	0	0	9	0	0	0	0	6
53	assemblage-722-797	0	0	0	63	0	0	0	0	0	0	0	0	0	0	0	0	0	0	30	0	0	0	0	0	0	0	0	0	0	0	0	0	0	0	0	0	0	0	0	0	0	0	0	0	20	0	0	0	0	0	0	0	0	0	322	0	0	0	0	0	0	39	0	0	0	0	0	0	0	0	0	0	0	0	0	0	7	0	0	19
53	assemblage-715-796	0	0	0	0	0	0	0	0	0	0	0	0	0	0	0	0	0	0	0	0	0	0	0	0	0	0	0	44	0	0	0	0	0	0	0	0	0	75	0	0	0	0	0	0	0	0	0	0	0	0	0	0	0	0	6	0	0	0	0	0	0	304	0	0	0	0	0	0	0	0	0	0	0	40	0	0	0	16	0	15

54	assemblage-973-856	0	0	0	0	0	0	0	0	0	0	0	0	0	0	0	0	0	0	0	0	0	0	0	0	0	0	0	0	0	0	0	0	0	0	0	0	0	12	0	0	0	0	0	0	0	0	0	261	0	0	0	0	0	0	12	0	0	0	0	13	0	183	0	0	0	0	0	0	0	0	0	0	0	0	0	0	0	0	0	19
54	assemblage-496-330	0	0	0	0	0	0	0	0	0	0	0	0	0	0	0	0	0	0	0	0	0	0	0	0	0	0	0	0	0	0	31	0	0	0	0	0	0	79	0	0	0	0	0	0	0	0	0	174	0	0	0	0	0	0	66	0	0	0	0	0	22	96	0	0	0	0	0	0	0	0	0	0	0	0	0	0	0	10	0	22
54	assemblage-457-531	0	0	0	0	0	0	0	0	0	0	0	210	0	0	0	0	0	0	0	0	0	0	0	0	0	0	0	0	0	86	132	0	0	0	0	0	0	0	0	0	0	0	0	16	0	0	0	35	0	0	0	0	0	0	0	0	0	0	0	0	0	0	0	0	0	0	0	0	13	0	0	0	0	0	0	0	0	0	0	8

55	assemblage-973-856	0	0	0	0	0	0	0	0	0	0	0	0	0	0	0	0	0	0	0	0	0	0	0	0	0	0	0	0	0	0	0	0	0	0	0	0	0	12	0	0	0	0	0	0	0	0	0	261	0	0	0	0	0	0	12	0	0	0	0	13	0	183	0	0	0	0	0	0	0	0	0	0	0	0	0	0	0	0	0	19
55	assemblage-475-348	0	0	0	0	0	0	0	0	0	0	0	0	0	0	0	0	0	12	0	0	0	0	0	0	0	0	0	0	0	0	147	0	0	0	0	0	0	91	0	0	0	0	0	0	0	0	0	68	0	0	0	0	0	0	25	0	0	0	0	0	66	27	0	0	0	0	0	0	0	0	0	0	0	0	0	0	0	29	0	35
55	assemblage-457-531	0	0	0	0	0	0	0	0	0	0	0	210	0	0	0	0	0	0	0	0	0	0	0	0	0	0	0	0	0	86	132	0	0	0	0	0	0	0	0	0	0	0	0	16	0	0	0	35	0	0	0	0	0	0	0	0	0	0	0	0	0	0	0	0	0	0	0	0	13	0	0	0	0	0	0	0	0	0	0	8

56	assemblage-973-856	0	0	0	0	0	0	0	0	0	0	0	0	0	0	0	0	0	0	0	0	0	0	0	0	0	0	0	0	0	0	0	0	0	0	0	0	0	12	0	0	0	0	0	0	0	0	0	261	0	0	0	0	0	0	12	0	0	0	0	13	0	183	0	0	0	0	0	0	0	0	0	0	0	0	0	0	0	0	0	19
56	assemblage-984-844	0	0	0	0	0	0	0	0	0	0	0	0	0	0	0	0	0	0	7	0	0	0	0	0	0	0	0	0	0	0	0	0	0	0	0	0	0	13	0	0	0	0	0	0	0	0	0	255	0	0	0	0	0	0	2	0	0	0	0	8	0	198	0	0	0	0	0	0	0	0	0	0	0	0	0	2	0	0	0	15
56	assemblage-457-531	0	0	0	0	0	0	0	0	0	0	0	210	0	0	0	0	0	0	0	0	0	0	0	0	0	0	0	0	0	86	132	0	0	0	0	0	0	0	0	0	0	0	0	16	0	0	0	35	0	0	0	0	0	0	0	0	0	0	0	0	0	0	0	0	0	0	0	0	13	0	0	0	0	0	0	0	0	0	0	8

57	assemblage-973-856	0	0	0	0	0	0	0	0	0	0	0	0	0	0	0	0	0	0	0	0	0	0	0	0	0	0	0	0	0	0	0	0	0	0	0	0	0	12	0	0	0	0	0	0	0	0	0	261	0	0	0	0	0	0	12	0	0	0	0	13	0	183	0	0	0	0	0	0	0	0	0	0	0	0	0	0	0	0	0	19
57	assemblage-371-515	0	0	0	0	0	0	0	0	0	0	0	0	0	0	0	0	0	41	0	0	0	0	0	0	0	0	0	0	0	105	0	0	0	0	0	0	0	83	0	0	0	0	0	0	0	42	0	197	0	0	0	0	0	0	0	0	0	0	0	0	0	0	0	0	0	0	5	0	0	0	0	0	0	0	0	0	0	0	0	27
57	assemblage-457-531	0	0	0	0	0	0	0	0	0	0	0	210	0	0	0	0	0	0	0	0	0	0	0	0	0	0	0	0	0	86	132	0	0	0	0	0	0	0	0	0	0	0	0	16	0	0	0	35	0	0	0	0	0	0	0	0	0	0	0	0	0	0	0	0	0	0	0	0	13	0	0	0	0	0	0	0	0	0	0	8

58	assemblage-973-856	0	0	0	0	0	0	0	0	0	0	0	0	0	0	0	0	0	0	0	0	0	0	0	0	0	0	0	0	0	0	0	0	0	0	0	0	0	12	0	0	0	0	0	0	0	0	0	261	0	0	0	0	0	0	12	0	0	0	0	13	0	183	0	0	0	0	0	0	0	0	0	0	0	0	0	0	0	0	0	19
58	assemblage-371-515	0	0	0	0	0	0	0	0	0	0	0	0	0	0	0	0	0	41	0	0	0	0	0	0	0	0	0	0	0	105	0	0	0	0	0	0	0	83	0	0	0	0	0	0	0	42	0	197	0	0	0	0	0	0	0	0	0	0	0	0	0	0	0	0	0	0	5	0	0	0	0	0	0	0	0	0	0	0	0	27
58	assemblage-492-530	0	0	0	0	0	0	0	0	0	0	0	416	0	0	0	0	5	0	0	0	3	0	0	0	0	0	0	0	0	0	21	0	0	0	0	39	0	0	0	0	0	0	0	0	0	0	0	1	0	0	0	0	0	0	0	0	0	0	0	0	0	0	0	0	0	0	0	0	0	0	0	0	0	0	0	0	0	0	0	15

59	assemblage-973-856	0	0	0	0	0	0	0	0	0	0	0	0	0	0	0	0	0	0	0	0	0	0	0	0	0	0	0	0	0	0	0	0	0	0	0	0	0	12	0	0	0	0	0	0	0	0	0	261	0	0	0	0	0	0	12	0	0	0	0	13	0	183	0	0	0	0	0	0	0	0	0	0	0	0	0	0	0	0	0	19
59	assemblage-371-515	0	0	0	0	0	0	0	0	0	0	0	0	0	0	0	0	0	41	0	0	0	0	0	0	0	0	0	0	0	105	0	0	0	0	0	0	0	83	0	0	0	0	0	0	0	42	0	197	0	0	0	0	0	0	0	0	0	0	0	0	0	0	0	0	0	0	5	0	0	0	0	0	0	0	0	0	0	0	0	27
59	assemblage-570-928	0	0	0	0	0	0	0	0	0	0	0	342	0	0	0	0	0	0	0	0	0	0	0	0	0	0	0	0	0	0	45	0	83	1	0	0	0	0	0	0	0	0	0	0	0	0	0	0	0	0	0	0	0	0	0	0	0	9	0	0	0	0	0	0	0	0	0	0	0	0	0	0	0	0	0	0	0	0	0	20

60	assemblage-973-856	0	0	0	0	0	0	0	0	0	0	0	0	0	0	0	0	0	0	0	0	0	0	0	0	0	0	0	0	0	0	0	0	0	0	0	0	0	12	0	0	0	0	0	0	0	0	0	261	0	0	0	0	0	0	12	0	0	0	0	13	0	183	0	0	0	0	0	0	0	0	0	0	0	0	0	0	0	0	0	19
60	assemblage-971-894	0	0	0	0	0	0	0	0	0	0	0	0	0	0	0	0	0	32	0	0	0	0	0	0	0	0	0	0	0	85	9	0	0	0	0	0	0	91	0	0	0	0	0	0	0	44	0	215	0	0	0	0	0	0	0	0	0	0	0	0	0	0	0	0	0	0	0	0	0	0	0	0	0	0	0	0	0	0	0	24
60	assemblage-457-531	0	0	0	0	0	0	0	0	0	0	0	210	0	0	0	0	0	0	0	0	0	0	0	0	0	0	0	0	0	86	132	0	0	0	0	0	0	0	0	0	0	0	0	16	0	0	0	35	0	0	0	0	0	0	0	0	0	0	0	0	0	0	0	0	0	0	0	0	13	0	0	0	0	0	0	0	0	0	0	8

61	assemblage-973-856	0	0	0	0	0	0	0	0	0	0	0	0	0	0	0	0	0	0	0	0	0	0	0	0	0	0	0	0	0	0	0	0	0	0	0	0	0	12	0	0	0	0	0	0	0	0	0	261	0	0	0	0	0	0	12	0	0	0	0	13	0	183	0	0	0	0	0	0	0	0	0	0	0	0	0	0	0	0	0	19
61	assemblage-971-894	0	0	0	0	0	0	0	0	0	0	0	0	0	0	0	0	0	32	0	0	0	0	0	0	0	0	0	0	0	85	9	0	0	0	0	0	0	91	0	0	0	0	0	0	0	44	0	215	0	0	0	0	0	0	0	0	0	0	0	0	0	0	0	0	0	0	0	0	0	0	0	0	0	0	0	0	0	0	0	24
61	assemblage-492-530	0	0	0	0	0	0	0	0	0	0	0	416	0	0	0	0	5	0	0	0	3	0	0	0	0	0	0	0	0	0	21	0	0	0	0	39	0	0	0	0	0	0	0	0	0	0	0	1	0	0	0	0	0	0	0	0	0	0	0	0	0	0	0	0	0	0	0	0	0	0	0	0	0	0	0	0	0	0	0	15

62	assemblage-973-856	0	0	0	0	0	0	0	0	0	0	0	0	0	0	0	0	0	0	0	0	0	0	0	0	0	0	0	0	0	0	0	0	0	0	0	0	0	12	0	0	0	0	0	0	0	0	0	261	0	0	0	0	0	0	12	0	0	0	0	13	0	183	0	0	0	0	0	0	0	0	0	0	0	0	0	0	0	0	0	19
62	assemblage-971-894	0	0	0	0	0	0	0	0	0	0	0	0	0	0	0	0	0	32	0	0	0	0	0	0	0	0	0	0	0	85	9	0	0	0	0	0	0	91	0	0	0	0	0	0	0	44	0	215	0	0	0	0	0	0	0	0	0	0	0	0	0	0	0	0	0	0	0	0	0	0	0	0	0	0	0	0	0	0	0	24
62	assemblage-570-928	0	0	0	0	0	0	0	0	0	0	0	342	0	0	0	0	0	0	0	0	0	0	0	0	0	0	0	0	0	0	45	0	83	1	0	0	0	0	0	0	0	0	0	0	0	0	0	0	0	0	0	0	0	0	0	0	0	9	0	0	0	0	0	0	0	0	0	0	0	0	0	0	0	0	0	0	0	0	0	20

63	assemblage-973-856	0	0	0	0	0	0	0	0	0	0	0	0	0	0	0	0	0	0	0	0	0	0	0	0	0	0	0	0	0	0	0	0	0	0	0	0	0	12	0	0	0	0	0	0	0	0	0	261	0	0	0	0	0	0	12	0	0	0	0	13	0	183	0	0	0	0	0	0	0	0	0	0	0	0	0	0	0	0	0	19
63	assemblage-971-894	0	0	0	0	0	0	0	0	0	0	0	0	0	0	0	0	0	32	0	0	0	0	0	0	0	0	0	0	0	85	9	0	0	0	0	0	0	91	0	0	0	0	0	0	0	44	0	215	0	0	0	0	0	0	0	0	0	0	0	0	0	0	0	0	0	0	0	0	0	0	0	0	0	0	0	0	0	0	0	24
63	assemblage-998-674	0	0	0	0	0	0	44	0	0	0	0	301	0	0	0	0	0	0	0	0	0	0	0	0	0	0	0	0	0	47	90	0	0	0	0	0	0	0	0	0	0	0	0	0	0	0	0	0	0	0	0	0	0	0	0	0	0	0	0	0	0	0	0	0	0	0	0	0	0	10	0	0	0	0	0	0	0	0	0	8

64	assemblage-973-856	0	0	0	0	0	0	0	0	0	0	0	0	0	0	0	0	0	0	0	0	0	0	0	0	0	0	0	0	0	0	0	0	0	0	0	0	0	12	0	0	0	0	0	0	0	0	0	261	0	0	0	0	0	0	12	0	0	0	0	13	0	183	0	0	0	0	0	0	0	0	0	0	0	0	0	0	0	0	0	19
64	assemblage-984-897	0	0	0	0	0	0	0	0	0	0	17	270	0	0	0	0	0	32	0	0	0	0	0	0	5	0	0	0	0	0	36	0	0	0	0	0	0	9	0	0	0	0	0	0	0	33	0	70	13	0	0	0	0	0	0	0	0	0	0	0	0	0	0	0	0	0	0	0	0	0	0	0	0	0	0	0	0	0	0	15
64	assemblage-457-531	0	0	0	0	0	0	0	0	0	0	0	210	0	0	0	0	0	0	0	0	0	0	0	0	0	0	0	0	0	86	132	0	0	0	0	0	0	0	0	0	0	0	0	16	0	0	0	35	0	0	0	0	0	0	0	0	0	0	0	0	0	0	0	0	0	0	0	0	13	0	0	0	0	0	0	0	0	0	0	8

65	assemblage-973-856	0	0	0	0	0	0	0	0	0	0	0	0	0	0	0	0	0	0	0	0	0	0	0	0	0	0	0	0	0	0	0	0	0	0	0	0	0	12	0	0	0	0	0	0	0	0	0	261	0	0	0	0	0	0	12	0	0	0	0	13	0	183	0	0	0	0	0	0	0	0	0	0	0	0	0	0	0	0	0	19
65	assemblage-984-897	0	0	0	0	0	0	0	0	0	0	17	270	0	0	0	0	0	32	0	0	0	0	0	0	5	0	0	0	0	0	36	0	0	0	0	0	0	9	0	0	0	0	0	0	0	33	0	70	13	0	0	0	0	0	0	0	0	0	0	0	0	0	0	0	0	0	0	0	0	0	0	0	0	0	0	0	0	0	0	15
65	assemblage-492-530	0	0	0	0	0	0	0	0	0	0	0	416	0	0	0	0	5	0	0	0	3	0	0	0	0	0	0	0	0	0	21	0	0	0	0	39	0	0	0	0	0	0	0	0	0	0	0	1	0	0	0	0	0	0	0	0	0	0	0	0	0	0	0	0	0	0	0	0	0	0	0	0	0	0	0	0	0	0	0	15

66	assemblage-973-856	0	0	0	0	0	0	0	0	0	0	0	0	0	0	0	0	0	0	0	0	0	0	0	0	0	0	0	0	0	0	0	0	0	0	0	0	0	12	0	0	0	0	0	0	0	0	0	261	0	0	0	0	0	0	12	0	0	0	0	13	0	183	0	0	0	0	0	0	0	0	0	0	0	0	0	0	0	0	0	19
66	assemblage-984-897	0	0	0	0	0	0	0	0	0	0	17	270	0	0	0	0	0	32	0	0	0	0	0	0	5	0	0	0	0	0	36	0	0	0	0	0	0	9	0	0	0	0	0	0	0	33	0	70	13	0	0	0	0	0	0	0	0	0	0	0	0	0	0	0	0	0	0	0	0	0	0	0	0	0	0	0	0	0	0	15
66	assemblage-998-674	0	0	0	0	0	0	44	0	0	0	0	301	0	0	0	0	0	0	0	0	0	0	0	0	0	0	0	0	0	47	90	0	0	0	0	0	0	0	0	0	0	0	0	0	0	0	0	0	0	0	0	0	0	0	0	0	0	0	0	0	0	0	0	0	0	0	0	0	0	10	0	0	0	0	0	0	0	0	0	8

67	assemblage-973-856	0	0	0	0	0	0	0	0	0	0	0	0	0	0	0	0	0	0	0	0	0	0	0	0	0	0	0	0	0	0	0	0	0	0	0	0	0	12	0	0	0	0	0	0	0	0	0	261	0	0	0	0	0	0	12	0	0	0	0	13	0	183	0	0	0	0	0	0	0	0	0	0	0	0	0	0	0	0	0	19
67	assemblage-722-797	0	0	0	63	0	0	0	0	0	0	0	0	0	0	0	0	0	0	30	0	0	0	0	0	0	0	0	0	0	0	0	0	0	0	0	0	0	0	0	0	0	0	0	0	20	0	0	0	0	0	0	0	0	0	322	0	0	0	0	0	0	39	0	0	0	0	0	0	0	0	0	0	0	0	0	0	7	0	0	19
67	assemblage-570-928	0	0	0	0	0	0	0	0	0	0	0	342	0	0	0	0	0	0	0	0	0	0	0	0	0	0	0	0	0	0	45	0	83	1	0	0	0	0	0	0	0	0	0	0	0	0	0	0	0	0	0	0	0	0	0	0	0	9	0	0	0	0	0	0	0	0	0	0	0	0	0	0	0	0	0	0	0	0	0	20

68	assemblage-973-856	0	0	0	0	0	0	0	0	0	0	0	0	0	0	0	0	0	0	0	0	0	0	0	0	0	0	0	0	0	0	0	0	0	0	0	0	0	12	0	0	0	0	0	0	0	0	0	261	0	0	0	0	0	0	12	0	0	0	0	13	0	183	0	0	0	0	0	0	0	0	0	0	0	0	0	0	0	0	0	19
68	assemblage-722-797	0	0	0	63	0	0	0	0	0	0	0	0	0	0	0	0	0	0	30	0	0	0	0	0	0	0	0	0	0	0	0	0	0	0	0	0	0	0	0	0	0	0	0	0	20	0	0	0	0	0	0	0	0	0	322	0	0	0	0	0	0	39	0	0	0	0	0	0	0	0	0	0	0	0	0	0	7	0	0	19
68	assemblage-998-674	0	0	0	0	0	0	44	0	0	0	0	301	0	0	0	0	0	0	0	0	0	0	0	0	0	0	0	0	0	47	90	0	0	0	0	0	0	0	0	0	0	0	0	0	0	0	0	0	0	0	0	0	0	0	0	0	0	0	0	0	0	0	0	0	0	0	0	0	0	10	0	0	0	0	0	0	0	0	0	8

69	assemblage-609-772	0	0	0	0	0	0	34	0	0	0	0	340	0	0	0	0	0	0	0	0	0	0	0	0	0	0	0	0	0	38	69	0	0	0	0	0	0	0	0	0	0	0	0	0	0	0	0	0	0	0	0	0	0	0	0	0	0	0	0	0	0	0	0	0	0	0	0	0	0	12	0	0	0	0	0	0	0	0	0	7
69	assemblage-475-348	0	0	0	0	0	0	0	0	0	0	0	0	0	0	0	0	0	12	0	0	0	0	0	0	0	0	0	0	0	0	147	0	0	0	0	0	0	91	0	0	0	0	0	0	0	0	0	68	0	0	0	0	0	0	25	0	0	0	0	0	66	27	0	0	0	0	0	0	0	0	0	0	0	0	0	0	0	29	0	35
69	assemblage-496-330	0	0	0	0	0	0	0	0	0	0	0	0	0	0	0	0	0	0	0	0	0	0	0	0	0	0	0	0	0	0	31	0	0	0	0	0	0	79	0	0	0	0	0	0	0	0	0	174	0	0	0	0	0	0	66	0	0	0	0	0	22	96	0	0	0	0	0	0	0	0	0	0	0	0	0	0	0	10	0	22

70	assemblage-609-772	0	0	0	0	0	0	34	0	0	0	0	340	0	0	0	0	0	0	0	0	0	0	0	0	0	0	0	0	0	38	69	0	0	0	0	0	0	0	0	0	0	0	0	0	0	0	0	0	0	0	0	0	0	0	0	0	0	0	0	0	0	0	0	0	0	0	0	0	0	12	0	0	0	0	0	0	0	0	0	7
70	assemblage-715-796	0	0	0	0	0	0	0	0	0	0	0	0	0	0	0	0	0	0	0	0	0	0	0	0	0	0	0	44	0	0	0	0	0	0	0	0	0	75	0	0	0	0	0	0	0	0	0	0	0	0	0	0	0	0	6	0	0	0	0	0	0	304	0	0	0	0	0	0	0	0	0	0	0	40	0	0	0	16	0	15
70	assemblage-984-844	0	0	0	0	0	0	0	0	0	0	0	0	0	0	0	0	0	0	7	0	0	0	0	0	0	0	0	0	0	0	0	0	0	0	0	0	0	13	0	0	0	0	0	0	0	0	0	255	0	0	0	0	0	0	2	0	0	0	0	8	0	198	0	0	0	0	0	0	0	0	0	0	0	0	0	2	0	0	0	15

71	assemblage-609-772	0	0	0	0	0	0	34	0	0	0	0	340	0	0	0	0	0	0	0	0	0	0	0	0	0	0	0	0	0	38	69	0	0	0	0	0	0	0	0	0	0	0	0	0	0	0	0	0	0	0	0	0	0	0	0	0	0	0	0	0	0	0	0	0	0	0	0	0	0	12	0	0	0	0	0	0	0	0	0	7
71	assemblage-492-530	0	0	0	0	0	0	0	0	0	0	0	416	0	0	0	0	5	0	0	0	3	0	0	0	0	0	0	0	0	0	21	0	0	0	0	39	0	0	0	0	0	0	0	0	0	0	0	1	0	0	0	0	0	0	0	0	0	0	0	0	0	0	0	0	0	0	0	0	0	0	0	0	0	0	0	0	0	0	0	15
71	assemblage-984-844	0	0	0	0	0	0	0	0	0	0	0	0	0	0	0	0	0	0	7	0	0	0	0	0	0	0	0	0	0	0	0	0	0	0	0	0	0	13	0	0	0	0	0	0	0	0	0	255	0	0	0	0	0	0	2	0	0	0	0	8	0	198	0	0	0	0	0	0	0	0	0	0	0	0	0	2	0	0	0	15

72	assemblage-609-772	0	0	0	0	0	0	34	0	0	0	0	340	0	0	0	0	0	0	0	0	0	0	0	0	0	0	0	0	0	38	69	0	0	0	0	0	0	0	0	0	0	0	0	0	0	0	0	0	0	0	0	0	0	0	0	0	0	0	0	0	0	0	0	0	0	0	0	0	0	12	0	0	0	0	0	0	0	0	0	7
72	assemblage-492-530	0	0	0	0	0	0	0	0	0	0	0	416	0	0	0	0	5	0	0	0	3	0	0	0	0	0	0	0	0	0	21	0	0	0	0	39	0	0	0	0	0	0	0	0	0	0	0	1	0	0	0	0	0	0	0	0	0	0	0	0	0	0	0	0	0	0	0	0	0	0	0	0	0	0	0	0	0	0	0	15
72	assemblage-715-796	0	0	0	0	0	0	0	0	0	0	0	0	0	0	0	0	0	0	0	0	0	0	0	0	0	0	0	44	0	0	0	0	0	0	0	0	0	75	0	0	0	0	0	0	0	0	0	0	0	0	0	0	0	0	6	0	0	0	0	0	0	304	0	0	0	0	0	0	0	0	0	0	0	40	0	0	0	16	0	15

73	assemblage-609-772	0	0	0	0	0	0	34	0	0	0	0	340	0	0	0	0	0	0	0	0	0	0	0	0	0	0	0	0	0	38	69	0	0	0	0	0	0	0	0	0	0	0	0	0	0	0	0	0	0	0	0	0	0	0	0	0	0	0	0	0	0	0	0	0	0	0	0	0	0	12	0	0	0	0	0	0	0	0	0	7
73	assemblage-570-928	0	0	0	0	0	0	0	0	0	0	0	342	0	0	0	0	0	0	0	0	0	0	0	0	0	0	0	0	0	0	45	0	83	1	0	0	0	0	0	0	0	0	0	0	0	0	0	0	0	0	0	0	0	0	0	0	0	9	0	0	0	0	0	0	0	0	0	0	0	0	0	0	0	0	0	0	0	0	0	20
73	assemblage-984-844	0	0	0	0	0	0	0	0	0	0	0	0	0	0	0	0	0	0	7	0	0	0	0	0	0	0	0	0	0	0	0	0	0	0	0	0	0	13	0	0	0	0	0	0	0	0	0	255	0	0	0	0	0	0	2	0	0	0	0	8	0	198	0	0	0	0	0	0	0	0	0	0	0	0	0	2	0	0	0	15

74	assemblage-609-772	0	0	0	0	0	0	34	0	0	0	0	340	0	0	0	0	0	0	0	0	0	0	0	0	0	0	0	0	0	38	69	0	0	0	0	0	0	0	0	0	0	0	0	0	0	0	0	0	0	0	0	0	0	0	0	0	0	0	0	0	0	0	0	0	0	0	0	0	0	12	0	0	0	0	0	0	0	0	0	7
74	assemblage-570-928	0	0	0	0	0	0	0	0	0	0	0	342	0	0	0	0	0	0	0	0	0	0	0	0	0	0	0	0	0	0	45	0	83	1	0	0	0	0	0	0	0	0	0	0	0	0	0	0	0	0	0	0	0	0	0	0	0	9	0	0	0	0	0	0	0	0	0	0	0	0	0	0	0	0	0	0	0	0	0	20
74	assemblage-715-796	0	0	0	0	0	0	0	0	0	0	0	0	0	0	0	0	0	0	0	0	0	0	0	0	0	0	0	44	0	0	0	0	0	0	0	0	0	75	0	0	0	0	0	0	0	0	0	0	0	0	0	0	0	0	6	0	0	0	0	0	0	304	0	0	0	0	0	0	0	0	0	0	0	40	0	0	0	16	0	15

75	assemblage-609-772	0	0	0	0	0	0	34	0	0	0	0	340	0	0	0	0	0	0	0	0	0	0	0	0	0	0	0	0	0	38	69	0	0	0	0	0	0	0	0	0	0	0	0	0	0	0	0	0	0	0	0	0	0	0	0	0	0	0	0	0	0	0	0	0	0	0	0	0	0	12	0	0	0	0	0	0	0	0	0	7
75	assemblage-570-928	0	0	0	0	0	0	0	0	0	0	0	342	0	0	0	0	0	0	0	0	0	0	0	0	0	0	0	0	0	0	45	0	83	1	0	0	0	0	0	0	0	0	0	0	0	0	0	0	0	0	0	0	0	0	0	0	0	9	0	0	0	0	0	0	0	0	0	0	0	0	0	0	0	0	0	0	0	0	0	20
75	assemblage-492-530	0	0	0	0	0	0	0	0	0	0	0	416	0	0	0	0	5	0	0	0	3	0	0	0	0	0	0	0	0	0	21	0	0	0	0	39	0	0	0	0	0	0	0	0	0	0	0	1	0	0	0	0	0	0	0	0	0	0	0	0	0	0	0	0	0	0	0	0	0	0	0	0	0	0	0	0	0	0	0	15

76	assemblage-609-772	0	0	0	0	0	0	34	0	0	0	0	340	0	0	0	0	0	0	0	0	0	0	0	0	0	0	0	0	0	38	69	0	0	0	0	0	0	0	0	0	0	0	0	0	0	0	0	0	0	0	0	0	0	0	0	0	0	0	0	0	0	0	0	0	0	0	0	0	0	12	0	0	0	0	0	0	0	0	0	7
76	assemblage-371-515	0	0	0	0	0	0	0	0	0	0	0	0	0	0	0	0	0	41	0	0	0	0	0	0	0	0	0	0	0	105	0	0	0	0	0	0	0	83	0	0	0	0	0	0	0	42	0	197	0	0	0	0	0	0	0	0	0	0	0	0	0	0	0	0	0	0	5	0	0	0	0	0	0	0	0	0	0	0	0	27
76	assemblage-984-844	0	0	0	0	0	0	0	0	0	0	0	0	0	0	0	0	0	0	7	0	0	0	0	0	0	0	0	0	0	0	0	0	0	0	0	0	0	13	0	0	0	0	0	0	0	0	0	255	0	0	0	0	0	0	2	0	0	0	0	8	0	198	0	0	0	0	0	0	0	0	0	0	0	0	0	2	0	0	0	15

77	assemblage-609-772	0	0	0	0	0	0	34	0	0	0	0	340	0	0	0	0	0	0	0	0	0	0	0	0	0	0	0	0	0	38	69	0	0	0	0	0	0	0	0	0	0	0	0	0	0	0	0	0	0	0	0	0	0	0	0	0	0	0	0	0	0	0	0	0	0	0	0	0	0	12	0	0	0	0	0	0	0	0	0	7
77	assemblage-371-515	0	0	0	0	0	0	0	0	0	0	0	0	0	0	0	0	0	41	0	0	0	0	0	0	0	0	0	0	0	105	0	0	0	0	0	0	0	83	0	0	0	0	0	0	0	42	0	197	0	0	0	0	0	0	0	0	0	0	0	0	0	0	0	0	0	0	5	0	0	0	0	0	0	0	0	0	0	0	0	27
77	assemblage-715-796	0	0	0	0	0	0	0	0	0	0	0	0	0	0	0	0	0	0	0	0	0	0	0	0	0	0	0	44	0	0	0	0	0	0	0	0	0	75	0	0	0	0	0	0	0	0	0	0	0	0	0	0	0	0	6	0	0	0	0	0	0	304	0	0	0	0	0	0	0	0	0	0	0	40	0	0	0	16	0	15

78	assemblage-609-772	0	0	0	0	0	0	34	0	0	0	0	340	0	0	0	0	0	0	0	0	0	0	0	0	0	0	0	0	0	38	69	0	0	0	0	0	0	0	0	0	0	0	0	0	0	0	0	0	0	0	0	0	0	0	0	0	0	0	0	0	0	0	0	0	0	0	0	0	0	12	0	0	0	0	0	0	0	0	0	7
78	assemblage-998-674	0	0	0	0	0	0	44	0	0	0	0	301	0	0	0	0	0	0	0	0	0	0	0	0	0	0	0	0	0	47	90	0	0	0	0	0	0	0	0	0	0	0	0	0	0	0	0	0	0	0	0	0	0	0	0	0	0	0	0	0	0	0	0	0	0	0	0	0	0	10	0	0	0	0	0	0	0	0	0	8
78	assemblage-457-531	0	0	0	0	0	0	0	0	0	0	0	210	0	0	0	0	0	0	0	0	0	0	0	0	0	0	0	0	0	86	132	0	0	0	0	0	0	0	0	0	0	0	0	16	0	0	0	35	0	0	0	0	0	0	0	0	0	0	0	0	0	0	0	0	0	0	0	0	13	0	0	0	0	0	0	0	0	0	0	8

79	assemblage-609-772	0	0	0	0	0	0	34	0	0	0	0	340	0	0	0	0	0	0	0	0	0	0	0	0	0	0	0	0	0	38	69	0	0	0	0	0	0	0	0	0	0	0	0	0	0	0	0	0	0	0	0	0	0	0	0	0	0	0	0	0	0	0	0	0	0	0	0	0	0	12	0	0	0	0	0	0	0	0	0	7
79	assemblage-998-674	0	0	0	0	0	0	44	0	0	0	0	301	0	0	0	0	0	0	0	0	0	0	0	0	0	0	0	0	0	47	90	0	0	0	0	0	0	0	0	0	0	0	0	0	0	0	0	0	0	0	0	0	0	0	0	0	0	0	0	0	0	0	0	0	0	0	0	0	0	10	0	0	0	0	0	0	0	0	0	8
79	assemblage-496-330	0	0	0	0	0	0	0	0	0	0	0	0	0	0	0	0	0	0	0	0	0	0	0	0	0	0	0	0	0	0	31	0	0	0	0	0	0	79	0	0	0	0	0	0	0	0	0	174	0	0	0	0	0	0	66	0	0	0	0	0	22	96	0	0	0	0	0	0	0	0	0	0	0	0	0	0	0	10	0	22

80	assemblage-609-772	0	0	0	0	0	0	34	0	0	0	0	340	0	0	0	0	0	0	0	0	0	0	0	0	0	0	0	0	0	38	69	0	0	0	0	0	0	0	0	0	0	0	0	0	0	0	0	0	0	0	0	0	0	0	0	0	0	0	0	0	0	0	0	0	0	0	0	0	0	12	0	0	0	0	0	0	0	0	0	7
80	assemblage-998-674	0	0	0	0	0	0	44	0	0	0	0	301	0	0	0	0	0	0	0	0	0	0	0	0	0	0	0	0	0	47	90	0	0	0	0	0	0	0	0	0	0	0	0	0	0	0	0	0	0	0	0	0	0	0	0	0	0	0	0	0	0	0	0	0	0	0	0	0	0	10	0	0	0	0	0	0	0	0	0	8
80	assemblage-475-348	0	0	0	0	0	0	0	0	0	0	0	0	0	0	0	0	0	12	0	0	0	0	0	0	0	0	0	0	0	0	147	0	0	0	0	0	0	91	0	0	0	0	0	0	0	0	0	68	0	0	0	0	0	0	25	0	0	0	0	0	66	27	0	0	0	0	0	0	0	0	0	0	0	0	0	0	0	29	0	35

81	assemblage-609-772	0	0	0	0	0	0	34	0	0	0	0	340	0	0	0	0	0	0	0	0	0	0	0	0	0	0	0	0	0	38	69	0	0	0	0	0	0	0	0	0	0	0	0	0	0	0	0	0	0	0	0	0	0	0	0	0	0	0	0	0	0	0	0	0	0	0	0	0	0	12	0	0	0	0	0	0	0	0	0	7
81	assemblage-998-674	0	0	0	0	0	0	44	0	0	0	0	301	0	0	0	0	0	0	0	0	0	0	0	0	0	0	0	0	0	47	90	0	0	0	0	0	0	0	0	0	0	0	0	0	0	0	0	0	0	0	0	0	0	0	0	0	0	0	0	0	0	0	0	0	0	0	0	0	0	10	0	0	0	0	0	0	0	0	0	8
81	assemblage-984-844	0	0	0	0	0	0	0	0	0	0	0	0	0	0	0	0	0	0	7	0	0	0	0	0	0	0	0	0	0	0	0	0	0	0	0	0	0	13	0	0	0	0	0	0	0	0	0	255	0	0	0	0	0	0	2	0	0	0	0	8	0	198	0	0	0	0	0	0	0	0	0	0	0	0	0	2	0	0	0	15

82	assemblage-609-772	0	0	0	0	0	0	34	0	0	0	0	340	0	0	0	0	0	0	0	0	0	0	0	0	0	0	0	0	0	38	69	0	0	0	0	0	0	0	0	0	0	0	0	0	0	0	0	0	0	0	0	0	0	0	0	0	0	0	0	0	0	0	0	0	0	0	0	0	0	12	0	0	0	0	0	0	0	0	0	7
82	assemblage-998-674	0	0	0	0	0	0	44	0	0	0	0	301	0	0	0	0	0	0	0	0	0	0	0	0	0	0	0	0	0	47	90	0	0	0	0	0	0	0	0	0	0	0	0	0	0	0	0	0	0	0	0	0	0	0	0	0	0	0	0	0	0	0	0	0	0	0	0	0	0	10	0	0	0	0	0	0	0	0	0	8
82	assemblage-715-796	0	0	0	0	0	0	0	0	0	0	0	0	0	0	0	0	0	0	0	0	0	0	0	0	0	0	0	44	0	0	0	0	0	0	0	0	0	75	0	0	0	0	0	0	0	0	0	0	0	0	0	0	0	0	6	0	0	0	0	0	0	304	0	0	0	0	0	0	0	0	0	0	0	40	0	0	0	16	0	15

83	assemblage-609-772	0	0	0	0	0	0	34	0	0	0	0	340	0	0	0	0	0	0	0	0	0	0	0	0	0	0	0	0	0	38	69	0	0	0	0	0	0	0	0	0	0	0	0	0	0	0	0	0	0	0	0	0	0	0	0	0	0	0	0	0	0	0	0	0	0	0	0	0	0	12	0	0	0	0	0	0	0	0	0	7
83	assemblage-998-674	0	0	0	0	0	0	44	0	0	0	0	301	0	0	0	0	0	0	0	0	0	0	0	0	0	0	0	0	0	47	90	0	0	0	0	0	0	0	0	0	0	0	0	0	0	0	0	0	0	0	0	0	0	0	0	0	0	0	0	0	0	0	0	0	0	0	0	0	0	10	0	0	0	0	0	0	0	0	0	8
83	assemblage-371-515	0	0	0	0	0	0	0	0	0	0	0	0	0	0	0	0	0	41	0	0	0	0	0	0	0	0	0	0	0	105	0	0	0	0	0	0	0	83	0	0	0	0	0	0	0	42	0	197	0	0	0	0	0	0	0	0	0	0	0	0	0	0	0	0	0	0	5	0	0	0	0	0	0	0	0	0	0	0	0	27

84	assemblage-609-772	0	0	0	0	0	0	34	0	0	0	0	340	0	0	0	0	0	0	0	0	0	0	0	0	0	0	0	0	0	38	69	0	0	0	0	0	0	0	0	0	0	0	0	0	0	0	0	0	0	0	0	0	0	0	0	0	0	0	0	0	0	0	0	0	0	0	0	0	0	12	0	0	0	0	0	0	0	0	0	7
84	assemblage-971-894	0	0	0	0	0	0	0	0	0	0	0	0	0	0	0	0	0	32	0	0	0	0	0	0	0	0	0	0	0	85	9	0	0	0	0	0	0	91	0	0	0	0	0	0	0	44	0	215	0	0	0	0	0	0	0	0	0	0	0	0	0	0	0	0	0	0	0	0	0	0	0	0	0	0	0	0	0	0	0	24
84	assemblage-984-844	0	0	0	0	0	0	0	0	0	0	0	0	0	0	0	0	0	0	7	0	0	0	0	0	0	0	0	0	0	0	0	0	0	0	0	0	0	13	0	0	0	0	0	0	0	0	0	255	0	0	0	0	0	0	2	0	0	0	0	8	0	198	0	0	0	0	0	0	0	0	0	0	0	0	0	2	0	0	0	15

85	assemblage-609-772	0	0	0	0	0	0	34	0	0	0	0	340	0	0	0	0	0	0	0	0	0	0	0	0	0	0	0	0	0	38	69	0	0	0	0	0	0	0	0	0	0	0	0	0	0	0	0	0	0	0	0	0	0	0	0	0	0	0	0	0	0	0	0	0	0	0	0	0	0	12	0	0	0	0	0	0	0	0	0	7
85	assemblage-971-894	0	0	0	0	0	0	0	0	0	0	0	0	0	0	0	0	0	32	0	0	0	0	0	0	0	0	0	0	0	85	9	0	0	0	0	0	0	91	0	0	0	0	0	0	0	44	0	215	0	0	0	0	0	0	0	0	0	0	0	0	0	0	0	0	0	0	0	0	0	0	0	0	0	0	0	0	0	0	0	24
85	assemblage-715-796	0	0	0	0	0	0	0	0	0	0	0	0	0	0	0	0	0	0	0	0	0	0	0	0	0	0	0	44	0	0	0	0	0	0	0	0	0	75	0	0	0	0	0	0	0	0	0	0	0	0	0	0	0	0	6	0	0	0	0	0	0	304	0	0	0	0	0	0	0	0	0	0	0	40	0	0	0	16	0	15

86	assemblage-609-772	0	0	0	0	0	0	34	0	0	0	0	340	0	0	0	0	0	0	0	0	0	0	0	0	0	0	0	0	0	38	69	0	0	0	0	0	0	0	0	0	0	0	0	0	0	0	0	0	0	0	0	0	0	0	0	0	0	0	0	0	0	0	0	0	0	0	0	0	0	12	0	0	0	0	0	0	0	0	0	7
86	assemblage-984-897	0	0	0	0	0	0	0	0	0	0	17	270	0	0	0	0	0	32	0	0	0	0	0	0	5	0	0	0	0	0	36	0	0	0	0	0	0	9	0	0	0	0	0	0	0	33	0	70	13	0	0	0	0	0	0	0	0	0	0	0	0	0	0	0	0	0	0	0	0	0	0	0	0	0	0	0	0	0	0	15
86	assemblage-984-844	0	0	0	0	0	0	0	0	0	0	0	0	0	0	0	0	0	0	7	0	0	0	0	0	0	0	0	0	0	0	0	0	0	0	0	0	0	13	0	0	0	0	0	0	0	0	0	255	0	0	0	0	0	0	2	0	0	0	0	8	0	198	0	0	0	0	0	0	0	0	0	0	0	0	0	2	0	0	0	15

87	assemblage-609-772	0	0	0	0	0	0	34	0	0	0	0	340	0	0	0	0	0	0	0	0	0	0	0	0	0	0	0	0	0	38	69	0	0	0	0	0	0	0	0	0	0	0	0	0	0	0	0	0	0	0	0	0	0	0	0	0	0	0	0	0	0	0	0	0	0	0	0	0	0	12	0	0	0	0	0	0	0	0	0	7
87	assemblage-984-897	0	0	0	0	0	0	0	0	0	0	17	270	0	0	0	0	0	32	0	0	0	0	0	0	5	0	0	0	0	0	36	0	0	0	0	0	0	9	0	0	0	0	0	0	0	33	0	70	13	0	0	0	0	0	0	0	0	0	0	0	0	0	0	0	0	0	0	0	0	0	0	0	0	0	0	0	0	0	0	15
87	assemblage-715-796	0	0	0	0	0	0	0	0	0	0	0	0	0	0	0	0	0	0	0	0	0	0	0	0	0	0	0	44	0	0	0	0	0	0	0	0	0	75	0	0	0	0	0	0	0	0	0	0	0	0	0	0	0	0	6	0	0	0	0	0	0	304	0	0	0	0	0	0	0	0	0	0	0	40	0	0	0	16	0	15

88	assemblage-609-772	0	0	0	0	0	0	34	0	0	0	0	340	0	0	0	0	0	0	0	0	0	0	0	0	0	0	0	0	0	38	69	0	0	0	0	0	0	0	0	0	0	0	0	0	0	0	0	0	0	0	0	0	0	0	0	0	0	0	0	0	0	0	0	0	0	0	0	0	0	12	0	0	0	0	0	0	0	0	0	7
88	assemblage-722-797	0	0	0	63	0	0	0	0	0	0	0	0	0	0	0	0	0	0	30	0	0	0	0	0	0	0	0	0	0	0	0	0	0	0	0	0	0	0	0	0	0	0	0	0	20	0	0	0	0	0	0	0	0	0	322	0	0	0	0	0	0	39	0	0	0	0	0	0	0	0	0	0	0	0	0	0	7	0	0	19
88	assemblage-984-844	0	0	0	0	0	0	0	0	0	0	0	0	0	0	0	0	0	0	7	0	0	0	0	0	0	0	0	0	0	0	0	0	0	0	0	0	0	13	0	0	0	0	0	0	0	0	0	255	0	0	0	0	0	0	2	0	0	0	0	8	0	198	0	0	0	0	0	0	0	0	0	0	0	0	0	2	0	0	0	15

89	assemblage-609-772	0	0	0	0	0	0	34	0	0	0	0	340	0	0	0	0	0	0	0	0	0	0	0	0	0	0	0	0	0	38	69	0	0	0	0	0	0	0	0	0	0	0	0	0	0	0	0	0	0	0	0	0	0	0	0	0	0	0	0	0	0	0	0	0	0	0	0	0	0	12	0	0	0	0	0	0	0	0	0	7
89	assemblage-722-797	0	0	0	63	0	0	0	0	0	0	0	0	0	0	0	0	0	0	30	0	0	0	0	0	0	0	0	0	0	0	0	0	0	0	0	0	0	0	0	0	0	0	0	0	20	0	0	0	0	0	0	0	0	0	322	0	0	0	0	0	0	39	0	0	0	0	0	0	0	0	0	0	0	0	0	0	7	0	0	19
89	assemblage-715-796	0	0	0	0	0	0	0	0	0	0	0	0	0	0	0	0	0	0	0	0	0	0	0	0	0	0	0	44	0	0	0	0	0	0	0	0	0	75	0	0	0	0	0	0	0	0	0	0	0	0	0	0	0	0	6	0	0	0	0	0	0	304	0	0	0	0	0	0	0	0	0	0	0	40	0	0	0	16	0	15

90	assemblage-609-772	0	0	0	0	0	0	34	0	0	0	0	340	0	0	0	0	0	0	0	0	0	0	0	0	0	0	0	0	0	38	69	0	0	0	0	0	0	0	0	0	0	0	0	0	0	0	0	0	0	0	0	0	0	0	0	0	0	0	0	0	0	0	0	0	0	0	0	0	0	12	0	0	0	0	0	0	0	0	0	7
90	assemblage-973-856	0	0	0	0	0	0	0	0	0	0	0	0	0	0	0	0	0	0	0	0	0	0	0	0	0	0	0	0	0	0	0	0	0	0	0	0	0	12	0	0	0	0	0	0	0	0	0	261	0	0	0	0	0	0	12	0	0	0	0	13	0	183	0	0	0	0	0	0	0	0	0	0	0	0	0	0	0	0	0	19
90	assemblage-984-844	0	0	0	0	0	0	0	0	0	0	0	0	0	0	0	0	0	0	7	0	0	0	0	0	0	0	0	0	0	0	0	0	0	0	0	0	0	13	0	0	0	0	0	0	0	0	0	255	0	0	0	0	0	0	2	0	0	0	0	8	0	198	0	0	0	0	0	0	0	0	0	0	0	0	0	2	0	0	0	15

91	assemblage-609-772	0	0	0	0	0	0	34	0	0	0	0	340	0	0	0	0	0	0	0	0	0	0	0	0	0	0	0	0	0	38	69	0	0	0	0	0	0	0	0	0	0	0	0	0	0	0	0	0	0	0	0	0	0	0	0	0	0	0	0	0	0	0	0	0	0	0	0	0	0	12	0	0	0	0	0	0	0	0	0	7
91	assemblage-973-856	0	0	0	0	0	0	0	0	0	0	0	0	0	0	0	0	0	0	0	0	0	0	0	0	0	0	0	0	0	0	0	0	0	0	0	0	0	12	0	0	0	0	0	0	0	0	0	261	0	0	0	0	0	0	12	0	0	0	0	13	0	183	0	0	0	0	0	0	0	0	0	0	0	0	0	0	0	0	0	19
91	assemblage-715-796	0	0	0	0	0	0	0	0	0	0	0	0	0	0	0	0	0	0	0	0	0	0	0	0	0	0	0	44	0	0	0	0	0	0	0	0	0	75	0	0	0	0	0	0	0	0	0	0	0	0	0	0	0	0	6	0	0	0	0	0	0	304	0	0	0	0	0	0	0	0	0	0	0	40	0	0	0	16	0	15

92	assemblage-609-772	0	0	0	0	0	0	34	0	0	0	0	340	0	0	0	0	0	0	0	0	0	0	0	0	0	0	0	0	0	38	69	0	0	0	0	0	0	0	0	0	0	0	0	0	0	0	0	0	0	0	0	0	0	0	0	0	0	0	0	0	0	0	0	0	0	0	0	0	0	12	0	0	0	0	0	0	0	0	0	7
92	assemblage-973-856	0	0	0	0	0	0	0	0	0	0	0	0	0	0	0	0	0	0	0	0	0	0	0	0	0	0	0	0	0	0	0	0	0	0	0	0	0	12	0	0	0	0	0	0	0	0	0	261	0	0	0	0	0	0	12	0	0	0	0	13	0	183	0	0	0	0	0	0	0	0	0	0	0	0	0	0	0	0	0	19
92	assemblage-722-797	0	0	0	63	0	0	0	0	0	0	0	0	0	0	0	0	0	0	30	0	0	0	0	0	0	0	0	0	0	0	0	0	0	0	0	0	0	0	0	0	0	0	0	0	20	0	0	0	0	0	0	0	0	0	322	0	0	0	0	0	0	39	0	0	0	0	0	0	0	0	0	0	0	0	0	0	7	0	0	19

93	assemblage-151-733	0	0	0	0	11	0	0	0	0	0	0	209	0	0	0	0	76	0	0	0	0	0	0	0	0	0	0	0	0	11	156	0	0	0	0	0	0	0	0	0	0	0	0	0	0	0	0	13	0	0	0	0	0	0	0	0	0	0	0	0	0	0	0	0	0	0	0	0	0	0	0	0	0	0	16	0	0	0	0	8
93	assemblage-475-348	0	0	0	0	0	0	0	0	0	0	0	0	0	0	0	0	0	12	0	0	0	0	0	0	0	0	0	0	0	0	147	0	0	0	0	0	0	91	0	0	0	0	0	0	0	0	0	68	0	0	0	0	0	0	25	0	0	0	0	0	66	27	0	0	0	0	0	0	0	0	0	0	0	0	0	0	0	29	0	35
93	assemblage-496-330	0	0	0	0	0	0	0	0	0	0	0	0	0	0	0	0	0	0	0	0	0	0	0	0	0	0	0	0	0	0	31	0	0	0	0	0	0	79	0	0	0	0	0	0	0	0	0	174	0	0	0	0	0	0	66	0	0	0	0	0	22	96	0	0	0	0	0	0	0	0	0	0	0	0	0	0	0	10	0	22

94	assemblage-151-733	0	0	0	0	11	0	0	0	0	0	0	209	0	0	0	0	76	0	0	0	0	0	0	0	0	0	0	0	0	11	156	0	0	0	0	0	0	0	0	0	0	0	0	0	0	0	0	13	0	0	0	0	0	0	0	0	0	0	0	0	0	0	0	0	0	0	0	0	0	0	0	0	0	0	16	0	0	0	0	8
94	assemblage-492-530	0	0	0	0	0	0	0	0	0	0	0	416	0	0	0	0	5	0	0	0	3	0	0	0	0	0	0	0	0	0	21	0	0	0	0	39	0	0	0	0	0	0	0	0	0	0	0	1	0	0	0	0	0	0	0	0	0	0	0	0	0	0	0	0	0	0	0	0	0	0	0	0	0	0	0	0	0	0	0	15
94	assemblage-715-796	0	0	0	0	0	0	0	0	0	0	0	0	0	0	0	0	0	0	0	0	0	0	0	0	0	0	0	44	0	0	0	0	0	0	0	0	0	75	0	0	0	0	0	0	0	0	0	0	0	0	0	0	0	0	6	0	0	0	0	0	0	304	0	0	0	0	0	0	0	0	0	0	0	40	0	0	0	16	0	15

95	assemblage-151-733	0	0	0	0	11	0	0	0	0	0	0	209	0	0	0	0	76	0	0	0	0	0	0	0	0	0	0	0	0	11	156	0	0	0	0	0	0	0	0	0	0	0	0	0	0	0	0	13	0	0	0	0	0	0	0	0	0	0	0	0	0	0	0	0	0	0	0	0	0	0	0	0	0	0	16	0	0	0	0	8
95	assemblage-570-928	0	0	0	0	0	0	0	0	0	0	0	342	0	0	0	0	0	0	0	0	0	0	0	0	0	0	0	0	0	0	45	0	83	1	0	0	0	0	0	0	0	0	0	0	0	0	0	0	0	0	0	0	0	0	0	0	0	9	0	0	0	0	0	0	0	0	0	0	0	0	0	0	0	0	0	0	0	0	0	20
95	assemblage-715-796	0	0	0	0	0	0	0	0	0	0	0	0	0	0	0	0	0	0	0	0	0	0	0	0	0	0	0	44	0	0	0	0	0	0	0	0	0	75	0	0	0	0	0	0	0	0	0	0	0	0	0	0	0	0	6	0	0	0	0	0	0	304	0	0	0	0	0	0	0	0	0	0	0	40	0	0	0	16	0	15

96	assemblage-151-733	0	0	0	0	11	0	0	0	0	0	0	209	0	0	0	0	76	0	0	0	0	0	0	0	0	0	0	0	0	11	156	0	0	0	0	0	0	0	0	0	0	0	0	0	0	0	0	13	0	0	0	0	0	0	0	0	0	0	0	0	0	0	0	0	0	0	0	0	0	0	0	0	0	0	16	0	0	0	0	8
96	assemblage-371-515	0	0	0	0	0	0	0	0	0	0	0	0	0	0	0	0	0	41	0	0	0	0	0	0	0	0	0	0	0	105	0	0	0	0	0	0	0	83	0	0	0	0	0	0	0	42	0	197	0	0	0	0	0	0	0	0	0	0	0	0	0	0	0	0	0	0	5	0	0	0	0	0	0	0	0	0	0	0	0	27
96	assemblage-984-844	0	0	0	0	0	0	0	0	0	0	0	0	0	0	0	0	0	0	7	0	0	0	0	0	0	0	0	0	0	0	0	0	0	0	0	0	0	13	0	0	0	0	0	0	0	0	0	255	0	0	0	0	0	0	2	0	0	0	0	8	0	198	0	0	0	0	0	0	0	0	0	0	0	0	0	2	0	0	0	15

97	assemblage-151-733	0	0	0	0	11	0	0	0	0	0	0	209	0	0	0	0	76	0	0	0	0	0	0	0	0	0	0	0	0	11	156	0	0	0	0	0	0	0	0	0	0	0	0	0	0	0	0	13	0	0	0	0	0	0	0	0	0	0	0	0	0	0	0	0	0	0	0	0	0	0	0	0	0	0	16	0	0	0	0	8
97	assemblage-371-515	0	0	0	0	0	0	0	0	0	0	0	0	0	0	0	0	0	41	0	0	0	0	0	0	0	0	0	0	0	105	0	0	0	0	0	0	0	83	0	0	0	0	0	0	0	42	0	197	0	0	0	0	0	0	0	0	0	0	0	0	0	0	0	0	0	0	5	0	0	0	0	0	0	0	0	0	0	0	0	27
97	assemblage-715-796	0	0	0	0	0	0	0	0	0	0	0	0	0	0	0	0	0	0	0	0	0	0	0	0	0	0	0	44	0	0	0	0	0	0	0	0	0	75	0	0	0	0	0	0	0	0	0	0	0	0	0	0	0	0	6	0	0	0	0	0	0	304	0	0	0	0	0	0	0	0	0	0	0	40	0	0	0	16	0	15

98	assemblage-151-733	0	0	0	0	11	0	0	0	0	0	0	209	0	0	0	0	76	0	0	0	0	0	0	0	0	0	0	0	0	11	156	0	0	0	0	0	0	0	0	0	0	0	0	0	0	0	0	13	0	0	0	0	0	0	0	0	0	0	0	0	0	0	0	0	0	0	0	0	0	0	0	0	0	0	16	0	0	0	0	8
98	assemblage-998-674	0	0	0	0	0	0	44	0	0	0	0	301	0	0	0	0	0	0	0	0	0	0	0	0	0	0	0	0	0	47	90	0	0	0	0	0	0	0	0	0	0	0	0	0	0	0	0	0	0	0	0	0	0	0	0	0	0	0	0	0	0	0	0	0	0	0	0	0	0	10	0	0	0	0	0	0	0	0	0	8
98	assemblage-715-796	0	0	0	0	0	0	0	0	0	0	0	0	0	0	0	0	0	0	0	0	0	0	0	0	0	0	0	44	0	0	0	0	0	0	0	0	0	75	0	0	0	0	0	0	0	0	0	0	0	0	0	0	0	0	6	0	0	0	0	0	0	304	0	0	0	0	0	0	0	0	0	0	0	40	0	0	0	16	0	15

99	assemblage-151-733	0	0	0	0	11	0	0	0	0	0	0	209	0	0	0	0	76	0	0	0	0	0	0	0	0	0	0	0	0	11	156	0	0	0	0	0	0	0	0	0	0	0	0	0	0	0	0	13	0	0	0	0	0	0	0	0	0	0	0	0	0	0	0	0	0	0	0	0	0	0	0	0	0	0	16	0	0	0	0	8
99	assemblage-998-674	0	0	0	0	0	0	44	0	0	0	0	301	0	0	0	0	0	0	0	0	0	0	0	0	0	0	0	0	0	47	90	0	0	0	0	0	0	0	0	0	0	0	0	0	0	0	0	0	0	0	0	0	0	0	0	0	0	0	0	0	0	0	0	0	0	0	0	0	0	10	0	0	0	0	0	0	0	0	0	8
99	assemblage-570-928	0	0	0	0	0	0	0	0	0	0	0	342	0	0	0	0	0	0	0	0	0	0	0	0	0	0	0	0	0	0	45	0	83	1	0	0	0	0	0	0	0	0	0	0	0	0	0	0	0	0	0	0	0	0	0	0	0	9	0	0	0	0	0	0	0	0	0	0	0	0	0	0	0	0	0	0	0	0	0	20

100	assemblage-151-733	0	0	0	0	11	0	0	0	0	0	0	209	0	0	0	0	76	0	0	0	0	0	0	0	0	0	0	0	0	11	156	0	0	0	0	0	0	0	0	0	0	0	0	0	0	0	0	13	0	0	0	0	0	0	0	0	0	0	0	0	0	0	0	0	0	0	0	0	0	0	0	0	0	0	16	0	0	0	0	8
100	assemblage-971-894	0	0	0	0	0	0	0	0	0	0	0	0	0	0	0	0	0	32	0	0	0	0	0	0	0	0	0	0	0	85	9	0	0	0	0	0	0	91	0	0	0	0	0	0	0	44	0	215	0	0	0	0	0	0	0	0	0	0	0	0	0	0	0	0	0	0	0	0	0	0	0	0	0	0	0	0	0	0	0	24
100	assemblage-984-844	0	0	0	0	0	0	0	0	0	0	0	0	0	0	0	0	0	0	7	0	0	0	0	0	0	0	0	0	0	0	0	0	0	0	0	0	0	13	0	0	0	0	0	0	0	0	0	255	0	0	0	0	0	0	2	0	0	0	0	8	0	198	0	0	0	0	0	0	0	0	0	0	0	0	0	2	0	0	0	15

101	assemblage-151-733	0	0	0	0	11	0	0	0	0	0	0	209	0	0	0	0	76	0	0	0	0	0	0	0	0	0	0	0	0	11	156	0	0	0	0	0	0	0	0	0	0	0	0	0	0	0	0	13	0	0	0	0	0	0	0	0	0	0	0	0	0	0	0	0	0	0	0	0	0	0	0	0	0	0	16	0	0	0	0	8
101	assemblage-971-894	0	0	0	0	0	0	0	0	0	0	0	0	0	0	0	0	0	32	0	0	0	0	0	0	0	0	0	0	0	85	9	0	0	0	0	0	0	91	0	0	0	0	0	0	0	44	0	215	0	0	0	0	0	0	0	0	0	0	0	0	0	0	0	0	0	0	0	0	0	0	0	0	0	0	0	0	0	0	0	24
101	assemblage-715-796	0	0	0	0	0	0	0	0	0	0	0	0	0	0	0	0	0	0	0	0	0	0	0	0	0	0	0	44	0	0	0	0	0	0	0	0	0	75	0	0	0	0	0	0	0	0	0	0	0	0	0	0	0	0	6	0	0	0	0	0	0	304	0	0	0	0	0	0	0	0	0	0	0	40	0	0	0	16	0	15

102	assemblage-151-733	0	0	0	0	11	0	0	0	0	0	0	209	0	0	0	0	76	0	0	0	0	0	0	0	0	0	0	0	0	11	156	0	0	0	0	0	0	0	0	0	0	0	0	0	0	0	0	13	0	0	0	0	0	0	0	0	0	0	0	0	0	0	0	0	0	0	0	0	0	0	0	0	0	0	16	0	0	0	0	8
102	assemblage-984-897	0	0	0	0	0	0	0	0	0	0	17	270	0	0	0	0	0	32	0	0	0	0	0	0	5	0	0	0	0	0	36	0	0	0	0	0	0	9	0	0	0	0	0	0	0	33	0	70	13	0	0	0	0	0	0	0	0	0	0	0	0	0	0	0	0	0	0	0	0	0	0	0	0	0	0	0	0	0	0	15
102	assemblage-984-844	0	0	0	0	0	0	0	0	0	0	0	0	0	0	0	0	0	0	7	0	0	0	0	0	0	0	0	0	0	0	0	0	0	0	0	0	0	13	0	0	0	0	0	0	0	0	0	255	0	0	0	0	0	0	2	0	0	0	0	8	0	198	0	0	0	0	0	0	0	0	0	0	0	0	0	2	0	0	0	15

103	assemblage-151-733	0	0	0	0	11	0	0	0	0	0	0	209	0	0	0	0	76	0	0	0	0	0	0	0	0	0	0	0	0	11	156	0	0	0	0	0	0	0	0	0	0	0	0	0	0	0	0	13	0	0	0	0	0	0	0	0	0	0	0	0	0	0	0	0	0	0	0	0	0	0	0	0	0	0	16	0	0	0	0	8
103	assemblage-984-897	0	0	0	0	0	0	0	0	0	0	17	270	0	0	0	0	0	32	0	0	0	0	0	0	5	0	0	0	0	0	36	0	0	0	0	0	0	9	0	0	0	0	0	0	0	33	0	70	13	0	0	0	0	0	0	0	0	0	0	0	0	0	0	0	0	0	0	0	0	0	0	0	0	0	0	0	0	0	0	15
103	assemblage-715-796	0	0	0	0	0	0	0	0	0	0	0	0	0	0	0	0	0	0	0	0	0	0	0	0	0	0	0	44	0	0	0	0	0	0	0	0	0	75	0	0	0	0	0	0	0	0	0	0	0	0	0	0	0	0	6	0	0	0	0	0	0	304	0	0	0	0	0	0	0	0	0	0	0	40	0	0	0	16	0	15

104	assemblage-151-733	0	0	0	0	11	0	0	0	0	0	0	209	0	0	0	0	76	0	0	0	0	0	0	0	0	0	0	0	0	11	156	0	0	0	0	0	0	0	0	0	0	0	0	0	0	0	0	13	0	0	0	0	0	0	0	0	0	0	0	0	0	0	0	0	0	0	0	0	0	0	0	0	0	0	16	0	0	0	0	8
104	assemblage-722-797	0	0	0	63	0	0	0	0	0	0	0	0	0	0	0	0	0	0	30	0	0	0	0	0	0	0	0	0	0	0	0	0	0	0	0	0	0	0	0	0	0	0	0	0	20	0	0	0	0	0	0	0	0	0	322	0	0	0	0	0	0	39	0	0	0	0	0	0	0	0	0	0	0	0	0	0	7	0	0	19
104	assemblage-715-796	0	0	0	0	0	0	0	0	0	0	0	0	0	0	0	0	0	0	0	0	0	0	0	0	0	0	0	44	0	0	0	0	0	0	0	0	0	75	0	0	0	0	0	0	0	0	0	0	0	0	0	0	0	0	6	0	0	0	0	0	0	304	0	0	0	0	0	0	0	0	0	0	0	40	0	0	0	16	0	15

105	assemblage-151-733	0	0	0	0	11	0	0	0	0	0	0	209	0	0	0	0	76	0	0	0	0	0	0	0	0	0	0	0	0	11	156	0	0	0	0	0	0	0	0	0	0	0	0	0	0	0	0	13	0	0	0	0	0	0	0	0	0	0	0	0	0	0	0	0	0	0	0	0	0	0	0	0	0	0	16	0	0	0	0	8
105	assemblage-973-856	0	0	0	0	0	0	0	0	0	0	0	0	0	0	0	0	0	0	0	0	0	0	0	0	0	0	0	0	0	0	0	0	0	0	0	0	0	12	0	0	0	0	0	0	0	0	0	261	0	0	0	0	0	0	12	0	0	0	0	13	0	183	0	0	0	0	0	0	0	0	0	0	0	0	0	0	0	0	0	19
105	assemblage-984-844	0	0	0	0	0	0	0	0	0	0	0	0	0	0	0	0	0	0	7	0	0	0	0	0	0	0	0	0	0	0	0	0	0	0	0	0	0	13	0	0	0	0	0	0	0	0	0	255	0	0	0	0	0	0	2	0	0	0	0	8	0	198	0	0	0	0	0	0	0	0	0	0	0	0	0	2	0	0	0	15

106	assemblage-151-733	0	0	0	0	11	0	0	0	0	0	0	209	0	0	0	0	76	0	0	0	0	0	0	0	0	0	0	0	0	11	156	0	0	0	0	0	0	0	0	0	0	0	0	0	0	0	0	13	0	0	0	0	0	0	0	0	0	0	0	0	0	0	0	0	0	0	0	0	0	0	0	0	0	0	16	0	0	0	0	8
106	assemblage-973-856	0	0	0	0	0	0	0	0	0	0	0	0	0	0	0	0	0	0	0	0	0	0	0	0	0	0	0	0	0	0	0	0	0	0	0	0	0	12	0	0	0	0	0	0	0	0	0	261	0	0	0	0	0	0	12	0	0	0	0	13	0	183	0	0	0	0	0	0	0	0	0	0	0	0	0	0	0	0	0	19
106	assemblage-715-796	0	0	0	0	0	0	0	0	0	0	0	0	0	0	0	0	0	0	0	0	0	0	0	0	0	0	0	44	0	0	0	0	0	0	0	0	0	75	0	0	0	0	0	0	0	0	0	0	0	0	0	0	0	0	6	0	0	0	0	0	0	304	0	0	0	0	0	0	0	0	0	0	0	40	0	0	0	16	0	15

107	assemblage-151-733	0	0	0	0	11	0	0	0	0	0	0	209	0	0	0	0	76	0	0	0	0	0	0	0	0	0	0	0	0	11	156	0	0	0	0	0	0	0	0	0	0	0	0	0	0	0	0	13	0	0	0	0	0	0	0	0	0	0	0	0	0	0	0	0	0	0	0	0	0	0	0	0	0	0	16	0	0	0	0	8
107	assemblage-973-856	0	0	0	0	0	0	0	0	0	0	0	0	0	0	0	0	0	0	0	0	0	0	0	0	0	0	0	0	0	0	0	0	0	0	0	0	0	12	0	0	0	0	0	0	0	0	0	261	0	0	0	0	0	0	12	0	0	0	0	13	0	183	0	0	0	0	0	0	0	0	0	0	0	0	0	0	0	0	0	19
107	assemblage-722-797	0	0	0	63	0	0	0	0	0	0	0	0	0	0	0	0	0	0	30	0	0	0	0	0	0	0	0	0	0	0	0	0	0	0	0	0	0	0	0	0	0	0	0	0	20	0	0	0	0	0	0	0	0	0	322	0	0	0	0	0	0	39	0	0	0	0	0	0	0	0	0	0	0	0	0	0	7	0	0	19

108	assemblage-151-733	0	0	0	0	11	0	0	0	0	0	0	209	0	0	0	0	76	0	0	0	0	0	0	0	0	0	0	0	0	11	156	0	0	0	0	0	0	0	0	0	0	0	0	0	0	0	0	13	0	0	0	0	0	0	0	0	0	0	0	0	0	0	0	0	0	0	0	0	0	0	0	0	0	0	16	0	0	0	0	8
108	assemblage-609-772	0	0	0	0	0	0	34	0	0	0	0	340	0	0	0	0	0	0	0	0	0	0	0	0	0	0	0	0	0	38	69	0	0	0	0	0	0	0	0	0	0	0	0	0	0	0	0	0	0	0	0	0	0	0	0	0	0	0	0	0	0	0	0	0	0	0	0	0	0	12	0	0	0	0	0	0	0	0	0	7
108	assemblage-715-796	0	0	0	0	0	0	0	0	0	0	0	0	0	0	0	0	0	0	0	0	0	0	0	0	0	0	0	44	0	0	0	0	0	0	0	0	0	75	0	0	0	0	0	0	0	0	0	0	0	0	0	0	0	0	6	0	0	0	0	0	0	304	0	0	0	0	0	0	0	0	0	0	0	40	0	0	0	16	0	15

109	assemblage-151-733	0	0	0	0	11	0	0	0	0	0	0	209	0	0	0	0	76	0	0	0	0	0	0	0	0	0	0	0	0	11	156	0	0	0	0	0	0	0	0	0	0	0	0	0	0	0	0	13	0	0	0	0	0	0	0	0	0	0	0	0	0	0	0	0	0	0	0	0	0	0	0	0	0	0	16	0	0	0	0	8
109	assemblage-609-772	0	0	0	0	0	0	34	0	0	0	0	340	0	0	0	0	0	0	0	0	0	0	0	0	0	0	0	0	0	38	69	0	0	0	0	0	0	0	0	0	0	0	0	0	0	0	0	0	0	0	0	0	0	0	0	0	0	0	0	0	0	0	0	0	0	0	0	0	0	12	0	0	0	0	0	0	0	0	0	7
109	assemblage-570-928	0	0	0	0	0	0	0	0	0	0	0	342	0	0	0	0	0	0	0	0	0	0	0	0	0	0	0	0	0	0	45	0	83	1	0	0	0	0	0	0	0	0	0	0	0	0	0	0	0	0	0	0	0	0	0	0	0	9	0	0	0	0	0	0	0	0	0	0	0	0	0	0	0	0	0	0	0	0	0	20

110	assemblage-151-733	0	0	0	0	11	0	0	0	0	0	0	209	0	0	0	0	76	0	0	0	0	0	0	0	0	0	0	0	0	11	156	0	0	0	0	0	0	0	0	0	0	0	0	0	0	0	0	13	0	0	0	0	0	0	0	0	0	0	0	0	0	0	0	0	0	0	0	0	0	0	0	0	0	0	16	0	0	0	0	8
110	assemblage-609-772	0	0	0	0	0	0	34	0	0	0	0	340	0	0	0	0	0	0	0	0	0	0	0	0	0	0	0	0	0	38	69	0	0	0	0	0	0	0	0	0	0	0	0	0	0	0	0	0	0	0	0	0	0	0	0	0	0	0	0	0	0	0	0	0	0	0	0	0	0	12	0	0	0	0	0	0	0	0	0	7
110	assemblage-722-797	0	0	0	63	0	0	0	0	0	0	0	0	0	0	0	0	0	0	30	0	0	0	0	0	0	0	0	0	0	0	0	0	0	0	0	0	0	0	0	0	0	0	0	0	20	0	0	0	0	0	0	0	0	0	322	0	0	0	0	0	0	39	0	0	0	0	0	0	0	0	0	0	0	0	0	0	7	0	0	19

