Assemblage_Name	6290433-195482-3	0-5743483-3	0-5524256-6612528	3-7342081-6589441	0-8306395-3	3-2-5630330	2-2186270-3	3-6130860-4	0-5909510-3	1-2-3224084	5018466-4008915-5605897	2-2186270-2605362	3-2-1772264	3-6074349-4	0-4633653-3	2605777-200991-4124307	3-2-4	5035609-8306395-3	5018466-192050-1553007	5018466-192050-5605897	6293359-2-3	0-2-6612528	6985373-192050-5605897	2605777-200991-3	2-1040221-9155278	303886-1-6589441	0-200991-3	2-8233150-3	3301815-2-0	3301815-8416474-0	3-2-1097000	1-2-0	5018466-192050-3501361	4-4-4703712	3-4890700-2	1-195482-3	1-1354182-8559978	0-2776862-3	0-2-3	2-1040221-3	4-6246654-4703712	4669997-2-0	3-2-5502200	8265585-3-5605897	1-7022586-3	0-8306395-3320686	0-4531276-3	7918018-2-8231550	3855835-2-3	0-6336606-3	8268503-2-4	3-1-5488901	3-2-2801112	8453124-2-0	3-3-8550218	1-2-6043999	1-7826657-3	3-1-6589441	2-1040221-5103772	2-2186270-8899505	8453124-1072530-0	3-2-3326910	1-2-8231550	1-3144409-0	0-8306395-8525846	3-0-1	2875055-2186270-9642726	3-8214520-1772264	5018466-3-5605897	0-5877989-8525846	0-2-3299762
assemblage-405-662	0	12	0	0	0	0	0	0	0	0	0	0	66	0	0	24	21	0	0	0	0	69	0	0	0	0	66	0	0	0	0	0	0	0	0	0	0	0	225	0	0	0	0	0	0	0	0	0	0	0	0	0	0	0	0	0	0	0	0	0	0	0	0	0	0	0	0	0	0	0	17
assemblage-168-128	0	0	18	0	131	0	0	0	0	0	0	0	29	0	0	0	67	12	0	0	0	182	0	0	0	0	0	0	0	0	0	0	0	0	0	0	0	0	31	0	0	0	0	0	0	12	0	0	0	0	0	0	0	0	0	0	0	0	0	0	0	0	0	0	0	0	0	0	0	0	18
assemblage-96-554	0	0	0	0	0	0	0	0	0	0	0	0	0	0	0	0	28	0	0	0	0	0	36	0	0	0	0	0	0	0	0	11	0	0	0	200	0	0	50	0	0	0	0	0	0	0	0	0	0	0	34	0	33	74	0	0	0	0	0	0	0	0	0	0	0	0	0	0	0	0	34
assemblage-807-241	0	0	0	0	10	0	0	0	0	0	0	0	28	0	0	0	214	0	0	0	0	17	0	0	0	0	0	0	118	10	19	7	0	0	0	0	0	0	32	0	0	0	0	0	0	0	0	0	0	0	0	0	0	0	0	0	0	0	0	0	31	0	0	0	0	0	0	0	0	0	14
assemblage-520-767	0	0	0	0	70	0	0	0	0	0	0	0	9	0	0	0	65	0	0	29	0	0	22	0	0	0	34	0	14	0	0	82	0	0	0	72	0	0	50	0	0	0	0	0	0	0	0	0	0	0	12	0	8	16	0	0	0	0	0	0	0	0	0	0	0	0	0	0	0	0	17
assemblage-868-369	0	0	0	0	0	0	0	0	0	0	8	0	0	0	0	0	215	0	0	25	0	0	0	0	0	0	0	0	0	0	0	0	0	0	0	0	0	0	0	0	0	0	0	15	0	0	0	0	0	0	0	0	0	0	54	0	0	72	0	0	0	0	0	0	0	0	0	0	98	0	13
assemblage-392-512	0	0	0	0	90	0	0	0	0	0	0	0	41	0	0	0	8	0	0	95	0	0	70	0	0	0	86	0	0	0	0	40	0	0	0	0	0	0	27	0	0	0	0	0	0	0	0	0	0	0	13	0	0	0	0	0	0	0	0	0	0	0	0	0	0	0	0	0	0	0	30
assemblage-811-595	0	0	0	0	80	0	0	0	0	0	0	0	0	0	7	0	12	0	0	0	0	14	0	0	0	0	62	0	0	0	0	0	0	0	0	0	0	0	245	0	0	0	0	0	0	0	0	0	0	0	0	0	0	61	0	0	0	0	0	0	0	0	0	0	0	0	0	0	0	0	19
assemblage-341-816	0	0	0	0	70	0	0	0	0	0	0	0	29	0	0	0	13	0	0	78	0	0	80	9	0	0	93	0	0	0	0	50	0	0	0	0	0	0	38	0	0	0	0	0	0	0	0	0	0	0	13	0	0	0	0	0	0	0	0	0	0	0	0	0	0	0	0	0	0	0	27
assemblage-973-578	0	0	0	0	0	0	0	0	0	0	0	0	0	0	0	0	98	0	4	172	0	0	10	0	14	0	0	0	0	0	0	30	11	0	0	0	0	0	79	8	0	0	0	0	0	0	0	0	0	0	9	8	7	0	0	0	0	14	7	0	0	0	0	0	0	0	0	0	0	0	29
assemblage-162-175	0	0	0	0	21	0	0	0	0	0	0	0	31	0	0	0	211	0	0	0	0	11	0	0	0	0	0	0	114	6	23	7	0	0	0	0	0	0	37	0	0	0	0	0	0	0	0	0	0	0	0	0	0	0	0	0	0	0	0	0	20	0	0	0	0	0	0	0	0	0	19
assemblage-687-721	0	0	0	0	56	16	0	0	0	0	0	0	0	0	0	61	189	0	0	20	0	0	0	14	0	0	21	0	0	0	0	60	0	0	0	0	0	0	0	0	0	0	0	0	0	0	49	0	0	0	0	0	0	0	0	0	0	0	0	0	0	0	0	0	0	0	0	0	0	0	14
assemblage-537-343	0	0	0	0	308	0	8	0	0	0	0	0	0	0	0	0	21	0	0	0	0	0	0	0	0	0	0	0	0	0	0	11	0	0	0	78	0	0	23	6	0	0	0	0	0	0	0	0	0	0	0	0	0	0	0	0	0	26	0	0	0	0	0	0	0	0	0	0	0	0	19
assemblage-109-547	12	0	0	0	5	0	0	0	0	0	0	0	0	0	0	0	27	0	0	0	0	0	24	0	0	0	0	0	0	0	0	14	0	0	0	228	0	0	44	0	0	0	0	0	0	0	0	0	0	0	34	0	30	66	0	0	0	0	0	0	0	0	0	0	0	0	0	0	0	0	16
assemblage-462-472	0	0	0	0	11	0	33	0	0	0	0	38	0	0	0	0	8	0	0	0	13	0	0	0	0	0	0	103	0	0	0	90	0	0	11	89	0	0	80	5	0	0	0	0	6	0	0	0	0	0	0	0	0	0	0	0	0	0	0	0	0	0	0	0	0	0	0	0	0	0	13
assemblage-656-344	0	0	0	0	63	0	0	0	0	0	0	0	0	0	0	0	16	0	0	0	0	22	0	0	0	0	63	0	0	0	0	0	0	0	0	0	0	0	268	0	0	0	0	0	0	0	0	0	0	0	0	0	0	45	0	0	0	0	0	0	0	0	0	0	0	0	0	0	0	0	23
assemblage-817-785	0	0	0	0	0	0	0	0	0	19	0	0	0	0	0	0	0	0	0	0	0	0	0	0	0	0	0	0	0	0	0	373	0	0	0	0	0	0	0	0	0	7	0	0	0	0	0	6	0	0	0	0	0	0	0	2	0	0	0	0	0	0	55	20	0	8	0	0	0	0	10
assemblage-987-572	0	0	0	0	0	0	0	0	0	0	0	0	0	0	0	0	42	0	0	0	0	0	0	0	0	9	0	0	0	0	0	161	0	0	0	139	0	0	0	0	0	0	0	0	0	0	0	0	0	0	0	0	0	78	0	0	2	24	0	0	0	0	0	0	0	0	0	0	0	10	35
assemblage-785-245	0	0	0	0	13	0	0	0	0	0	0	0	20	0	0	0	229	0	0	0	0	17	0	0	0	0	0	0	107	12	28	7	0	0	0	0	0	0	29	0	0	0	0	0	0	0	0	0	0	0	0	0	0	0	0	0	0	0	0	0	26	0	0	0	0	0	0	0	0	0	12
assemblage-543-780	0	0	0	0	191	0	0	0	0	0	0	14	0	0	0	0	80	0	0	13	0	0	0	0	0	0	0	0	0	0	0	60	0	0	0	20	0	0	94	0	0	0	0	0	0	0	0	0	0	0	6	0	0	0	0	0	0	0	0	0	0	0	0	0	0	0	0	0	0	0	22
assemblage-605-982	0	0	0	0	0	0	212	0	0	0	0	0	0	0	0	0	0	0	0	0	0	0	0	0	0	0	0	138	0	0	0	0	0	0	61	0	0	0	0	52	0	0	0	0	0	0	0	0	0	0	0	0	0	0	0	0	0	0	0	12	0	0	0	0	0	0	4	0	0	0	21
assemblage-542-771	0	0	0	0	192	0	0	0	0	0	0	24	0	0	0	0	68	0	0	13	0	0	0	0	0	0	0	0	0	0	0	70	0	0	0	12	0	0	98	0	0	0	0	0	0	0	0	0	0	0	5	0	0	0	0	0	0	0	0	0	0	0	0	0	0	0	0	0	0	0	18
assemblage-563-209	0	0	0	0	0	0	0	0	0	0	0	0	30	7	117	0	7	0	0	0	0	24	0	0	0	0	0	0	0	0	0	0	0	0	0	0	0	21	267	0	0	0	0	0	0	0	0	0	0	0	0	0	0	0	0	0	0	0	0	0	0	0	0	0	0	0	0	14	0	0	13
assemblage-813-234	0	9	0	0	0	0	0	0	0	0	0	0	93	0	0	8	22	0	0	0	0	51	0	0	0	0	65	0	0	0	0	0	0	0	0	0	0	0	237	0	0	0	0	0	0	0	0	0	0	0	0	0	0	0	0	0	0	0	0	0	0	0	0	0	0	0	0	0	0	0	15
assemblage-365-506	0	0	0	0	7	0	39	0	0	0	0	36	0	0	0	0	7	0	0	0	27	0	0	0	0	0	0	121	0	0	0	65	0	0	18	78	0	0	77	6	0	0	0	0	0	0	0	0	0	0	0	0	0	0	0	0	0	0	0	0	0	0	0	0	0	0	0	0	0	0	19
assemblage-895-362	0	0	0	0	0	0	0	0	0	0	5	0	0	0	0	0	241	0	0	16	0	0	0	0	0	0	0	0	0	0	0	0	0	0	0	0	0	0	0	0	0	0	0	14	0	0	0	0	0	0	0	0	0	0	55	0	0	81	0	0	0	0	0	0	0	0	0	0	78	0	10
assemblage-868-358	0	0	0	0	0	0	0	0	0	0	7	0	0	0	0	0	200	0	0	27	0	0	0	0	0	0	0	0	0	0	0	0	0	0	0	0	0	0	0	0	0	0	0	22	0	0	0	0	0	0	0	0	0	0	57	0	0	69	0	0	0	0	0	0	0	0	0	0	108	0	10
assemblage-989-563	0	0	0	0	0	0	0	0	0	0	0	0	0	0	0	0	58	0	0	0	0	0	0	0	0	8	0	0	0	0	0	155	0	0	0	123	0	0	0	0	0	0	0	0	0	0	0	0	0	0	0	0	0	92	0	0	0	18	0	0	0	0	0	0	0	0	0	0	0	6	40
assemblage-989-562	0	0	0	0	15	0	37	0	0	0	0	45	0	0	0	0	7	0	0	0	16	0	0	0	0	0	0	106	0	0	0	78	0	0	15	85	0	0	68	0	0	0	0	0	0	0	0	0	0	0	0	0	0	0	0	0	0	0	0	0	0	0	0	0	0	0	0	0	0	0	28
assemblage-109-521	0	0	0	0	184	0	0	0	11	0	0	21	0	0	0	0	73	0	0	12	0	0	0	0	0	0	0	0	0	0	0	61	0	0	0	15	0	0	84	0	0	0	0	0	0	0	0	0	0	0	11	0	0	0	0	0	0	0	0	0	0	0	0	0	0	0	0	0	0	0	28
assemblage-456-475	0	0	0	0	321	0	0	0	0	0	0	0	0	0	0	0	13	0	0	0	0	0	0	0	0	0	0	0	0	0	0	8	0	0	0	81	0	0	24	11	0	0	0	0	0	0	0	0	0	0	0	0	0	0	0	0	0	21	0	0	0	0	0	0	0	0	0	0	0	0	21
assemblage-808-599	0	0	0	0	22	0	0	0	0	0	0	0	133	0	0	0	75	0	0	0	0	0	0	0	0	0	25	0	0	0	0	37	0	0	0	20	25	0	7	0	0	0	0	0	0	0	0	0	0	0	0	0	0	103	0	0	0	0	0	0	34	0	0	0	0	0	0	0	0	0	19
assemblage-257-587	0	0	0	0	76	0	0	0	0	0	0	0	0	0	0	0	0	0	0	0	0	0	0	0	0	0	0	0	0	0	0	0	0	24	0	209	0	0	159	0	14	0	0	0	0	0	0	0	0	0	0	0	0	0	0	0	0	0	0	0	0	0	0	0	7	0	0	0	0	0	11
assemblage-349-817	0	0	0	0	15	0	0	0	0	0	0	0	0	0	0	0	112	0	0	3	0	0	0	0	0	0	0	0	48	0	0	238	0	0	0	12	0	0	41	0	0	0	0	0	0	0	0	0	0	0	0	0	8	0	0	0	0	0	0	0	0	0	0	0	0	0	0	0	0	0	23
assemblage-260-615	0	0	0	0	84	0	0	0	0	0	0	0	0	0	0	0	0	0	0	0	0	0	0	0	0	0	0	0	0	0	0	0	0	32	0	213	0	0	133	0	12	0	0	0	0	0	0	0	0	0	0	0	0	0	0	0	0	0	0	0	0	0	0	0	3	0	0	0	0	0	23
assemblage-478-448	0	0	0	0	307	0	0	0	0	0	0	0	0	0	0	0	24	0	0	0	0	0	0	0	0	0	0	0	0	0	0	1	0	0	0	82	0	0	27	6	0	0	0	0	0	0	0	0	0	0	0	0	0	0	0	0	0	22	0	0	0	0	0	0	0	0	0	0	0	0	31
assemblage-528-782	0	0	0	0	16	0	0	0	0	0	0	0	0	0	0	0	105	0	0	14	0	0	0	0	0	0	0	0	49	0	0	226	0	0	0	9	0	0	49	0	0	0	0	0	0	0	0	0	0	0	0	0	7	0	0	0	0	0	0	0	0	0	0	0	0	0	0	0	0	0	25
assemblage-385-510	10	0	0	0	1	0	0	0	0	0	0	0	0	0	0	0	23	0	0	0	0	0	33	0	0	0	0	0	0	0	0	13	0	0	0	231	0	0	55	0	0	0	0	0	0	0	0	0	0	5	33	0	20	63	0	0	0	0	0	0	0	0	0	0	0	0	0	0	0	0	13
assemblage-383-474	0	0	0	0	296	0	8	0	0	0	0	0	0	0	0	0	22	0	0	0	0	0	0	0	0	0	0	0	0	0	0	2	0	0	0	90	0	0	32	10	0	0	0	0	0	0	0	0	0	0	0	0	0	0	0	0	0	22	0	0	0	0	0	0	0	0	0	0	0	0	18
assemblage-317-799	0	0	0	0	0	0	0	0	0	0	0	0	0	0	0	0	15	0	0	0	0	0	21	0	0	0	0	0	0	0	0	13	0	0	0	232	0	0	50	0	0	0	0	0	0	0	0	0	0	0	26	0	33	77	0	0	0	0	0	0	0	0	0	0	0	0	0	0	0	0	33
assemblage-276-841	0	0	0	0	90	0	0	0	0	0	0	0	0	0	0	0	118	0	0	0	0	0	0	0	0	0	0	0	168	0	0	10	0	0	0	0	0	0	18	0	0	0	0	0	0	0	0	0	27	0	0	0	0	11	0	0	0	0	0	0	0	41	0	0	0	0	0	0	0	0	17
assemblage-846-601	0	0	0	0	96	0	0	0	0	0	0	0	0	0	0	0	111	0	0	0	0	0	0	0	0	0	0	0	170	0	0	12	0	0	0	0	0	0	20	0	0	0	0	0	0	0	0	0	27	0	0	0	0	5	0	0	0	0	0	0	0	39	0	0	0	0	0	0	0	0	20
assemblage-329-825	0	0	0	0	84	0	0	0	0	0	0	0	52	0	0	0	8	0	0	92	0	0	72	4	0	0	95	0	0	0	0	32	0	0	0	0	0	0	26	0	0	0	0	0	0	0	0	0	0	0	13	0	0	0	0	0	0	0	0	0	0	0	0	0	0	0	0	0	0	0	22
assemblage-158-140	0	16	0	0	1	0	0	0	0	0	0	0	81	0	0	12	25	0	0	0	0	71	0	0	0	0	42	0	0	0	0	0	0	0	0	0	0	0	239	0	0	0	0	0	0	0	0	0	0	0	0	0	0	0	0	0	0	0	0	0	0	0	0	0	0	0	0	0	0	0	13
assemblage-575-225	0	0	0	0	0	0	0	0	0	0	0	0	33	4	113	0	5	0	0	0	0	35	0	0	0	0	0	0	0	0	0	0	0	0	0	0	0	10	280	0	0	0	0	0	0	0	0	0	0	0	0	0	0	0	0	0	0	0	0	0	0	0	0	0	0	0	0	9	0	0	11
assemblage-536-366	0	0	0	0	0	0	0	0	0	0	0	0	0	0	0	0	60	0	0	0	0	0	0	0	0	2	0	0	0	0	0	159	0	0	0	130	0	0	0	0	0	0	0	0	0	0	0	0	0	0	0	0	0	73	0	0	6	41	0	0	0	0	0	0	0	0	0	0	0	5	24
assemblage-459-455	0	0	0	0	297	0	3	0	0	0	0	0	0	0	0	0	25	0	0	0	0	0	0	0	0	0	0	0	0	0	0	9	0	0	0	87	0	0	23	5	0	0	0	0	0	0	0	0	0	0	0	0	0	0	0	0	0	29	0	0	0	0	0	0	0	0	0	0	0	0	22
assemblage-791-235	0	0	0	0	15	0	0	0	0	0	0	0	20	0	0	0	226	0	0	0	0	22	0	0	0	0	0	0	106	13	18	12	0	0	0	0	0	0	30	0	0	0	0	0	0	0	0	0	0	0	0	0	0	0	0	0	0	0	0	0	19	0	0	0	0	0	0	0	0	0	19
assemblage-93-530	0	0	0	0	11	0	0	0	0	0	0	0	0	0	0	0	126	0	0	7	0	0	4	0	0	0	0	0	43	0	0	219	0	0	0	8	0	0	51	0	0	0	0	0	0	0	0	0	0	0	0	0	10	0	0	0	0	0	0	0	0	0	0	0	0	0	0	0	0	0	21
assemblage-397-507	0	0	0	0	14	0	0	0	0	0	0	0	0	0	0	0	99	0	0	7	0	0	6	0	0	0	0	0	43	0	0	256	0	0	0	7	0	0	42	0	0	0	0	0	0	0	0	0	0	0	0	0	3	0	0	0	0	0	0	0	0	0	0	0	0	0	0	0	0	0	23
assemblage-657-738	0	0	0	0	64	7	0	0	0	0	0	0	0	0	0	70	200	0	0	20	0	0	0	9	0	0	14	0	0	0	0	51	0	0	0	0	0	0	0	0	0	0	0	0	0	0	51	0	0	0	0	0	0	0	0	0	0	0	0	0	0	0	0	0	0	0	0	0	0	0	14
assemblage-613-1002	0	0	0	0	0	0	235	0	0	0	0	0	0	0	0	0	0	0	0	0	0	0	0	0	0	0	0	110	0	0	0	0	0	0	66	0	0	0	0	57	0	0	0	0	0	0	0	0	0	0	0	0	0	0	0	0	0	0	0	8	0	0	0	0	0	0	5	0	0	0	19
assemblage-394-630	0	0	0	0	0	0	0	0	0	0	0	0	32	11	104	0	3	0	0	0	0	32	0	0	0	0	0	0	0	0	0	0	0	0	0	0	0	14	274	0	0	0	0	0	0	0	0	0	0	0	0	0	0	0	0	0	0	0	0	0	0	0	0	0	0	0	0	9	0	0	21
assemblage-984-550	0	0	0	0	0	0	0	0	0	0	0	0	0	0	0	0	105	0	0	156	0	0	8	0	10	0	0	0	0	0	0	43	11	0	0	0	0	0	86	5	0	0	0	0	0	0	0	0	0	0	13	8	9	0	0	0	0	4	13	0	0	0	0	0	0	0	0	0	0	0	29
assemblage-395-504	0	0	0	0	202	0	0	0	0	0	0	17	0	0	0	0	89	0	0	11	0	0	0	0	0	0	0	0	0	0	0	46	0	0	0	15	0	0	96	0	0	0	0	0	0	0	0	0	0	0	9	0	0	0	0	0	0	0	0	0	0	0	0	0	0	0	0	0	0	0	15
assemblage-395-505	0	0	0	0	286	0	4	0	0	0	0	0	0	0	0	0	25	0	0	0	0	0	0	0	0	0	0	0	0	0	0	10	0	0	0	85	0	0	26	11	0	0	0	0	0	0	0	0	0	0	0	0	0	0	0	0	0	29	0	0	0	0	0	0	0	0	0	0	0	0	24
assemblage-664-336	0	0	0	0	74	18	0	0	0	0	0	0	0	0	0	52	185	0	0	10	0	0	0	10	0	0	10	0	0	0	0	55	0	0	0	0	0	0	0	0	0	0	0	0	0	0	67	0	0	0	0	0	0	0	0	0	0	0	0	0	0	0	0	0	0	0	0	0	0	0	19
assemblage-406-498	0	0	0	0	8	0	0	0	0	0	0	0	0	0	0	0	135	0	0	4	0	0	0	0	0	0	0	0	50	0	0	216	0	0	0	9	0	0	52	0	0	0	0	0	0	0	0	0	0	0	0	0	6	0	0	0	0	0	0	0	0	0	0	0	0	0	0	0	0	0	20
assemblage-806-771	0	0	0	0	0	0	0	0	0	7	0	0	0	0	0	0	0	0	0	0	0	0	0	0	0	0	0	0	0	0	0	375	0	0	0	0	0	0	0	0	0	0	0	0	0	0	0	3	0	0	0	0	0	0	0	0	0	0	0	0	0	0	58	10	0	20	0	0	0	0	27
assemblage-869-357	0	0	0	0	0	0	0	0	0	0	10	0	0	0	0	0	202	0	0	25	0	0	0	0	0	0	0	0	0	0	0	0	0	0	0	0	0	0	0	0	0	0	0	15	0	0	0	0	0	0	0	0	0	0	73	0	0	70	0	0	0	0	0	0	0	0	0	0	102	0	3
assemblage-225-602	0	0	0	0	77	0	0	0	0	0	0	0	0	0	0	0	0	0	0	0	0	0	0	0	0	0	0	0	0	0	0	0	0	27	0	208	0	0	163	0	12	0	0	0	0	0	0	0	0	0	0	0	0	0	0	0	0	0	0	0	0	0	0	0	5	0	0	0	0	0	8
assemblage-825-581	0	0	0	0	88	0	0	0	0	0	0	0	0	0	0	0	120	0	0	0	0	0	0	0	0	0	0	0	177	0	0	3	0	0	0	0	0	0	16	0	0	0	0	0	0	0	0	0	35	0	0	0	0	12	0	0	0	0	0	0	0	39	0	0	0	0	0	0	0	0	10
assemblage-589-997	0	0	0	0	0	0	198	0	0	0	0	0	0	0	0	0	0	0	0	0	0	0	0	0	0	0	0	143	0	0	0	0	0	0	71	0	0	0	0	49	0	0	0	0	0	0	0	0	0	0	0	0	0	0	0	0	0	0	0	4	0	0	0	0	0	0	10	0	0	0	25
assemblage-514-785	0	0	0	0	3	0	0	0	0	0	0	0	0	0	0	0	28	0	0	0	0	0	33	0	0	0	0	0	0	0	0	12	0	0	0	218	0	0	51	0	0	0	0	0	0	0	0	0	0	0	36	0	19	72	0	0	0	0	0	0	0	0	0	0	0	0	0	0	0	0	28
assemblage-586-983	0	0	0	0	0	0	200	0	0	0	0	0	0	0	0	0	0	0	0	0	0	0	0	0	0	0	0	134	0	0	0	0	0	0	84	0	0	0	0	49	0	0	0	0	0	0	0	0	0	0	0	0	0	0	0	0	0	0	0	8	0	0	0	0	0	0	6	0	0	0	19
assemblage-163-179	0	0	0	0	0	0	0	0	0	0	0	0	27	7	101	0	0	0	0	0	0	34	0	0	0	0	0	0	0	0	0	0	0	0	0	0	0	17	282	0	0	0	0	0	0	0	0	0	0	0	0	0	0	0	0	0	0	0	0	0	0	0	0	0	0	0	0	12	0	0	20
assemblage-650-347	0	0	0	0	60	0	0	0	0	0	0	0	38	0	0	14	104	0	0	2	0	0	0	0	0	0	33	0	47	0	0	24	0	0	0	5	8	0	61	0	0	0	0	0	0	0	13	0	6	0	0	0	0	46	0	0	0	0	0	0	7	7	0	0	0	0	0	0	0	0	25
assemblage-643-327	0	0	0	0	70	0	0	0	0	0	0	0	0	0	0	0	5	0	0	0	0	13	0	0	0	0	66	0	0	0	0	0	0	0	0	0	0	0	282	0	0	0	0	0	0	0	0	0	0	0	0	0	0	36	0	0	0	0	0	0	0	0	0	0	0	0	0	0	0	0	28
assemblage-871-376	0	0	0	0	0	0	0	0	0	0	10	0	0	0	0	0	210	0	0	26	0	0	0	0	0	0	0	0	0	0	0	0	0	0	0	0	0	0	0	0	0	0	0	20	0	0	0	0	0	0	0	0	0	0	63	0	0	64	0	0	0	0	0	0	0	0	0	0	96	0	11
assemblage-791-232	0	0	22	0	146	0	0	0	0	0	0	0	26	0	0	0	69	4	0	0	0	162	0	0	0	0	0	0	0	0	0	0	0	0	0	0	0	0	41	0	0	0	0	0	0	6	0	0	0	0	0	0	0	0	0	0	0	0	0	0	0	0	0	0	0	0	0	0	0	0	24
assemblage-357-802	7	0	0	0	0	0	0	0	0	0	0	0	0	0	0	0	23	0	0	0	0	0	28	0	0	0	0	0	0	0	0	9	0	0	0	239	0	0	54	0	0	0	0	0	0	0	0	0	0	0	36	0	18	64	0	0	0	0	0	0	0	0	0	0	0	0	0	0	0	0	22
assemblage-340-821	0	0	0	0	81	0	0	0	0	0	0	0	63	0	0	0	11	0	0	85	0	0	77	0	0	0	69	0	0	0	0	34	0	0	0	0	0	0	34	0	0	0	0	0	0	0	0	0	0	0	20	0	0	0	0	0	0	0	0	0	0	0	0	0	0	0	0	0	0	0	26
assemblage-276-858	0	0	0	0	70	0	0	0	0	0	0	0	0	0	8	0	14	0	0	0	0	7	0	0	0	0	60	0	0	0	0	0	0	0	0	0	0	0	276	0	0	0	0	0	0	0	0	0	0	0	0	0	0	45	0	0	0	0	0	0	0	0	0	0	0	0	0	0	0	0	20
assemblage-786-244	0	19	0	0	4	0	0	0	0	0	0	0	80	0	0	9	22	0	0	0	0	70	0	0	0	0	66	0	0	0	0	0	0	0	0	0	0	0	215	0	0	0	0	0	0	0	0	0	0	0	0	0	0	0	0	0	0	0	0	0	0	0	0	0	0	0	0	0	0	0	15
assemblage-861-357	0	0	0	0	0	0	0	0	0	0	7	0	0	0	0	0	196	0	0	27	0	0	0	0	0	0	0	0	0	0	0	0	0	0	0	0	0	0	0	0	0	0	0	17	0	0	0	0	0	0	0	0	0	0	62	0	0	86	0	0	0	0	0	0	0	0	0	0	92	0	13
assemblage-979-561	0	0	0	0	0	0	0	0	0	0	0	0	0	0	0	0	98	0	0	149	0	0	16	0	7	0	0	0	0	0	0	49	10	0	0	0	0	0	79	5	0	0	0	0	0	0	0	0	0	0	10	10	11	0	0	0	0	8	7	0	0	0	0	0	0	0	0	0	0	0	41
assemblage-659-325	0	0	0	0	20	0	0	0	0	0	0	0	149	0	0	0	73	0	0	0	0	0	0	0	0	0	21	0	0	0	0	33	0	0	0	14	26	0	10	0	0	0	0	0	0	0	0	0	0	0	0	0	0	123	0	0	0	0	0	0	13	0	0	0	0	0	0	0	0	0	18
assemblage-155-143	0	0	21	0	152	0	0	0	0	0	0	0	23	0	0	0	55	7	0	0	0	183	0	0	0	0	0	0	0	0	0	0	0	0	0	0	0	0	38	0	0	0	0	0	0	6	0	0	0	0	0	0	0	0	0	0	0	0	0	0	0	0	0	0	0	0	0	0	0	0	15
assemblage-690-726	0	0	0	0	13	0	0	0	0	0	0	0	143	0	0	0	66	0	0	0	0	0	0	0	0	0	22	0	0	0	0	18	0	0	0	23	33	0	9	0	0	0	0	0	0	0	0	0	0	0	0	0	0	120	0	0	0	0	0	0	29	0	0	0	0	0	0	0	0	0	24
assemblage-806-765	0	0	0	0	0	0	0	0	0	14	0	0	0	0	0	0	0	0	0	0	0	0	0	0	0	0	0	0	0	0	0	350	0	0	0	0	0	0	0	0	0	7	0	0	0	0	0	6	0	0	0	0	0	0	0	0	0	0	0	0	0	0	68	20	0	13	0	0	0	0	22
assemblage-601-997	0	0	0	0	0	0	198	0	0	0	0	0	0	0	0	0	0	0	0	0	0	0	0	0	0	0	0	139	0	0	0	0	0	0	62	0	0	0	0	61	0	0	0	0	0	0	0	0	0	0	0	0	0	0	0	0	0	0	0	8	0	0	0	0	0	0	7	0	0	0	25
assemblage-452-448	0	0	0	0	0	0	0	0	0	0	0	0	0	0	0	0	82	0	0	171	0	0	19	0	7	0	0	0	0	0	0	44	13	0	0	0	0	0	84	11	0	0	0	0	0	0	0	0	0	0	9	6	9	0	0	0	0	4	8	0	0	0	0	0	0	0	0	0	0	0	33
assemblage-554-369	0	0	0	0	0	0	0	0	0	0	0	0	0	0	0	0	111	0	0	158	0	0	11	0	15	0	0	0	0	0	0	40	5	0	0	0	0	0	62	18	0	0	0	0	0	0	0	0	0	0	14	5	10	0	0	0	0	4	11	0	0	0	0	0	0	0	0	0	0	0	36
assemblage-693-730	0	0	0	0	17	0	0	0	0	0	0	0	132	0	0	0	70	0	0	0	0	0	0	0	0	0	22	0	0	0	0	33	0	0	0	22	42	0	6	0	0	0	0	0	0	0	0	0	0	0	0	0	0	113	0	0	0	0	0	0	18	0	0	0	0	0	0	0	0	0	25
assemblage-786-243	0	14	0	0	5	0	0	0	0	0	0	0	74	0	0	13	16	0	0	0	0	57	0	0	0	0	60	0	0	0	0	0	0	0	0	0	0	0	240	0	0	0	0	0	0	0	0	0	0	0	0	0	0	0	0	0	0	0	0	0	0	0	0	0	0	0	0	0	0	0	21
assemblage-538-369	0	0	0	0	0	0	0	0	0	0	0	0	0	0	0	0	54	0	0	0	0	0	0	0	0	2	0	0	0	0	0	163	0	0	0	136	0	0	0	0	0	0	0	0	0	0	0	0	0	0	0	0	0	75	0	0	0	34	0	0	0	0	0	0	0	0	0	0	0	8	28
assemblage-799-233	0	0	0	0	15	0	0	0	0	0	0	0	25	0	0	0	217	0	0	0	0	20	0	0	0	0	0	0	109	14	25	6	0	0	0	0	0	0	26	0	0	0	0	0	0	0	0	0	0	0	0	0	0	0	0	0	0	0	0	0	29	0	0	0	0	0	0	0	0	0	14
assemblage-985-576	0	0	0	0	0	0	0	0	0	0	0	0	0	0	0	0	103	0	6	137	0	0	13	0	11	0	0	0	0	0	0	44	10	0	0	0	0	0	89	10	0	0	0	0	0	0	0	0	0	0	10	5	14	0	0	0	0	5	12	0	0	0	0	0	0	0	0	0	0	0	31
assemblage-567-211	0	0	0	0	0	0	0	0	0	0	0	0	31	8	108	0	0	0	0	0	0	22	0	0	0	0	0	0	0	0	0	0	0	0	0	0	0	18	285	0	0	0	0	0	0	0	0	0	0	0	0	0	0	0	0	0	0	0	0	0	0	0	0	0	0	0	0	12	0	0	16
assemblage-576-209	0	0	0	0	8	0	0	0	0	0	0	0	36	0	0	0	202	0	0	0	0	27	0	0	0	0	0	0	121	13	22	7	0	0	0	0	0	0	34	0	0	0	0	0	0	0	0	0	0	0	0	0	0	0	0	0	0	0	0	0	20	0	0	0	0	0	0	0	0	0	10
assemblage-274-849	0	0	0	0	53	0	0	0	0	0	0	0	0	0	10	0	9	0	0	0	0	15	0	1	0	0	77	0	0	0	0	0	0	0	0	0	0	0	274	0	0	0	0	0	0	0	0	0	0	0	0	0	0	38	0	0	0	0	0	0	0	0	0	0	0	0	0	0	0	0	23
assemblage-673-332	0	0	0	0	63	8	0	0	0	0	0	0	0	0	0	66	192	0	0	12	0	0	0	19	0	0	9	0	0	0	0	51	0	0	0	0	0	0	0	0	0	0	0	0	0	0	66	0	0	0	0	0	0	0	0	0	0	0	0	0	0	0	0	0	0	0	0	0	0	0	14
assemblage-572-187	0	0	0	0	0	0	0	0	0	0	0	0	41	9	106	0	0	0	0	0	0	33	0	0	0	0	0	0	0	0	0	0	0	0	0	0	0	14	272	0	0	0	0	0	0	0	0	0	0	0	0	0	0	0	0	0	0	0	0	0	0	0	0	0	0	0	0	6	0	0	19
assemblage-259-846	0	0	0	0	88	0	0	0	0	0	0	0	0	0	0	0	111	0	0	0	0	0	0	0	0	0	0	0	178	0	0	12	0	0	0	0	0	0	19	0	0	0	0	0	0	0	0	0	27	0	0	0	0	6	0	0	0	0	0	0	0	41	0	0	0	0	0	0	0	0	18
assemblage-407-475	0	0	0	0	0	0	0	0	0	0	0	0	0	0	0	0	98	0	8	162	0	0	15	0	9	0	0	0	0	0	0	43	9	0	0	0	0	0	64	8	0	0	0	0	0	0	0	0	0	0	14	7	19	0	0	0	0	8	11	0	0	0	0	0	0	0	0	0	0	0	25
assemblage-524-775	0	0	0	0	20	0	0	0	0	0	0	0	0	0	0	0	103	0	0	6	0	0	0	0	0	0	0	0	41	0	0	226	0	0	0	6	0	0	58	0	0	0	0	0	0	0	0	0	0	0	0	0	10	0	0	0	0	0	0	0	0	0	0	0	0	0	0	0	0	0	30
assemblage-668-723	0	0	0	0	17	0	0	0	0	0	0	0	139	0	0	0	68	0	0	0	0	0	0	0	0	0	34	0	0	0	0	26	0	0	0	16	31	0	5	0	0	0	0	0	0	0	0	0	0	0	0	0	0	122	0	0	0	0	0	0	28	0	0	0	0	0	0	0	0	0	14
assemblage-521-784	0	0	0	0	85	0	0	0	0	0	0	0	51	0	0	0	9	0	0	94	0	0	75	8	0	0	82	0	0	0	0	37	0	0	0	0	0	0	30	0	0	0	0	0	0	0	0	0	0	0	10	0	0	0	0	0	0	0	0	0	0	0	0	0	0	0	0	0	0	0	19
assemblage-426-523	0	0	0	0	19	0	0	0	0	0	0	0	0	0	0	0	122	0	0	12	0	0	0	0	0	0	0	0	46	0	0	221	0	0	0	3	0	0	51	0	0	0	0	0	0	0	0	0	0	0	0	0	5	0	0	0	0	0	0	0	0	0	0	0	0	0	0	0	0	0	21
assemblage-592-990	0	0	0	0	15	0	38	0	0	0	0	0	0	0	0	0	61	0	0	7	0	0	0	0	0	0	0	38	0	0	0	88	0	3	14	56	0	0	42	10	0	0	0	0	0	0	0	0	0	0	0	0	0	0	15	0	0	24	0	0	0	0	11	0	0	0	0	0	30	0	48
assemblage-145-156	0	0	0	0	14	0	0	0	0	0	0	0	33	0	0	0	216	0	0	0	0	21	0	0	0	0	0	0	97	14	28	5	0	0	0	0	0	0	30	0	0	0	0	0	0	0	0	0	0	0	0	0	0	0	0	0	0	0	0	0	25	0	0	0	0	0	0	0	0	0	17
assemblage-263-604	0	0	0	0	75	0	0	0	0	0	0	0	0	0	0	0	0	0	0	0	0	0	0	0	0	0	0	0	0	0	0	0	0	29	0	236	0	0	125	0	10	0	0	0	0	0	0	0	0	0	0	0	0	0	0	0	0	0	0	0	0	0	0	0	6	0	0	0	0	0	19
assemblage-104-528	0	0	0	0	81	0	0	0	0	0	0	0	39	0	0	0	17	0	0	86	0	0	81	0	0	0	91	0	0	0	0	33	0	0	0	0	0	0	31	0	0	0	0	0	0	0	0	0	0	0	21	0	0	0	0	0	0	0	0	0	0	0	0	0	0	0	0	0	0	0	20
assemblage-522-778	0	0	0	0	196	0	0	0	0	0	0	24	0	0	0	0	63	0	0	14	0	0	0	0	0	0	0	0	0	0	0	73	0	0	0	20	0	0	90	0	0	0	0	0	0	0	0	0	0	0	8	0	0	0	0	0	0	0	0	0	0	0	0	0	0	0	0	0	0	0	12
assemblage-777-242	0	0	19	0	121	0	0	0	0	0	0	0	21	0	0	0	69	5	0	0	0	199	0	0	0	0	0	0	0	0	0	0	0	0	0	0	0	0	44	0	0	0	0	0	0	5	0	0	0	0	0	0	0	0	0	0	0	0	0	0	0	0	0	0	0	0	0	0	0	0	17
assemblage-864-354	0	0	0	0	0	0	0	0	0	0	2	0	0	0	0	0	235	0	0	18	0	0	0	0	0	0	0	0	0	0	0	0	0	0	0	0	0	0	0	0	0	0	0	19	0	0	0	0	0	0	0	0	0	0	60	0	0	63	0	0	0	0	0	0	0	0	0	0	92	0	11
assemblage-400-525	0	0	0	0	213	0	0	0	0	0	0	18	0	0	0	0	77	0	0	8	0	0	0	0	0	0	0	0	0	0	0	60	0	0	0	9	0	0	100	0	0	0	0	0	0	0	0	0	0	0	0	0	0	0	0	0	0	0	0	0	0	0	0	0	0	0	0	0	0	0	15
assemblage-386-638	0	0	0	0	6	0	0	0	0	0	0	0	23	0	0	0	200	0	0	0	0	29	0	0	0	0	0	0	129	12	29	0	0	0	0	0	0	0	31	0	0	0	0	0	0	0	0	0	0	0	0	0	0	0	0	0	0	0	0	0	11	0	0	0	0	0	0	0	0	0	30
assemblage-795-773	0	0	0	0	0	0	0	0	0	21	0	0	0	0	0	0	0	0	0	0	0	0	0	0	0	0	0	0	0	0	0	333	0	0	0	0	0	0	0	0	0	8	0	0	0	0	0	7	0	0	0	0	0	0	0	0	0	0	0	0	0	0	75	15	0	17	0	0	0	0	24
assemblage-684-736	0	0	0	0	20	0	0	0	0	0	0	0	154	0	0	0	57	0	0	0	0	0	0	0	0	0	32	0	0	0	0	20	0	0	0	12	39	0	10	0	0	0	0	0	0	0	0	0	0	0	0	0	0	118	0	0	0	0	0	0	22	0	0	0	0	0	0	0	0	0	16
assemblage-543-345	0	0	0	0	0	0	0	0	0	0	0	0	0	0	0	0	54	0	0	0	0	0	0	0	0	9	0	0	0	0	0	179	0	0	0	126	0	0	0	0	0	0	0	0	0	0	0	0	0	0	0	0	0	67	0	0	6	23	0	0	0	0	0	0	0	0	0	0	0	8	28
assemblage-783-760	0	0	0	0	0	0	0	0	0	7	0	0	0	0	0	0	0	0	0	0	0	0	0	0	0	0	0	0	0	0	0	376	0	0	0	0	0	0	0	0	0	6	0	0	0	0	0	8	0	0	0	0	0	0	0	6	0	0	0	0	0	0	57	19	0	7	0	0	0	0	14
assemblage-799-765	0	0	0	0	0	0	0	0	0	14	0	0	0	0	0	0	0	0	0	0	0	0	0	0	0	0	0	0	0	0	0	355	0	0	0	0	0	0	0	0	0	3	0	0	0	0	0	7	0	0	0	0	0	0	0	0	0	0	0	0	0	0	66	15	0	21	0	0	0	0	19
assemblage-383-529	0	0	0	0	5	0	0	0	0	0	0	0	0	0	0	0	21	0	0	0	0	0	34	0	0	0	0	0	0	0	0	16	0	0	0	208	0	0	46	0	0	0	0	0	0	0	0	0	0	0	25	0	20	91	0	0	0	0	0	0	0	0	0	0	0	0	0	0	0	0	34
assemblage-393-512	0	0	0	0	179	0	0	0	0	0	0	26	0	0	0	0	83	0	0	20	0	0	0	0	0	0	0	0	0	0	0	57	0	0	0	9	0	0	96	0	0	0	0	0	0	0	0	0	0	0	5	0	0	0	0	0	0	0	0	0	0	0	0	0	0	0	0	0	0	0	25
assemblage-529-794	0	0	0	0	191	0	0	0	0	0	0	15	0	0	0	0	86	0	0	11	0	0	0	0	0	0	0	0	0	0	0	58	0	0	0	19	0	0	93	0	0	0	0	0	0	0	0	0	0	0	9	0	0	0	0	0	0	0	0	0	0	0	0	0	0	0	0	0	0	0	18
assemblage-334-802	0	0	0	0	5	0	0	0	0	0	0	0	0	0	0	0	15	0	0	0	0	0	32	0	0	0	0	0	0	0	0	8	0	0	0	220	0	0	48	0	0	0	0	0	0	0	0	0	0	0	40	0	29	76	0	0	0	0	0	0	0	0	0	0	0	0	0	0	0	0	27
assemblage-875-352	0	0	0	0	0	0	0	0	0	0	6	0	0	0	0	0	201	0	0	25	0	0	0	0	0	0	0	0	0	0	0	0	0	0	0	0	0	0	0	0	0	0	0	15	0	0	0	0	0	0	0	0	0	0	67	0	0	78	0	0	0	0	0	0	0	0	0	0	99	0	9
assemblage-159-186	0	0	0	0	0	0	0	0	0	0	0	0	34	10	100	0	1	0	0	0	0	22	0	0	0	0	0	0	0	0	0	0	0	0	0	0	0	11	284	0	0	0	0	0	0	0	0	0	0	0	0	0	0	0	0	0	0	0	0	0	0	0	0	0	0	0	0	13	0	0	25
assemblage-163-152	0	0	0	0	15	0	0	0	0	0	0	0	30	0	0	0	206	0	0	0	0	19	0	0	0	0	0	0	113	6	14	9	0	0	0	0	0	0	41	0	0	0	0	0	0	0	0	0	0	0	0	0	0	0	0	0	0	0	0	0	34	0	0	0	0	0	0	0	0	0	13
assemblage-390-496	0	0	0	0	6	0	40	0	0	0	0	36	0	0	0	0	14	0	0	0	12	0	0	0	0	0	0	112	0	0	0	86	0	0	5	77	0	0	82	11	0	0	0	0	8	0	0	0	0	0	0	0	0	0	0	0	0	0	0	0	0	0	0	0	0	0	0	0	0	0	11
assemblage-831-587	0	0	0	0	81	0	0	0	0	0	0	0	0	0	0	0	11	0	0	0	0	9	0	0	0	0	72	0	0	0	0	0	0	0	0	0	0	0	270	0	0	0	0	0	0	0	0	0	0	0	0	0	0	37	0	0	0	0	0	0	0	0	0	0	0	0	0	0	0	0	20
assemblage-574-211	0	0	0	0	11	0	0	0	0	0	0	0	33	0	0	0	205	0	0	0	0	22	0	0	0	0	0	0	121	13	29	4	0	0	0	0	0	0	32	0	0	0	0	0	0	0	0	0	0	0	0	0	0	0	0	0	0	0	0	0	17	0	0	0	0	0	0	0	0	0	13
assemblage-604-990	0	0	0	0	0	0	194	0	0	0	0	0	0	0	0	0	0	0	0	0	0	0	0	0	0	0	0	135	0	0	0	0	0	0	82	0	0	0	0	60	0	0	0	0	0	0	0	0	0	0	0	0	0	0	0	0	0	0	0	6	0	0	0	0	0	0	4	0	0	0	19
assemblage-610-1007	0	0	0	0	0	0	218	0	0	0	0	0	0	0	0	0	0	0	0	0	0	0	0	0	0	0	0	143	0	0	0	0	0	0	54	0	0	0	0	57	0	0	0	0	0	0	0	0	0	0	0	0	0	0	0	0	0	0	0	6	0	0	0	0	0	0	9	0	0	0	13
assemblage-300-847	0	0	0	0	80	0	0	0	0	0	0	0	0	0	10	0	19	0	0	0	0	18	0	0	0	0	66	0	0	0	0	0	0	0	0	0	0	0	237	0	0	0	0	0	0	0	0	0	0	0	0	0	0	43	0	0	0	0	0	0	0	0	0	0	0	0	0	0	0	0	27
assemblage-105-531	0	0	0	0	78	0	0	0	0	0	0	0	47	0	0	0	13	0	0	86	0	0	68	0	0	0	99	0	0	0	0	35	0	0	0	0	0	0	30	0	0	0	0	0	0	0	0	0	0	0	13	0	0	0	0	0	0	0	0	0	0	0	0	0	0	0	0	0	0	0	31
assemblage-853-344	0	0	0	4	0	0	0	0	0	0	8	0	0	0	0	0	231	0	0	27	0	0	0	0	0	0	0	0	0	0	0	0	0	0	0	0	0	0	0	0	0	0	0	13	0	0	0	0	0	0	0	0	0	0	45	0	0	72	0	0	0	0	0	0	0	0	0	0	96	0	4
assemblage-801-782	0	0	0	0	0	0	0	0	0	12	0	0	0	0	0	0	0	0	0	0	0	0	0	0	0	0	0	0	0	0	0	342	0	0	0	0	0	0	0	0	0	5	0	0	0	0	0	6	0	0	0	0	0	0	0	11	0	0	0	0	0	0	73	14	0	17	0	0	0	0	20
assemblage-132-166	0	15	0	0	9	0	0	0	0	0	0	0	85	0	0	16	13	0	0	0	0	56	0	0	0	0	52	0	0	0	0	0	0	0	0	0	0	0	234	0	0	0	0	0	0	0	0	0	0	0	0	0	0	0	0	0	0	0	0	0	0	0	0	0	0	0	0	0	0	0	20
assemblage-532-767	0	0	0	0	81	0	0	0	0	0	0	0	54	0	0	0	8	0	0	100	0	0	69	0	0	0	75	0	0	0	0	36	0	0	0	0	0	0	25	0	0	0	0	0	0	0	0	0	0	0	13	0	0	0	0	0	0	0	0	0	0	0	0	0	0	0	0	0	0	0	39
assemblage-547-354	0	0	0	0	16	0	31	0	0	0	0	29	0	0	0	0	5	0	0	0	15	0	0	0	0	0	0	104	0	0	0	81	0	0	14	80	0	0	90	8	0	0	0	0	10	0	0	0	0	0	0	0	0	0	0	0	0	0	0	0	0	0	0	0	0	0	0	0	0	0	17
assemblage-550-360	0	0	0	0	19	0	36	0	0	0	0	28	0	0	0	0	8	0	0	0	17	0	0	0	0	0	0	102	0	0	0	85	0	0	12	84	0	0	97	0	0	0	0	0	1	0	0	0	0	0	0	0	0	0	0	0	0	0	0	0	0	0	0	0	0	0	0	0	0	0	11
assemblage-976-554	0	0	0	0	303	0	0	0	0	0	0	0	0	0	0	0	21	0	0	0	0	0	0	0	0	0	0	0	0	0	0	6	0	0	0	85	0	0	18	13	0	0	0	0	0	0	0	0	0	0	0	0	0	0	0	0	0	26	0	0	0	0	0	0	0	0	0	0	0	0	28
assemblage-820-776	0	0	0	0	0	0	0	0	0	20	0	0	0	0	0	0	0	0	0	0	0	0	0	0	0	0	0	0	0	0	0	363	0	0	0	0	0	0	0	0	0	0	0	0	0	0	0	8	0	0	0	0	0	0	0	0	0	0	0	0	0	0	63	13	0	12	0	0	0	0	21
assemblage-835-586	0	0	0	0	94	0	0	0	0	0	0	0	0	0	0	0	110	0	0	0	0	0	0	0	0	0	0	0	164	0	0	13	0	0	0	0	0	0	8	0	0	0	0	0	0	0	0	0	48	0	0	0	0	10	0	0	0	0	0	0	0	34	0	0	0	0	0	0	0	0	19
assemblage-550-367	0	0	0	0	0	0	0	0	0	0	0	0	0	0	0	0	82	0	0	162	0	0	16	0	10	0	0	0	0	0	0	53	7	0	0	0	0	0	68	6	0	0	0	0	0	0	0	0	0	0	19	9	15	0	0	0	0	10	8	0	0	0	0	0	0	0	0	0	0	0	35
assemblage-253-591	0	0	0	0	72	0	0	0	0	0	0	0	0	0	0	0	0	0	0	0	0	0	0	0	0	0	0	0	0	0	0	0	0	32	0	225	0	0	140	0	8	0	0	0	0	0	0	0	0	0	0	0	0	0	0	0	0	0	0	0	0	0	0	0	13	0	0	0	0	0	10
assemblage-279-866	0	0	0	0	89	0	0	0	0	0	0	0	0	0	0	0	98	0	0	0	0	0	0	0	0	0	0	0	183	0	0	9	0	0	0	0	0	0	19	0	0	0	0	0	0	0	0	0	47	0	0	0	0	7	0	0	0	0	0	0	0	36	0	0	0	0	0	0	0	0	12
assemblage-986-555	0	0	0	0	305	0	3	0	0	0	0	0	0	0	0	0	10	0	0	0	0	0	0	0	0	0	0	0	0	0	0	6	0	0	0	101	0	0	27	9	0	0	0	0	0	0	0	0	0	0	0	0	0	0	0	0	0	27	0	0	0	0	0	0	0	0	0	0	0	0	12
assemblage-656-318	0	0	0	0	61	10	0	0	0	0	0	0	0	0	0	65	213	0	0	12	0	0	0	11	0	0	17	0	0	0	0	38	0	0	0	0	0	0	0	0	0	0	0	0	0	0	61	0	0	0	0	0	0	0	0	0	0	0	0	0	0	0	0	0	0	0	0	0	0	0	12
assemblage-561-206	0	0	0	0	0	0	0	0	0	0	0	0	35	4	112	0	5	0	0	0	0	18	0	0	0	0	0	0	0	0	0	0	0	0	0	0	0	18	271	0	0	0	0	0	0	0	0	0	0	0	0	0	0	0	0	0	0	0	0	0	0	0	0	0	0	0	0	17	0	0	20
assemblage-834-582	0	0	0	0	55	6	0	0	0	0	0	0	0	0	0	59	203	0	0	15	0	0	0	18	0	0	19	0	0	0	0	51	0	0	0	0	0	0	0	0	0	0	0	0	0	0	61	0	0	0	0	0	0	0	0	0	0	0	0	0	0	0	0	0	0	0	0	0	0	0	13
assemblage-961-569	0	0	0	0	0	0	0	0	0	0	0	0	0	0	0	0	56	0	0	0	0	0	0	0	0	8	0	0	0	0	0	169	0	0	0	116	0	0	0	0	0	0	0	0	0	0	0	0	0	0	0	0	0	74	0	0	0	40	0	0	0	0	0	0	0	0	0	0	0	3	34
assemblage-334-814	0	0	0	0	8	0	0	0	0	0	0	0	0	0	0	0	25	0	0	0	0	0	42	0	0	0	0	0	0	0	0	17	0	0	0	205	0	0	50	0	0	0	0	0	0	0	0	0	0	0	45	0	22	60	0	0	0	0	0	0	0	0	0	0	0	0	0	0	0	0	26
assemblage-337-810	0	0	0	0	5	0	0	0	0	0	0	0	0	0	0	0	122	0	0	8	0	0	0	0	0	0	0	0	54	0	0	212	0	0	0	12	0	0	50	0	0	0	0	0	0	0	0	0	0	0	0	0	9	0	0	0	0	0	0	0	0	0	0	0	0	0	0	0	0	0	28
assemblage-564-211	0	11	0	0	0	0	0	0	0	0	0	0	84	0	0	12	14	0	0	0	0	77	0	0	0	0	45	0	0	0	0	0	0	0	0	0	0	0	230	0	0	0	0	0	0	0	0	0	0	0	0	0	0	0	0	0	0	0	0	0	0	0	0	0	0	0	0	0	0	0	27
assemblage-581-202	0	0	29	0	129	0	0	0	0	0	0	0	23	0	0	0	83	11	0	0	0	160	0	0	0	0	0	0	0	0	0	0	0	0	0	0	0	0	44	0	0	0	0	0	0	8	0	0	0	0	0	0	0	0	0	0	0	0	0	0	0	0	0	0	0	0	0	0	0	0	13
assemblage-402-637	0	0	25	0	149	0	0	0	0	0	0	0	25	0	0	0	52	0	0	0	0	168	0	0	0	0	0	0	0	0	0	0	0	0	0	0	0	0	44	0	0	0	0	0	0	6	0	0	0	0	0	0	0	0	0	0	0	0	0	0	0	0	0	0	0	0	0	0	0	0	31
assemblage-689-732	0	0	0	0	17	0	0	0	0	0	0	0	129	0	0	0	67	0	0	0	0	0	0	0	0	0	47	0	0	0	0	32	0	0	0	20	36	0	6	0	0	0	0	0	0	0	0	0	0	0	0	0	0	108	0	0	0	0	0	0	26	0	0	0	0	0	0	0	0	0	12
assemblage-105-525	0	0	0	0	14	0	0	0	0	0	0	0	0	0	0	0	120	0	0	6	0	0	0	0	0	0	0	0	43	0	0	239	0	0	0	9	0	0	36	0	0	0	0	0	0	0	0	0	0	0	0	0	5	0	0	0	0	0	0	0	0	0	0	0	0	0	0	0	0	0	28
assemblage-381-643	0	0	17	0	135	0	0	0	0	0	0	0	22	0	0	0	64	8	0	0	0	168	0	0	0	0	0	0	0	0	0	0	0	0	0	0	0	0	43	0	0	0	0	0	0	8	0	0	0	0	0	0	0	0	0	0	0	0	0	0	0	0	0	0	0	0	0	0	0	0	35
assemblage-385-649	0	26	0	0	8	0	0	0	0	0	0	0	84	0	0	18	23	0	0	0	0	73	0	0	0	0	55	0	0	0	0	0	0	0	0	0	0	0	202	0	0	0	0	0	0	0	0	0	0	0	0	0	0	0	0	0	0	0	0	0	0	0	0	0	0	0	0	0	0	0	11
assemblage-291-838	0	0	0	0	51	5	0	0	0	0	0	0	0	0	0	57	207	0	0	8	0	0	0	10	0	0	15	0	0	0	0	48	0	0	0	0	0	0	0	0	0	0	0	0	0	0	75	0	0	0	0	0	0	0	0	0	0	0	0	0	0	0	0	0	0	0	0	0	0	0	24
assemblage-332-815	0	0	0	0	208	0	0	0	0	0	0	18	0	0	0	0	82	0	0	11	0	0	0	0	0	0	0	0	0	0	0	49	0	0	0	18	0	0	82	0	0	0	0	0	0	0	0	0	0	0	13	0	0	0	0	0	0	0	0	0	0	0	0	0	0	0	0	0	0	0	19
assemblage-829-585	0	0	0	0	89	0	0	0	0	0	0	0	0	0	0	0	123	0	0	0	0	0	0	0	0	0	0	0	168	0	0	9	0	0	0	0	0	0	14	0	0	0	0	0	0	0	0	0	37	0	0	0	0	10	0	0	0	0	0	0	0	37	0	0	0	0	0	0	0	0	13
assemblage-797-249	0	0	0	0	34	0	0	0	0	0	0	0	48	0	22	0	73	0	0	0	0	67	0	0	0	0	9	0	32	0	7	0	0	0	0	0	0	0	147	0	0	0	0	0	0	0	0	0	0	0	0	0	0	0	0	0	0	0	0	0	4	0	0	0	0	0	0	0	0	0	57
assemblage-239-581	0	0	0	0	70	0	0	0	0	0	0	0	0	0	0	0	0	0	0	0	0	0	0	0	0	0	0	0	0	0	0	0	0	23	0	236	0	0	147	0	12	0	0	0	0	0	0	0	0	0	0	0	0	0	0	0	0	0	0	0	0	0	0	0	5	0	0	0	0	0	7
assemblage-400-509	0	0	0	0	86	0	0	0	0	0	0	0	40	0	0	0	11	0	0	84	0	0	79	0	0	0	86	0	0	0	0	25	0	0	0	0	0	0	36	0	0	0	0	0	0	0	0	0	0	0	20	0	0	0	0	0	0	0	0	0	0	0	0	0	0	0	0	0	0	0	33
assemblage-417-513	0	0	0	0	309	0	7	0	0	0	0	0	0	0	0	0	13	0	0	0	0	0	0	0	0	0	0	0	0	0	0	6	0	0	0	79	0	0	25	10	0	0	0	0	0	0	0	0	0	0	0	0	0	0	0	0	0	30	0	0	0	0	0	0	0	0	0	0	0	0	21
assemblage-252-585	0	0	0	0	65	0	0	0	0	0	0	0	0	0	0	0	0	0	0	0	0	0	0	0	0	0	0	0	0	0	0	0	0	22	0	222	0	0	169	0	8	0	0	0	0	0	0	0	0	0	0	0	0	0	0	0	0	0	0	0	0	0	0	0	5	0	0	0	0	0	9
assemblage-612-991	0	0	0	0	0	0	224	0	0	0	0	0	0	0	0	0	0	0	0	0	0	0	0	0	0	0	0	124	0	0	0	0	0	0	72	0	0	0	0	42	0	0	0	0	0	0	0	0	0	0	0	0	0	0	0	0	0	0	0	10	0	0	0	0	0	0	12	0	0	0	16
assemblage-410-648	0	0	26	0	128	0	0	0	0	0	0	0	33	0	0	0	63	0	0	0	0	177	0	0	0	0	0	0	0	0	0	0	0	0	0	0	0	0	46	0	0	0	0	0	0	4	0	0	0	0	0	0	0	0	0	0	0	0	0	0	0	0	0	0	0	0	0	0	0	0	23
assemblage-98-543	0	0	0	0	82	0	0	0	0	0	0	0	35	0	0	0	10	0	0	89	0	0	70	0	0	0	100	0	0	0	0	45	0	0	0	0	0	0	33	0	0	0	0	0	0	0	0	0	0	0	14	0	0	0	0	0	0	0	0	0	0	0	0	0	0	0	0	0	0	0	22
assemblage-464-462	0	0	0	0	0	0	0	6	0	0	0	0	0	0	0	0	59	0	0	0	0	0	0	0	0	5	0	0	0	0	0	153	0	0	0	143	0	0	0	0	0	0	0	0	0	0	0	0	0	0	0	0	0	76	0	0	0	29	0	0	0	0	0	0	0	0	0	0	0	4	25
assemblage-564-368	0	0	0	0	0	0	0	0	0	0	0	0	0	0	0	0	102	0	0	151	0	0	12	0	9	0	0	0	0	0	0	46	9	0	0	0	0	0	67	14	0	0	0	0	0	0	0	0	0	0	23	5	8	0	0	0	0	7	10	0	0	0	0	0	0	0	0	0	0	0	37
assemblage-107-531	0	0	0	0	17	0	0	0	0	0	0	0	0	0	0	0	107	0	0	9	0	0	0	0	0	0	0	0	48	0	0	230	0	0	0	12	0	0	42	0	0	0	7	0	0	0	0	0	0	0	0	0	4	0	0	0	0	0	0	0	0	0	0	0	0	0	0	0	0	0	24
assemblage-454-465	0	0	0	0	16	0	37	0	0	0	0	25	0	0	0	0	10	0	0	0	18	0	0	0	0	0	0	115	0	0	0	74	0	0	11	89	0	0	84	0	0	0	0	0	8	0	0	0	0	0	0	0	0	0	0	0	0	0	0	0	0	0	0	0	0	0	0	0	0	0	13
assemblage-389-507	0	0	0	0	315	0	0	0	0	0	0	0	0	0	0	0	15	0	0	0	0	0	0	0	0	0	0	0	0	0	0	4	0	0	0	86	0	0	23	3	0	0	0	0	0	0	0	0	0	0	0	0	0	0	0	0	0	26	0	0	0	0	0	0	0	0	0	0	0	0	28
assemblage-295-841	0	0	0	0	50	0	0	0	0	0	0	0	0	0	2	0	17	0	0	0	0	13	0	0	0	0	60	0	0	0	0	0	0	0	0	0	0	0	300	0	0	0	0	0	0	0	0	0	0	0	0	0	0	33	0	0	0	0	0	0	0	0	0	0	0	0	0	0	0	0	25
assemblage-653-316	0	0	0	0	93	0	0	0	0	0	0	0	0	0	0	0	97	0	0	0	0	0	0	0	0	0	0	0	167	0	0	16	0	0	0	0	0	0	23	0	0	0	0	0	0	0	0	0	35	0	0	0	0	13	0	0	0	0	0	0	0	35	0	0	0	0	0	0	0	0	21
assemblage-805-762	0	0	0	0	0	0	0	0	0	17	0	0	0	0	0	0	0	0	0	0	0	0	0	0	0	0	0	0	0	0	0	360	0	0	0	0	0	0	0	0	0	0	0	0	0	0	0	5	0	0	0	0	0	0	0	5	0	0	0	0	0	0	63	15	0	17	0	0	0	0	18
assemblage-680-704	0	0	0	0	80	0	0	0	0	0	0	0	0	0	0	0	96	0	0	0	0	0	0	0	0	0	0	0	190	0	0	12	0	0	0	0	0	0	28	0	0	0	0	0	0	0	0	0	35	0	0	0	0	4	0	0	0	0	0	0	0	40	0	0	0	0	0	0	0	0	15
assemblage-615-986	0	0	0	0	0	0	217	0	0	0	0	0	0	0	0	0	0	0	0	0	0	0	0	0	0	0	0	124	0	0	0	0	0	0	73	0	0	0	0	59	0	0	0	0	0	0	0	0	0	0	0	0	0	0	0	0	0	0	0	4	0	0	0	0	0	0	2	0	0	0	21
assemblage-171-159	0	0	0	0	0	0	0	0	0	0	0	0	26	0	114	0	6	0	0	0	0	19	0	0	0	0	0	0	0	0	0	0	0	0	0	0	0	13	291	0	0	0	0	0	0	0	0	0	0	0	0	0	0	0	0	0	0	0	0	0	0	0	0	0	0	0	0	12	0	0	19
assemblage-239-603	0	0	0	0	71	0	0	0	0	0	0	0	0	0	0	0	0	0	0	0	0	0	0	0	0	0	0	0	0	0	0	0	0	30	0	246	0	0	118	0	9	0	0	0	0	0	0	0	0	0	0	0	0	0	0	0	0	0	0	0	0	0	0	0	6	0	0	0	0	0	20
assemblage-580-219	0	0	26	0	159	0	0	0	0	0	0	0	18	0	0	0	70	4	0	0	0	153	0	0	0	0	0	0	0	0	0	0	0	0	0	0	0	0	48	0	0	0	0	0	0	6	0	0	0	0	0	0	0	0	0	0	0	0	0	0	0	0	0	0	0	0	0	0	0	0	16
assemblage-112-519	0	0	0	0	8	0	0	0	0	0	0	0	0	0	0	0	13	0	0	0	0	0	37	0	0	0	0	0	0	0	0	8	0	0	0	215	0	0	55	0	0	0	0	0	0	0	0	0	0	0	22	0	36	72	0	0	0	0	0	0	0	0	0	0	0	0	0	0	0	0	34
assemblage-454-469	0	0	0	0	11	0	24	0	0	0	0	29	0	0	0	0	7	0	0	0	21	0	0	0	0	0	0	111	0	0	0	87	0	0	6	89	0	0	96	0	0	0	0	0	2	0	0	0	0	0	0	0	0	0	0	0	0	0	0	0	0	0	0	0	0	0	0	0	0	0	17
assemblage-394-642	0	0	18	0	150	0	0	0	0	0	0	0	25	0	0	0	71	6	0	0	0	162	0	0	0	0	0	0	0	0	0	0	0	0	0	0	0	0	31	0	0	0	0	0	0	13	0	0	0	0	0	0	0	0	0	0	0	0	0	0	0	0	0	0	0	0	0	0	0	0	24
assemblage-845-578	0	0	0	0	59	0	0	0	0	0	0	0	0	0	6	0	17	0	0	0	0	15	0	0	0	0	65	0	0	0	0	0	0	0	0	0	0	0	286	0	0	0	0	0	0	0	0	0	0	0	0	0	0	27	0	0	0	0	0	0	0	0	0	0	0	0	0	0	0	0	25
assemblage-401-498	0	0	0	0	65	0	13	0	0	0	0	12	0	0	0	0	40	0	0	34	0	0	0	0	0	0	0	23	0	0	0	80	0	0	0	83	0	0	57	8	0	0	0	0	0	0	0	0	0	0	0	0	0	21	0	0	0	14	0	0	0	0	0	0	0	0	0	0	0	0	50
assemblage-257-604	0	0	0	0	55	0	0	0	0	0	0	0	0	0	0	0	0	0	0	0	0	0	0	0	0	0	0	0	0	0	0	0	0	26	0	222	0	0	167	0	8	0	0	0	0	0	0	0	0	0	0	0	0	0	0	0	0	0	0	0	0	0	0	0	10	0	0	0	0	0	12
assemblage-683-732	0	0	0	0	27	0	0	0	0	0	0	0	168	0	0	0	43	0	0	0	0	0	0	0	0	0	16	0	0	0	0	24	0	0	0	15	43	0	10	0	0	0	0	0	0	0	0	0	0	0	0	0	0	115	0	0	0	0	0	0	15	0	0	0	0	0	0	0	0	0	24
assemblage-295-848	0	0	0	0	21	0	0	0	0	0	0	0	133	0	0	0	69	0	0	0	0	0	0	0	0	0	30	0	0	0	0	25	0	0	0	12	28	0	6	0	0	0	0	0	0	0	0	0	0	0	0	0	0	140	0	0	0	0	0	0	19	0	0	0	0	0	0	0	0	0	17
assemblage-252-590	0	0	0	0	69	0	0	0	0	0	0	0	0	0	0	0	0	0	0	0	0	0	0	0	0	0	0	0	0	0	0	0	0	35	0	208	0	0	155	0	7	0	0	0	0	0	0	0	0	0	0	0	0	0	0	0	0	0	0	0	0	0	0	0	11	0	0	0	0	0	15
assemblage-803-570	0	0	0	0	79	10	0	0	0	0	0	0	0	0	0	51	211	0	0	15	0	0	0	12	0	0	9	0	0	0	0	45	0	0	0	0	0	0	0	0	0	0	0	0	0	0	55	0	0	0	0	0	0	0	0	0	0	0	0	0	0	0	0	0	0	0	0	0	0	0	13
assemblage-403-489	0	0	0	0	14	0	27	0	0	0	0	34	0	0	0	0	7	0	0	0	11	0	0	0	0	0	0	113	0	0	0	81	0	0	21	89	0	0	71	9	0	0	0	0	4	0	0	0	0	0	0	0	0	0	0	0	0	0	0	0	0	0	0	0	0	0	0	0	0	0	19
assemblage-463-451	0	0	0	0	0	0	0	0	0	0	0	0	0	0	0	0	62	0	0	0	0	0	0	0	0	0	0	0	0	0	0	166	0	0	0	119	0	0	5	0	0	0	0	0	0	0	0	0	0	0	0	0	0	77	0	0	8	17	0	0	0	0	0	0	0	0	0	0	0	12	34
assemblage-655-355	0	0	0	0	90	0	0	0	0	0	0	0	0	0	0	0	98	0	0	0	0	0	0	0	0	0	0	0	173	0	0	12	0	0	0	0	0	0	11	0	0	0	0	0	0	0	0	0	48	0	0	0	0	5	0	0	0	0	0	0	0	45	0	0	0	0	0	0	0	0	18
assemblage-403-485	0	0	0	0	0	0	0	0	0	0	0	0	0	0	0	0	50	0	0	0	0	0	0	0	0	5	0	0	0	0	0	187	0	0	0	127	0	0	0	0	0	0	0	0	0	0	0	0	0	0	0	0	0	60	0	0	6	27	0	0	0	0	0	0	0	0	0	0	0	8	30
assemblage-662-342	0	0	0	0	52	13	0	0	0	0	0	0	0	0	0	69	210	0	0	12	0	0	0	11	0	0	8	0	0	0	0	50	0	0	0	0	0	0	0	0	0	0	0	0	0	0	65	0	0	0	0	0	0	0	0	0	0	0	0	0	0	0	0	0	0	0	0	0	0	0	10
assemblage-464-474	0	0	0	0	0	0	0	0	0	0	0	0	0	0	0	0	107	0	7	143	0	0	10	0	9	0	0	0	0	0	0	53	6	0	0	0	0	0	77	11	0	0	0	0	0	0	0	0	0	0	9	10	11	0	0	0	0	13	11	0	0	0	0	0	0	0	0	0	0	0	23
assemblage-865-372	0	0	0	0	0	0	0	0	0	0	3	0	0	0	0	0	205	0	0	19	0	0	0	0	0	0	0	0	0	0	0	0	0	0	0	0	0	0	0	0	0	0	0	10	0	0	0	0	0	0	0	0	0	0	67	0	0	74	0	0	0	0	0	0	0	0	0	0	109	0	13
assemblage-671-734	0	0	0	0	49	8	0	0	0	0	0	0	0	0	0	65	216	0	0	11	0	0	0	11	0	0	15	0	0	0	0	48	0	0	0	0	0	0	0	0	0	0	0	0	0	0	63	0	0	0	0	0	0	0	0	0	0	0	0	0	0	0	0	0	0	0	0	0	0	0	14
assemblage-270-846	0	0	0	0	58	0	0	0	0	0	0	0	0	0	0	0	6	0	0	0	0	12	0	0	0	0	81	0	0	0	0	0	0	0	0	0	0	0	263	0	0	0	0	0	0	0	0	0	0	0	0	0	0	44	0	0	0	0	0	0	0	0	0	0	0	0	0	0	0	0	36
assemblage-402-652	0	18	0	0	2	0	0	0	0	0	0	0	98	0	0	6	18	0	0	0	0	74	0	0	0	0	60	0	0	0	0	0	0	0	0	0	0	0	213	0	0	0	0	0	0	0	0	0	0	0	0	0	0	0	0	0	0	0	0	0	0	0	0	0	0	0	0	0	0	0	11
assemblage-805-773	0	0	0	0	0	0	0	0	0	18	0	0	0	0	0	0	0	0	0	0	0	0	0	0	0	0	0	0	0	0	0	361	0	0	0	0	0	0	0	0	0	11	0	0	0	0	0	9	0	0	0	0	0	0	0	0	0	0	0	0	0	0	56	17	0	14	0	0	0	0	14
assemblage-556-370	0	0	0	0	0	0	0	0	0	0	0	0	0	0	0	0	61	0	0	0	0	0	0	0	0	11	0	0	0	0	0	175	0	0	0	125	0	0	4	0	0	0	0	0	0	0	0	0	0	0	0	0	0	56	0	0	0	24	0	0	0	0	0	0	0	0	0	0	0	14	30
assemblage-407-640	0	11	0	0	4	0	0	0	0	0	0	0	76	0	0	13	17	0	0	0	0	79	0	0	0	0	49	0	0	0	0	0	0	0	0	0	0	0	237	0	0	0	0	0	0	0	0	0	0	0	0	0	0	0	0	0	0	0	0	0	0	0	0	0	0	0	0	0	0	0	14
