Seriation_Number	Assemblage	1613298-1-3	3866316-8414082-8374781	5857700-1-5094690	1-6680052-2	2-1-5117689	1-6760579-2	1-3-9282495	5857700-502996-3	577776-1-3	8462731-3-2	5857700-1502262-3	2-1-3	5857700-2028553-128410	171276-8414082-7975816	1-1-9643939	7748833-4-4	2-1-9314448	7216708-1-7975816	9028056-7469102-4567792	5857700-1-3	7567365-1-3	3866316-1-7975816	1-4-588492	3866316-8414082-7975816	4553632-7469102-2	3866316-8414082-7766893	4798911-2028553-128410	1-1570985-4	7211393-8414082-8672426	3866316-8414082-8672426	8929119-0-2	1-3-2	5857700-1-8768088	1-6824755-2	5952504-3-2	6679100-1-3	1-4-4	3866316-4674747-7975816	1-1-7975816	5857700-1-128410	2-1-1168794	2-1-7819610	5857700-1-7156729	9028056-3-2	1-2050665-9643939	3866316-8543375-7975816	3866316-5459538-7975816	5857700-7600171-3	3-0-2	9954363-0-6630532	1-4832600-2	5857700-1-6960395	5857700-8176341-3	9028056-7469102-2	26907-8414082-7975816
1	assemblage-380-667	0	0	0	0	0	0	0	0	0	0	0	0	0	0	0	0	0	0	0	207	0	0	0	98	0	0	0	10	0	0	0	0	0	0	0	0	129	0	0	0	0	0	0	0	0	0	0	0	45	0	0	0	0	0	11
1	assemblage-183-468	0	0	0	0	0	0	0	0	0	0	0	83	0	0	5	0	0	0	0	36	0	0	0	0	0	0	0	0	0	0	0	124	0	0	5	0	63	0	119	0	0	0	0	0	0	0	0	0	45	0	0	0	0	0	20
1	assemblage-397-360	0	0	0	0	0	0	0	0	0	0	0	180	0	0	23	0	0	0	0	0	0	74	0	0	0	0	0	0	0	0	0	184	0	0	0	0	9	0	0	0	0	0	0	0	10	0	0	0	12	0	0	0	0	0	8

2	assemblage-905-383	0	0	0	0	0	0	0	0	0	0	0	171	0	0	26	0	0	0	0	0	0	99	0	0	0	0	0	0	0	0	0	145	0	0	0	0	15	0	0	0	0	0	0	0	14	0	0	0	20	0	0	0	0	0	10
2	assemblage-183-468	0	0	0	0	0	0	0	0	0	0	0	83	0	0	5	0	0	0	0	36	0	0	0	0	0	0	0	0	0	0	0	124	0	0	5	0	63	0	119	0	0	0	0	0	0	0	0	0	45	0	0	0	0	0	20
2	assemblage-581-660	0	0	0	0	0	0	0	0	0	0	0	72	0	0	0	0	16	0	0	34	0	0	0	274	0	29	0	0	0	4	0	0	0	0	0	0	47	0	0	0	0	0	0	0	0	14	0	0	0	0	0	0	0	0	10

3	assemblage-905-383	0	0	0	0	0	0	0	0	0	0	0	171	0	0	26	0	0	0	0	0	0	99	0	0	0	0	0	0	0	0	0	145	0	0	0	0	15	0	0	0	0	0	0	0	14	0	0	0	20	0	0	0	0	0	10
3	assemblage-183-468	0	0	0	0	0	0	0	0	0	0	0	83	0	0	5	0	0	0	0	36	0	0	0	0	0	0	0	0	0	0	0	124	0	0	5	0	63	0	119	0	0	0	0	0	0	0	0	0	45	0	0	0	0	0	20
3	assemblage-728-395	0	0	0	0	0	0	0	0	0	0	0	6	0	0	0	0	0	0	0	375	0	0	0	0	0	0	0	0	0	0	0	61	0	0	0	0	2	0	0	0	0	0	0	0	0	33	0	0	0	0	0	0	0	2	21

4	assemblage-905-383	0	0	0	0	0	0	0	0	0	0	0	171	0	0	26	0	0	0	0	0	0	99	0	0	0	0	0	0	0	0	0	145	0	0	0	0	15	0	0	0	0	0	0	0	14	0	0	0	20	0	0	0	0	0	10
4	assemblage-183-468	0	0	0	0	0	0	0	0	0	0	0	83	0	0	5	0	0	0	0	36	0	0	0	0	0	0	0	0	0	0	0	124	0	0	5	0	63	0	119	0	0	0	0	0	0	0	0	0	45	0	0	0	0	0	20
4	assemblage-566-359	0	0	0	0	0	0	0	0	0	0	0	10	0	0	0	0	0	0	0	105	0	0	0	0	0	0	0	0	0	0	0	0	0	0	0	0	0	0	0	0	19	0	0	0	0	35	0	0	0	0	0	0	0	314	17

5	assemblage-421-156	0	0	0	0	0	0	0	0	0	0	0	62	0	0	0	0	15	0	0	33	0	0	0	273	0	34	0	0	0	0	0	0	0	0	0	0	54	0	0	0	0	0	0	0	0	10	0	0	0	0	0	0	0	0	19
5	assemblage-183-468	0	0	0	0	0	0	0	0	0	0	0	83	0	0	5	0	0	0	0	36	0	0	0	0	0	0	0	0	0	0	0	124	0	0	5	0	63	0	119	0	0	0	0	0	0	0	0	0	45	0	0	0	0	0	20
5	assemblage-397-360	0	0	0	0	0	0	0	0	0	0	0	180	0	0	23	0	0	0	0	0	0	74	0	0	0	0	0	0	0	0	0	184	0	0	0	0	9	0	0	0	0	0	0	0	10	0	0	0	12	0	0	0	0	0	8

6	assemblage-421-156	0	0	0	0	0	0	0	0	0	0	0	62	0	0	0	0	15	0	0	33	0	0	0	273	0	34	0	0	0	0	0	0	0	0	0	0	54	0	0	0	0	0	0	0	0	10	0	0	0	0	0	0	0	0	19
6	assemblage-905-383	0	0	0	0	0	0	0	0	0	0	0	171	0	0	26	0	0	0	0	0	0	99	0	0	0	0	0	0	0	0	0	145	0	0	0	0	15	0	0	0	0	0	0	0	14	0	0	0	20	0	0	0	0	0	10
6	assemblage-397-360	0	0	0	0	0	0	0	0	0	0	0	180	0	0	23	0	0	0	0	0	0	74	0	0	0	0	0	0	0	0	0	184	0	0	0	0	9	0	0	0	0	0	0	0	10	0	0	0	12	0	0	0	0	0	8

7	assemblage-795-159	0	0	0	0	0	0	0	0	0	0	0	24	0	0	0	0	0	0	0	214	0	12	12	0	0	0	0	62	0	0	0	14	0	0	0	0	129	0	6	0	0	0	0	0	0	0	0	0	12	0	0	0	0	0	15
7	assemblage-183-468	0	0	0	0	0	0	0	0	0	0	0	83	0	0	5	0	0	0	0	36	0	0	0	0	0	0	0	0	0	0	0	124	0	0	5	0	63	0	119	0	0	0	0	0	0	0	0	0	45	0	0	0	0	0	20
7	assemblage-581-660	0	0	0	0	0	0	0	0	0	0	0	72	0	0	0	0	16	0	0	34	0	0	0	274	0	29	0	0	0	4	0	0	0	0	0	0	47	0	0	0	0	0	0	0	0	14	0	0	0	0	0	0	0	0	10

8	assemblage-795-159	0	0	0	0	0	0	0	0	0	0	0	24	0	0	0	0	0	0	0	214	0	12	12	0	0	0	0	62	0	0	0	14	0	0	0	0	129	0	6	0	0	0	0	0	0	0	0	0	12	0	0	0	0	0	15
8	assemblage-905-383	0	0	0	0	0	0	0	0	0	0	0	171	0	0	26	0	0	0	0	0	0	99	0	0	0	0	0	0	0	0	0	145	0	0	0	0	15	0	0	0	0	0	0	0	14	0	0	0	20	0	0	0	0	0	10
8	assemblage-397-360	0	0	0	0	0	0	0	0	0	0	0	180	0	0	23	0	0	0	0	0	0	74	0	0	0	0	0	0	0	0	0	184	0	0	0	0	9	0	0	0	0	0	0	0	10	0	0	0	12	0	0	0	0	0	8

9	assemblage-795-159	0	0	0	0	0	0	0	0	0	0	0	24	0	0	0	0	0	0	0	214	0	12	12	0	0	0	0	62	0	0	0	14	0	0	0	0	129	0	6	0	0	0	0	0	0	0	0	0	12	0	0	0	0	0	15
9	assemblage-421-156	0	0	0	0	0	0	0	0	0	0	0	62	0	0	0	0	15	0	0	33	0	0	0	273	0	34	0	0	0	0	0	0	0	0	0	0	54	0	0	0	0	0	0	0	0	10	0	0	0	0	0	0	0	0	19
9	assemblage-581-660	0	0	0	0	0	0	0	0	0	0	0	72	0	0	0	0	16	0	0	34	0	0	0	274	0	29	0	0	0	4	0	0	0	0	0	0	47	0	0	0	0	0	0	0	0	14	0	0	0	0	0	0	0	0	10

10	assemblage-579-646	0	0	0	0	0	0	0	0	0	0	0	13	0	0	0	0	0	0	0	96	0	0	0	0	0	0	0	0	0	0	0	0	0	0	0	0	0	0	0	0	21	0	0	0	0	33	0	0	0	0	0	0	0	317	20
10	assemblage-183-468	0	0	0	0	0	0	0	0	0	0	0	83	0	0	5	0	0	0	0	36	0	0	0	0	0	0	0	0	0	0	0	124	0	0	5	0	63	0	119	0	0	0	0	0	0	0	0	0	45	0	0	0	0	0	20
10	assemblage-397-360	0	0	0	0	0	0	0	0	0	0	0	180	0	0	23	0	0	0	0	0	0	74	0	0	0	0	0	0	0	0	0	184	0	0	0	0	9	0	0	0	0	0	0	0	10	0	0	0	12	0	0	0	0	0	8

11	assemblage-579-646	0	0	0	0	0	0	0	0	0	0	0	13	0	0	0	0	0	0	0	96	0	0	0	0	0	0	0	0	0	0	0	0	0	0	0	0	0	0	0	0	21	0	0	0	0	33	0	0	0	0	0	0	0	317	20
11	assemblage-905-383	0	0	0	0	0	0	0	0	0	0	0	171	0	0	26	0	0	0	0	0	0	99	0	0	0	0	0	0	0	0	0	145	0	0	0	0	15	0	0	0	0	0	0	0	14	0	0	0	20	0	0	0	0	0	10
11	assemblage-397-360	0	0	0	0	0	0	0	0	0	0	0	180	0	0	23	0	0	0	0	0	0	74	0	0	0	0	0	0	0	0	0	184	0	0	0	0	9	0	0	0	0	0	0	0	10	0	0	0	12	0	0	0	0	0	8

12	assemblage-579-646	0	0	0	0	0	0	0	0	0	0	0	13	0	0	0	0	0	0	0	96	0	0	0	0	0	0	0	0	0	0	0	0	0	0	0	0	0	0	0	0	21	0	0	0	0	33	0	0	0	0	0	0	0	317	20
12	assemblage-421-156	0	0	0	0	0	0	0	0	0	0	0	62	0	0	0	0	15	0	0	33	0	0	0	273	0	34	0	0	0	0	0	0	0	0	0	0	54	0	0	0	0	0	0	0	0	10	0	0	0	0	0	0	0	0	19
12	assemblage-397-360	0	0	0	0	0	0	0	0	0	0	0	180	0	0	23	0	0	0	0	0	0	74	0	0	0	0	0	0	0	0	0	184	0	0	0	0	9	0	0	0	0	0	0	0	10	0	0	0	12	0	0	0	0	0	8

13	assemblage-579-646	0	0	0	0	0	0	0	0	0	0	0	13	0	0	0	0	0	0	0	96	0	0	0	0	0	0	0	0	0	0	0	0	0	0	0	0	0	0	0	0	21	0	0	0	0	33	0	0	0	0	0	0	0	317	20
13	assemblage-421-156	0	0	0	0	0	0	0	0	0	0	0	62	0	0	0	0	15	0	0	33	0	0	0	273	0	34	0	0	0	0	0	0	0	0	0	0	54	0	0	0	0	0	0	0	0	10	0	0	0	0	0	0	0	0	19
13	assemblage-905-383	0	0	0	0	0	0	0	0	0	0	0	171	0	0	26	0	0	0	0	0	0	99	0	0	0	0	0	0	0	0	0	145	0	0	0	0	15	0	0	0	0	0	0	0	14	0	0	0	20	0	0	0	0	0	10

14	assemblage-579-646	0	0	0	0	0	0	0	0	0	0	0	13	0	0	0	0	0	0	0	96	0	0	0	0	0	0	0	0	0	0	0	0	0	0	0	0	0	0	0	0	21	0	0	0	0	33	0	0	0	0	0	0	0	317	20
14	assemblage-795-159	0	0	0	0	0	0	0	0	0	0	0	24	0	0	0	0	0	0	0	214	0	12	12	0	0	0	0	62	0	0	0	14	0	0	0	0	129	0	6	0	0	0	0	0	0	0	0	0	12	0	0	0	0	0	15
14	assemblage-397-360	0	0	0	0	0	0	0	0	0	0	0	180	0	0	23	0	0	0	0	0	0	74	0	0	0	0	0	0	0	0	0	184	0	0	0	0	9	0	0	0	0	0	0	0	10	0	0	0	12	0	0	0	0	0	8

15	assemblage-579-646	0	0	0	0	0	0	0	0	0	0	0	13	0	0	0	0	0	0	0	96	0	0	0	0	0	0	0	0	0	0	0	0	0	0	0	0	0	0	0	0	21	0	0	0	0	33	0	0	0	0	0	0	0	317	20
15	assemblage-795-159	0	0	0	0	0	0	0	0	0	0	0	24	0	0	0	0	0	0	0	214	0	12	12	0	0	0	0	62	0	0	0	14	0	0	0	0	129	0	6	0	0	0	0	0	0	0	0	0	12	0	0	0	0	0	15
15	assemblage-380-667	0	0	0	0	0	0	0	0	0	0	0	0	0	0	0	0	0	0	0	207	0	0	0	98	0	0	0	10	0	0	0	0	0	0	0	0	129	0	0	0	0	0	0	0	0	0	0	0	45	0	0	0	0	0	11

16	assemblage-579-646	0	0	0	0	0	0	0	0	0	0	0	13	0	0	0	0	0	0	0	96	0	0	0	0	0	0	0	0	0	0	0	0	0	0	0	0	0	0	0	0	21	0	0	0	0	33	0	0	0	0	0	0	0	317	20
16	assemblage-795-159	0	0	0	0	0	0	0	0	0	0	0	24	0	0	0	0	0	0	0	214	0	12	12	0	0	0	0	62	0	0	0	14	0	0	0	0	129	0	6	0	0	0	0	0	0	0	0	0	12	0	0	0	0	0	15
16	assemblage-905-383	0	0	0	0	0	0	0	0	0	0	0	171	0	0	26	0	0	0	0	0	0	99	0	0	0	0	0	0	0	0	0	145	0	0	0	0	15	0	0	0	0	0	0	0	14	0	0	0	20	0	0	0	0	0	10

17	assemblage-846-749	0	0	0	0	0	0	0	0	0	0	0	0	0	0	0	0	0	0	0	39	0	0	0	3	0	0	0	0	8	370	0	0	0	0	0	0	0	0	0	0	28	0	0	0	0	0	0	0	0	0	0	0	0	48	4
17	assemblage-183-468	0	0	0	0	0	0	0	0	0	0	0	83	0	0	5	0	0	0	0	36	0	0	0	0	0	0	0	0	0	0	0	124	0	0	5	0	63	0	119	0	0	0	0	0	0	0	0	0	45	0	0	0	0	0	20
17	assemblage-397-360	0	0	0	0	0	0	0	0	0	0	0	180	0	0	23	0	0	0	0	0	0	74	0	0	0	0	0	0	0	0	0	184	0	0	0	0	9	0	0	0	0	0	0	0	10	0	0	0	12	0	0	0	0	0	8

18	assemblage-846-749	0	0	0	0	0	0	0	0	0	0	0	0	0	0	0	0	0	0	0	39	0	0	0	3	0	0	0	0	8	370	0	0	0	0	0	0	0	0	0	0	28	0	0	0	0	0	0	0	0	0	0	0	0	48	4
18	assemblage-380-667	0	0	0	0	0	0	0	0	0	0	0	0	0	0	0	0	0	0	0	207	0	0	0	98	0	0	0	10	0	0	0	0	0	0	0	0	129	0	0	0	0	0	0	0	0	0	0	0	45	0	0	0	0	0	11
18	assemblage-397-360	0	0	0	0	0	0	0	0	0	0	0	180	0	0	23	0	0	0	0	0	0	74	0	0	0	0	0	0	0	0	0	184	0	0	0	0	9	0	0	0	0	0	0	0	10	0	0	0	12	0	0	0	0	0	8

19	assemblage-846-749	0	0	0	0	0	0	0	0	0	0	0	0	0	0	0	0	0	0	0	39	0	0	0	3	0	0	0	0	8	370	0	0	0	0	0	0	0	0	0	0	28	0	0	0	0	0	0	0	0	0	0	0	0	48	4
19	assemblage-905-383	0	0	0	0	0	0	0	0	0	0	0	171	0	0	26	0	0	0	0	0	0	99	0	0	0	0	0	0	0	0	0	145	0	0	0	0	15	0	0	0	0	0	0	0	14	0	0	0	20	0	0	0	0	0	10
19	assemblage-397-360	0	0	0	0	0	0	0	0	0	0	0	180	0	0	23	0	0	0	0	0	0	74	0	0	0	0	0	0	0	0	0	184	0	0	0	0	9	0	0	0	0	0	0	0	10	0	0	0	12	0	0	0	0	0	8

20	assemblage-846-749	0	0	0	0	0	0	0	0	0	0	0	0	0	0	0	0	0	0	0	39	0	0	0	3	0	0	0	0	8	370	0	0	0	0	0	0	0	0	0	0	28	0	0	0	0	0	0	0	0	0	0	0	0	48	4
20	assemblage-421-156	0	0	0	0	0	0	0	0	0	0	0	62	0	0	0	0	15	0	0	33	0	0	0	273	0	34	0	0	0	0	0	0	0	0	0	0	54	0	0	0	0	0	0	0	0	10	0	0	0	0	0	0	0	0	19
20	assemblage-397-360	0	0	0	0	0	0	0	0	0	0	0	180	0	0	23	0	0	0	0	0	0	74	0	0	0	0	0	0	0	0	0	184	0	0	0	0	9	0	0	0	0	0	0	0	10	0	0	0	12	0	0	0	0	0	8

21	assemblage-846-749	0	0	0	0	0	0	0	0	0	0	0	0	0	0	0	0	0	0	0	39	0	0	0	3	0	0	0	0	8	370	0	0	0	0	0	0	0	0	0	0	28	0	0	0	0	0	0	0	0	0	0	0	0	48	4
21	assemblage-421-156	0	0	0	0	0	0	0	0	0	0	0	62	0	0	0	0	15	0	0	33	0	0	0	273	0	34	0	0	0	0	0	0	0	0	0	0	54	0	0	0	0	0	0	0	0	10	0	0	0	0	0	0	0	0	19
21	assemblage-905-383	0	0	0	0	0	0	0	0	0	0	0	171	0	0	26	0	0	0	0	0	0	99	0	0	0	0	0	0	0	0	0	145	0	0	0	0	15	0	0	0	0	0	0	0	14	0	0	0	20	0	0	0	0	0	10

22	assemblage-846-749	0	0	0	0	0	0	0	0	0	0	0	0	0	0	0	0	0	0	0	39	0	0	0	3	0	0	0	0	8	370	0	0	0	0	0	0	0	0	0	0	28	0	0	0	0	0	0	0	0	0	0	0	0	48	4
22	assemblage-795-159	0	0	0	0	0	0	0	0	0	0	0	24	0	0	0	0	0	0	0	214	0	12	12	0	0	0	0	62	0	0	0	14	0	0	0	0	129	0	6	0	0	0	0	0	0	0	0	0	12	0	0	0	0	0	15
22	assemblage-397-360	0	0	0	0	0	0	0	0	0	0	0	180	0	0	23	0	0	0	0	0	0	74	0	0	0	0	0	0	0	0	0	184	0	0	0	0	9	0	0	0	0	0	0	0	10	0	0	0	12	0	0	0	0	0	8

23	assemblage-846-749	0	0	0	0	0	0	0	0	0	0	0	0	0	0	0	0	0	0	0	39	0	0	0	3	0	0	0	0	8	370	0	0	0	0	0	0	0	0	0	0	28	0	0	0	0	0	0	0	0	0	0	0	0	48	4
23	assemblage-795-159	0	0	0	0	0	0	0	0	0	0	0	24	0	0	0	0	0	0	0	214	0	12	12	0	0	0	0	62	0	0	0	14	0	0	0	0	129	0	6	0	0	0	0	0	0	0	0	0	12	0	0	0	0	0	15
23	assemblage-905-383	0	0	0	0	0	0	0	0	0	0	0	171	0	0	26	0	0	0	0	0	0	99	0	0	0	0	0	0	0	0	0	145	0	0	0	0	15	0	0	0	0	0	0	0	14	0	0	0	20	0	0	0	0	0	10

24	assemblage-846-749	0	0	0	0	0	0	0	0	0	0	0	0	0	0	0	0	0	0	0	39	0	0	0	3	0	0	0	0	8	370	0	0	0	0	0	0	0	0	0	0	28	0	0	0	0	0	0	0	0	0	0	0	0	48	4
24	assemblage-579-646	0	0	0	0	0	0	0	0	0	0	0	13	0	0	0	0	0	0	0	96	0	0	0	0	0	0	0	0	0	0	0	0	0	0	0	0	0	0	0	0	21	0	0	0	0	33	0	0	0	0	0	0	0	317	20
24	assemblage-728-395	0	0	0	0	0	0	0	0	0	0	0	6	0	0	0	0	0	0	0	375	0	0	0	0	0	0	0	0	0	0	0	61	0	0	0	0	2	0	0	0	0	0	0	0	0	33	0	0	0	0	0	0	0	2	21

25	assemblage-846-749	0	0	0	0	0	0	0	0	0	0	0	0	0	0	0	0	0	0	0	39	0	0	0	3	0	0	0	0	8	370	0	0	0	0	0	0	0	0	0	0	28	0	0	0	0	0	0	0	0	0	0	0	0	48	4
25	assemblage-579-646	0	0	0	0	0	0	0	0	0	0	0	13	0	0	0	0	0	0	0	96	0	0	0	0	0	0	0	0	0	0	0	0	0	0	0	0	0	0	0	0	21	0	0	0	0	33	0	0	0	0	0	0	0	317	20
25	assemblage-566-359	0	0	0	0	0	0	0	0	0	0	0	10	0	0	0	0	0	0	0	105	0	0	0	0	0	0	0	0	0	0	0	0	0	0	0	0	0	0	0	0	19	0	0	0	0	35	0	0	0	0	0	0	0	314	17

26	assemblage-846-749	0	0	0	0	0	0	0	0	0	0	0	0	0	0	0	0	0	0	0	39	0	0	0	3	0	0	0	0	8	370	0	0	0	0	0	0	0	0	0	0	28	0	0	0	0	0	0	0	0	0	0	0	0	48	4
26	assemblage-579-646	0	0	0	0	0	0	0	0	0	0	0	13	0	0	0	0	0	0	0	96	0	0	0	0	0	0	0	0	0	0	0	0	0	0	0	0	0	0	0	0	21	0	0	0	0	33	0	0	0	0	0	0	0	317	20
26	assemblage-397-360	0	0	0	0	0	0	0	0	0	0	0	180	0	0	23	0	0	0	0	0	0	74	0	0	0	0	0	0	0	0	0	184	0	0	0	0	9	0	0	0	0	0	0	0	10	0	0	0	12	0	0	0	0	0	8

27	assemblage-846-749	0	0	0	0	0	0	0	0	0	0	0	0	0	0	0	0	0	0	0	39	0	0	0	3	0	0	0	0	8	370	0	0	0	0	0	0	0	0	0	0	28	0	0	0	0	0	0	0	0	0	0	0	0	48	4
27	assemblage-579-646	0	0	0	0	0	0	0	0	0	0	0	13	0	0	0	0	0	0	0	96	0	0	0	0	0	0	0	0	0	0	0	0	0	0	0	0	0	0	0	0	21	0	0	0	0	33	0	0	0	0	0	0	0	317	20
27	assemblage-183-468	0	0	0	0	0	0	0	0	0	0	0	83	0	0	5	0	0	0	0	36	0	0	0	0	0	0	0	0	0	0	0	124	0	0	5	0	63	0	119	0	0	0	0	0	0	0	0	0	45	0	0	0	0	0	20

28	assemblage-846-749	0	0	0	0	0	0	0	0	0	0	0	0	0	0	0	0	0	0	0	39	0	0	0	3	0	0	0	0	8	370	0	0	0	0	0	0	0	0	0	0	28	0	0	0	0	0	0	0	0	0	0	0	0	48	4
28	assemblage-579-646	0	0	0	0	0	0	0	0	0	0	0	13	0	0	0	0	0	0	0	96	0	0	0	0	0	0	0	0	0	0	0	0	0	0	0	0	0	0	0	0	21	0	0	0	0	33	0	0	0	0	0	0	0	317	20
28	assemblage-905-383	0	0	0	0	0	0	0	0	0	0	0	171	0	0	26	0	0	0	0	0	0	99	0	0	0	0	0	0	0	0	0	145	0	0	0	0	15	0	0	0	0	0	0	0	14	0	0	0	20	0	0	0	0	0	10

29	assemblage-846-749	0	0	0	0	0	0	0	0	0	0	0	0	0	0	0	0	0	0	0	39	0	0	0	3	0	0	0	0	8	370	0	0	0	0	0	0	0	0	0	0	28	0	0	0	0	0	0	0	0	0	0	0	0	48	4
29	assemblage-579-646	0	0	0	0	0	0	0	0	0	0	0	13	0	0	0	0	0	0	0	96	0	0	0	0	0	0	0	0	0	0	0	0	0	0	0	0	0	0	0	0	21	0	0	0	0	33	0	0	0	0	0	0	0	317	20
29	assemblage-795-159	0	0	0	0	0	0	0	0	0	0	0	24	0	0	0	0	0	0	0	214	0	12	12	0	0	0	0	62	0	0	0	14	0	0	0	0	129	0	6	0	0	0	0	0	0	0	0	0	12	0	0	0	0	0	15

30	assemblage-554-333	0	0	0	0	0	0	0	0	0	0	0	0	0	0	0	0	0	0	0	242	0	0	0	117	0	0	0	0	0	0	0	0	0	0	0	0	0	0	0	0	0	0	0	0	0	0	0	0	0	0	0	0	0	123	18
30	assemblage-183-468	0	0	0	0	0	0	0	0	0	0	0	83	0	0	5	0	0	0	0	36	0	0	0	0	0	0	0	0	0	0	0	124	0	0	5	0	63	0	119	0	0	0	0	0	0	0	0	0	45	0	0	0	0	0	20
30	assemblage-397-360	0	0	0	0	0	0	0	0	0	0	0	180	0	0	23	0	0	0	0	0	0	74	0	0	0	0	0	0	0	0	0	184	0	0	0	0	9	0	0	0	0	0	0	0	10	0	0	0	12	0	0	0	0	0	8

31	assemblage-554-333	0	0	0	0	0	0	0	0	0	0	0	0	0	0	0	0	0	0	0	242	0	0	0	117	0	0	0	0	0	0	0	0	0	0	0	0	0	0	0	0	0	0	0	0	0	0	0	0	0	0	0	0	0	123	18
31	assemblage-380-667	0	0	0	0	0	0	0	0	0	0	0	0	0	0	0	0	0	0	0	207	0	0	0	98	0	0	0	10	0	0	0	0	0	0	0	0	129	0	0	0	0	0	0	0	0	0	0	0	45	0	0	0	0	0	11
31	assemblage-397-360	0	0	0	0	0	0	0	0	0	0	0	180	0	0	23	0	0	0	0	0	0	74	0	0	0	0	0	0	0	0	0	184	0	0	0	0	9	0	0	0	0	0	0	0	10	0	0	0	12	0	0	0	0	0	8

32	assemblage-554-333	0	0	0	0	0	0	0	0	0	0	0	0	0	0	0	0	0	0	0	242	0	0	0	117	0	0	0	0	0	0	0	0	0	0	0	0	0	0	0	0	0	0	0	0	0	0	0	0	0	0	0	0	0	123	18
32	assemblage-905-383	0	0	0	0	0	0	0	0	0	0	0	171	0	0	26	0	0	0	0	0	0	99	0	0	0	0	0	0	0	0	0	145	0	0	0	0	15	0	0	0	0	0	0	0	14	0	0	0	20	0	0	0	0	0	10
32	assemblage-397-360	0	0	0	0	0	0	0	0	0	0	0	180	0	0	23	0	0	0	0	0	0	74	0	0	0	0	0	0	0	0	0	184	0	0	0	0	9	0	0	0	0	0	0	0	10	0	0	0	12	0	0	0	0	0	8

33	assemblage-554-333	0	0	0	0	0	0	0	0	0	0	0	0	0	0	0	0	0	0	0	242	0	0	0	117	0	0	0	0	0	0	0	0	0	0	0	0	0	0	0	0	0	0	0	0	0	0	0	0	0	0	0	0	0	123	18
33	assemblage-421-156	0	0	0	0	0	0	0	0	0	0	0	62	0	0	0	0	15	0	0	33	0	0	0	273	0	34	0	0	0	0	0	0	0	0	0	0	54	0	0	0	0	0	0	0	0	10	0	0	0	0	0	0	0	0	19
33	assemblage-581-660	0	0	0	0	0	0	0	0	0	0	0	72	0	0	0	0	16	0	0	34	0	0	0	274	0	29	0	0	0	4	0	0	0	0	0	0	47	0	0	0	0	0	0	0	0	14	0	0	0	0	0	0	0	0	10

34	assemblage-554-333	0	0	0	0	0	0	0	0	0	0	0	0	0	0	0	0	0	0	0	242	0	0	0	117	0	0	0	0	0	0	0	0	0	0	0	0	0	0	0	0	0	0	0	0	0	0	0	0	0	0	0	0	0	123	18
34	assemblage-421-156	0	0	0	0	0	0	0	0	0	0	0	62	0	0	0	0	15	0	0	33	0	0	0	273	0	34	0	0	0	0	0	0	0	0	0	0	54	0	0	0	0	0	0	0	0	10	0	0	0	0	0	0	0	0	19
34	assemblage-397-360	0	0	0	0	0	0	0	0	0	0	0	180	0	0	23	0	0	0	0	0	0	74	0	0	0	0	0	0	0	0	0	184	0	0	0	0	9	0	0	0	0	0	0	0	10	0	0	0	12	0	0	0	0	0	8

35	assemblage-554-333	0	0	0	0	0	0	0	0	0	0	0	0	0	0	0	0	0	0	0	242	0	0	0	117	0	0	0	0	0	0	0	0	0	0	0	0	0	0	0	0	0	0	0	0	0	0	0	0	0	0	0	0	0	123	18
35	assemblage-421-156	0	0	0	0	0	0	0	0	0	0	0	62	0	0	0	0	15	0	0	33	0	0	0	273	0	34	0	0	0	0	0	0	0	0	0	0	54	0	0	0	0	0	0	0	0	10	0	0	0	0	0	0	0	0	19
35	assemblage-905-383	0	0	0	0	0	0	0	0	0	0	0	171	0	0	26	0	0	0	0	0	0	99	0	0	0	0	0	0	0	0	0	145	0	0	0	0	15	0	0	0	0	0	0	0	14	0	0	0	20	0	0	0	0	0	10

36	assemblage-554-333	0	0	0	0	0	0	0	0	0	0	0	0	0	0	0	0	0	0	0	242	0	0	0	117	0	0	0	0	0	0	0	0	0	0	0	0	0	0	0	0	0	0	0	0	0	0	0	0	0	0	0	0	0	123	18
36	assemblage-795-159	0	0	0	0	0	0	0	0	0	0	0	24	0	0	0	0	0	0	0	214	0	12	12	0	0	0	0	62	0	0	0	14	0	0	0	0	129	0	6	0	0	0	0	0	0	0	0	0	12	0	0	0	0	0	15
36	assemblage-397-360	0	0	0	0	0	0	0	0	0	0	0	180	0	0	23	0	0	0	0	0	0	74	0	0	0	0	0	0	0	0	0	184	0	0	0	0	9	0	0	0	0	0	0	0	10	0	0	0	12	0	0	0	0	0	8

37	assemblage-554-333	0	0	0	0	0	0	0	0	0	0	0	0	0	0	0	0	0	0	0	242	0	0	0	117	0	0	0	0	0	0	0	0	0	0	0	0	0	0	0	0	0	0	0	0	0	0	0	0	0	0	0	0	0	123	18
37	assemblage-795-159	0	0	0	0	0	0	0	0	0	0	0	24	0	0	0	0	0	0	0	214	0	12	12	0	0	0	0	62	0	0	0	14	0	0	0	0	129	0	6	0	0	0	0	0	0	0	0	0	12	0	0	0	0	0	15
37	assemblage-905-383	0	0	0	0	0	0	0	0	0	0	0	171	0	0	26	0	0	0	0	0	0	99	0	0	0	0	0	0	0	0	0	145	0	0	0	0	15	0	0	0	0	0	0	0	14	0	0	0	20	0	0	0	0	0	10

38	assemblage-554-333	0	0	0	0	0	0	0	0	0	0	0	0	0	0	0	0	0	0	0	242	0	0	0	117	0	0	0	0	0	0	0	0	0	0	0	0	0	0	0	0	0	0	0	0	0	0	0	0	0	0	0	0	0	123	18
38	assemblage-579-646	0	0	0	0	0	0	0	0	0	0	0	13	0	0	0	0	0	0	0	96	0	0	0	0	0	0	0	0	0	0	0	0	0	0	0	0	0	0	0	0	21	0	0	0	0	33	0	0	0	0	0	0	0	317	20
38	assemblage-397-360	0	0	0	0	0	0	0	0	0	0	0	180	0	0	23	0	0	0	0	0	0	74	0	0	0	0	0	0	0	0	0	184	0	0	0	0	9	0	0	0	0	0	0	0	10	0	0	0	12	0	0	0	0	0	8

39	assemblage-554-333	0	0	0	0	0	0	0	0	0	0	0	0	0	0	0	0	0	0	0	242	0	0	0	117	0	0	0	0	0	0	0	0	0	0	0	0	0	0	0	0	0	0	0	0	0	0	0	0	0	0	0	0	0	123	18
39	assemblage-579-646	0	0	0	0	0	0	0	0	0	0	0	13	0	0	0	0	0	0	0	96	0	0	0	0	0	0	0	0	0	0	0	0	0	0	0	0	0	0	0	0	21	0	0	0	0	33	0	0	0	0	0	0	0	317	20
39	assemblage-183-468	0	0	0	0	0	0	0	0	0	0	0	83	0	0	5	0	0	0	0	36	0	0	0	0	0	0	0	0	0	0	0	124	0	0	5	0	63	0	119	0	0	0	0	0	0	0	0	0	45	0	0	0	0	0	20

40	assemblage-554-333	0	0	0	0	0	0	0	0	0	0	0	0	0	0	0	0	0	0	0	242	0	0	0	117	0	0	0	0	0	0	0	0	0	0	0	0	0	0	0	0	0	0	0	0	0	0	0	0	0	0	0	0	0	123	18
40	assemblage-579-646	0	0	0	0	0	0	0	0	0	0	0	13	0	0	0	0	0	0	0	96	0	0	0	0	0	0	0	0	0	0	0	0	0	0	0	0	0	0	0	0	21	0	0	0	0	33	0	0	0	0	0	0	0	317	20
40	assemblage-905-383	0	0	0	0	0	0	0	0	0	0	0	171	0	0	26	0	0	0	0	0	0	99	0	0	0	0	0	0	0	0	0	145	0	0	0	0	15	0	0	0	0	0	0	0	14	0	0	0	20	0	0	0	0	0	10

41	assemblage-415-817	0	0	0	0	0	0	0	0	0	0	0	14	0	0	0	0	0	0	0	203	0	10	10	0	0	0	0	64	0	0	0	17	0	0	0	0	130	0	0	0	0	0	0	0	0	0	0	0	21	0	0	0	0	0	31
41	assemblage-183-468	0	0	0	0	0	0	0	0	0	0	0	83	0	0	5	0	0	0	0	36	0	0	0	0	0	0	0	0	0	0	0	124	0	0	5	0	63	0	119	0	0	0	0	0	0	0	0	0	45	0	0	0	0	0	20
41	assemblage-581-660	0	0	0	0	0	0	0	0	0	0	0	72	0	0	0	0	16	0	0	34	0	0	0	274	0	29	0	0	0	4	0	0	0	0	0	0	47	0	0	0	0	0	0	0	0	14	0	0	0	0	0	0	0	0	10

42	assemblage-415-817	0	0	0	0	0	0	0	0	0	0	0	14	0	0	0	0	0	0	0	203	0	10	10	0	0	0	0	64	0	0	0	17	0	0	0	0	130	0	0	0	0	0	0	0	0	0	0	0	21	0	0	0	0	0	31
42	assemblage-905-383	0	0	0	0	0	0	0	0	0	0	0	171	0	0	26	0	0	0	0	0	0	99	0	0	0	0	0	0	0	0	0	145	0	0	0	0	15	0	0	0	0	0	0	0	14	0	0	0	20	0	0	0	0	0	10
42	assemblage-397-360	0	0	0	0	0	0	0	0	0	0	0	180	0	0	23	0	0	0	0	0	0	74	0	0	0	0	0	0	0	0	0	184	0	0	0	0	9	0	0	0	0	0	0	0	10	0	0	0	12	0	0	0	0	0	8

43	assemblage-415-817	0	0	0	0	0	0	0	0	0	0	0	14	0	0	0	0	0	0	0	203	0	10	10	0	0	0	0	64	0	0	0	17	0	0	0	0	130	0	0	0	0	0	0	0	0	0	0	0	21	0	0	0	0	0	31
43	assemblage-421-156	0	0	0	0	0	0	0	0	0	0	0	62	0	0	0	0	15	0	0	33	0	0	0	273	0	34	0	0	0	0	0	0	0	0	0	0	54	0	0	0	0	0	0	0	0	10	0	0	0	0	0	0	0	0	19
43	assemblage-581-660	0	0	0	0	0	0	0	0	0	0	0	72	0	0	0	0	16	0	0	34	0	0	0	274	0	29	0	0	0	4	0	0	0	0	0	0	47	0	0	0	0	0	0	0	0	14	0	0	0	0	0	0	0	0	10

44	assemblage-415-817	0	0	0	0	0	0	0	0	0	0	0	14	0	0	0	0	0	0	0	203	0	10	10	0	0	0	0	64	0	0	0	17	0	0	0	0	130	0	0	0	0	0	0	0	0	0	0	0	21	0	0	0	0	0	31
44	assemblage-795-159	0	0	0	0	0	0	0	0	0	0	0	24	0	0	0	0	0	0	0	214	0	12	12	0	0	0	0	62	0	0	0	14	0	0	0	0	129	0	6	0	0	0	0	0	0	0	0	0	12	0	0	0	0	0	15
44	assemblage-581-660	0	0	0	0	0	0	0	0	0	0	0	72	0	0	0	0	16	0	0	34	0	0	0	274	0	29	0	0	0	4	0	0	0	0	0	0	47	0	0	0	0	0	0	0	0	14	0	0	0	0	0	0	0	0	10

45	assemblage-415-817	0	0	0	0	0	0	0	0	0	0	0	14	0	0	0	0	0	0	0	203	0	10	10	0	0	0	0	64	0	0	0	17	0	0	0	0	130	0	0	0	0	0	0	0	0	0	0	0	21	0	0	0	0	0	31
45	assemblage-554-333	0	0	0	0	0	0	0	0	0	0	0	0	0	0	0	0	0	0	0	242	0	0	0	117	0	0	0	0	0	0	0	0	0	0	0	0	0	0	0	0	0	0	0	0	0	0	0	0	0	0	0	0	0	123	18
45	assemblage-846-749	0	0	0	0	0	0	0	0	0	0	0	0	0	0	0	0	0	0	0	39	0	0	0	3	0	0	0	0	8	370	0	0	0	0	0	0	0	0	0	0	28	0	0	0	0	0	0	0	0	0	0	0	0	48	4

46	assemblage-357-740	0	0	0	0	0	0	0	0	0	0	0	78	0	0	0	0	0	0	0	154	0	0	0	75	0	0	0	0	0	0	0	76	0	0	0	0	24	0	0	0	0	0	0	7	0	0	0	0	39	0	0	0	0	15	32
46	assemblage-183-468	0	0	0	0	0	0	0	0	0	0	0	83	0	0	5	0	0	0	0	36	0	0	0	0	0	0	0	0	0	0	0	124	0	0	5	0	63	0	119	0	0	0	0	0	0	0	0	0	45	0	0	0	0	0	20
46	assemblage-397-360	0	0	0	0	0	0	0	0	0	0	0	180	0	0	23	0	0	0	0	0	0	74	0	0	0	0	0	0	0	0	0	184	0	0	0	0	9	0	0	0	0	0	0	0	10	0	0	0	12	0	0	0	0	0	8

47	assemblage-357-740	0	0	0	0	0	0	0	0	0	0	0	78	0	0	0	0	0	0	0	154	0	0	0	75	0	0	0	0	0	0	0	76	0	0	0	0	24	0	0	0	0	0	0	7	0	0	0	0	39	0	0	0	0	15	32
47	assemblage-905-383	0	0	0	0	0	0	0	0	0	0	0	171	0	0	26	0	0	0	0	0	0	99	0	0	0	0	0	0	0	0	0	145	0	0	0	0	15	0	0	0	0	0	0	0	14	0	0	0	20	0	0	0	0	0	10
47	assemblage-397-360	0	0	0	0	0	0	0	0	0	0	0	180	0	0	23	0	0	0	0	0	0	74	0	0	0	0	0	0	0	0	0	184	0	0	0	0	9	0	0	0	0	0	0	0	10	0	0	0	12	0	0	0	0	0	8

48	assemblage-357-740	0	0	0	0	0	0	0	0	0	0	0	78	0	0	0	0	0	0	0	154	0	0	0	75	0	0	0	0	0	0	0	76	0	0	0	0	24	0	0	0	0	0	0	7	0	0	0	0	39	0	0	0	0	15	32
48	assemblage-554-333	0	0	0	0	0	0	0	0	0	0	0	0	0	0	0	0	0	0	0	242	0	0	0	117	0	0	0	0	0	0	0	0	0	0	0	0	0	0	0	0	0	0	0	0	0	0	0	0	0	0	0	0	0	123	18
48	assemblage-846-749	0	0	0	0	0	0	0	0	0	0	0	0	0	0	0	0	0	0	0	39	0	0	0	3	0	0	0	0	8	370	0	0	0	0	0	0	0	0	0	0	28	0	0	0	0	0	0	0	0	0	0	0	0	48	4

49	assemblage-630-588	0	0	0	0	0	0	0	0	0	0	0	0	0	0	0	0	0	0	0	0	0	0	0	0	0	0	0	0	0	0	0	458	0	7	22	0	0	0	0	0	0	0	0	0	0	0	0	0	0	0	0	0	0	0	13
49	assemblage-728-395	0	0	0	0	0	0	0	0	0	0	0	6	0	0	0	0	0	0	0	375	0	0	0	0	0	0	0	0	0	0	0	61	0	0	0	0	2	0	0	0	0	0	0	0	0	33	0	0	0	0	0	0	0	2	21
49	assemblage-581-660	0	0	0	0	0	0	0	0	0	0	0	72	0	0	0	0	16	0	0	34	0	0	0	274	0	29	0	0	0	4	0	0	0	0	0	0	47	0	0	0	0	0	0	0	0	14	0	0	0	0	0	0	0	0	10

50	assemblage-630-588	0	0	0	0	0	0	0	0	0	0	0	0	0	0	0	0	0	0	0	0	0	0	0	0	0	0	0	0	0	0	0	458	0	7	22	0	0	0	0	0	0	0	0	0	0	0	0	0	0	0	0	0	0	0	13
50	assemblage-566-359	0	0	0	0	0	0	0	0	0	0	0	10	0	0	0	0	0	0	0	105	0	0	0	0	0	0	0	0	0	0	0	0	0	0	0	0	0	0	0	0	19	0	0	0	0	35	0	0	0	0	0	0	0	314	17
50	assemblage-581-660	0	0	0	0	0	0	0	0	0	0	0	72	0	0	0	0	16	0	0	34	0	0	0	274	0	29	0	0	0	4	0	0	0	0	0	0	47	0	0	0	0	0	0	0	0	14	0	0	0	0	0	0	0	0	10

51	assemblage-630-588	0	0	0	0	0	0	0	0	0	0	0	0	0	0	0	0	0	0	0	0	0	0	0	0	0	0	0	0	0	0	0	458	0	7	22	0	0	0	0	0	0	0	0	0	0	0	0	0	0	0	0	0	0	0	13
51	assemblage-183-468	0	0	0	0	0	0	0	0	0	0	0	83	0	0	5	0	0	0	0	36	0	0	0	0	0	0	0	0	0	0	0	124	0	0	5	0	63	0	119	0	0	0	0	0	0	0	0	0	45	0	0	0	0	0	20
51	assemblage-581-660	0	0	0	0	0	0	0	0	0	0	0	72	0	0	0	0	16	0	0	34	0	0	0	274	0	29	0	0	0	4	0	0	0	0	0	0	47	0	0	0	0	0	0	0	0	14	0	0	0	0	0	0	0	0	10

52	assemblage-630-588	0	0	0	0	0	0	0	0	0	0	0	0	0	0	0	0	0	0	0	0	0	0	0	0	0	0	0	0	0	0	0	458	0	7	22	0	0	0	0	0	0	0	0	0	0	0	0	0	0	0	0	0	0	0	13
52	assemblage-183-468	0	0	0	0	0	0	0	0	0	0	0	83	0	0	5	0	0	0	0	36	0	0	0	0	0	0	0	0	0	0	0	124	0	0	5	0	63	0	119	0	0	0	0	0	0	0	0	0	45	0	0	0	0	0	20
52	assemblage-728-395	0	0	0	0	0	0	0	0	0	0	0	6	0	0	0	0	0	0	0	375	0	0	0	0	0	0	0	0	0	0	0	61	0	0	0	0	2	0	0	0	0	0	0	0	0	33	0	0	0	0	0	0	0	2	21

53	assemblage-630-588	0	0	0	0	0	0	0	0	0	0	0	0	0	0	0	0	0	0	0	0	0	0	0	0	0	0	0	0	0	0	0	458	0	7	22	0	0	0	0	0	0	0	0	0	0	0	0	0	0	0	0	0	0	0	13
53	assemblage-183-468	0	0	0	0	0	0	0	0	0	0	0	83	0	0	5	0	0	0	0	36	0	0	0	0	0	0	0	0	0	0	0	124	0	0	5	0	63	0	119	0	0	0	0	0	0	0	0	0	45	0	0	0	0	0	20
53	assemblage-566-359	0	0	0	0	0	0	0	0	0	0	0	10	0	0	0	0	0	0	0	105	0	0	0	0	0	0	0	0	0	0	0	0	0	0	0	0	0	0	0	0	19	0	0	0	0	35	0	0	0	0	0	0	0	314	17

54	assemblage-630-588	0	0	0	0	0	0	0	0	0	0	0	0	0	0	0	0	0	0	0	0	0	0	0	0	0	0	0	0	0	0	0	458	0	7	22	0	0	0	0	0	0	0	0	0	0	0	0	0	0	0	0	0	0	0	13
54	assemblage-380-667	0	0	0	0	0	0	0	0	0	0	0	0	0	0	0	0	0	0	0	207	0	0	0	98	0	0	0	10	0	0	0	0	0	0	0	0	129	0	0	0	0	0	0	0	0	0	0	0	45	0	0	0	0	0	11
54	assemblage-581-660	0	0	0	0	0	0	0	0	0	0	0	72	0	0	0	0	16	0	0	34	0	0	0	274	0	29	0	0	0	4	0	0	0	0	0	0	47	0	0	0	0	0	0	0	0	14	0	0	0	0	0	0	0	0	10

55	assemblage-630-588	0	0	0	0	0	0	0	0	0	0	0	0	0	0	0	0	0	0	0	0	0	0	0	0	0	0	0	0	0	0	0	458	0	7	22	0	0	0	0	0	0	0	0	0	0	0	0	0	0	0	0	0	0	0	13
55	assemblage-905-383	0	0	0	0	0	0	0	0	0	0	0	171	0	0	26	0	0	0	0	0	0	99	0	0	0	0	0	0	0	0	0	145	0	0	0	0	15	0	0	0	0	0	0	0	14	0	0	0	20	0	0	0	0	0	10
55	assemblage-581-660	0	0	0	0	0	0	0	0	0	0	0	72	0	0	0	0	16	0	0	34	0	0	0	274	0	29	0	0	0	4	0	0	0	0	0	0	47	0	0	0	0	0	0	0	0	14	0	0	0	0	0	0	0	0	10

56	assemblage-630-588	0	0	0	0	0	0	0	0	0	0	0	0	0	0	0	0	0	0	0	0	0	0	0	0	0	0	0	0	0	0	0	458	0	7	22	0	0	0	0	0	0	0	0	0	0	0	0	0	0	0	0	0	0	0	13
56	assemblage-905-383	0	0	0	0	0	0	0	0	0	0	0	171	0	0	26	0	0	0	0	0	0	99	0	0	0	0	0	0	0	0	0	145	0	0	0	0	15	0	0	0	0	0	0	0	14	0	0	0	20	0	0	0	0	0	10
56	assemblage-380-667	0	0	0	0	0	0	0	0	0	0	0	0	0	0	0	0	0	0	0	207	0	0	0	98	0	0	0	10	0	0	0	0	0	0	0	0	129	0	0	0	0	0	0	0	0	0	0	0	45	0	0	0	0	0	11

57	assemblage-630-588	0	0	0	0	0	0	0	0	0	0	0	0	0	0	0	0	0	0	0	0	0	0	0	0	0	0	0	0	0	0	0	458	0	7	22	0	0	0	0	0	0	0	0	0	0	0	0	0	0	0	0	0	0	0	13
57	assemblage-421-156	0	0	0	0	0	0	0	0	0	0	0	62	0	0	0	0	15	0	0	33	0	0	0	273	0	34	0	0	0	0	0	0	0	0	0	0	54	0	0	0	0	0	0	0	0	10	0	0	0	0	0	0	0	0	19
57	assemblage-581-660	0	0	0	0	0	0	0	0	0	0	0	72	0	0	0	0	16	0	0	34	0	0	0	274	0	29	0	0	0	4	0	0	0	0	0	0	47	0	0	0	0	0	0	0	0	14	0	0	0	0	0	0	0	0	10

58	assemblage-630-588	0	0	0	0	0	0	0	0	0	0	0	0	0	0	0	0	0	0	0	0	0	0	0	0	0	0	0	0	0	0	0	458	0	7	22	0	0	0	0	0	0	0	0	0	0	0	0	0	0	0	0	0	0	0	13
58	assemblage-421-156	0	0	0	0	0	0	0	0	0	0	0	62	0	0	0	0	15	0	0	33	0	0	0	273	0	34	0	0	0	0	0	0	0	0	0	0	54	0	0	0	0	0	0	0	0	10	0	0	0	0	0	0	0	0	19
58	assemblage-566-359	0	0	0	0	0	0	0	0	0	0	0	10	0	0	0	0	0	0	0	105	0	0	0	0	0	0	0	0	0	0	0	0	0	0	0	0	0	0	0	0	19	0	0	0	0	35	0	0	0	0	0	0	0	314	17

59	assemblage-630-588	0	0	0	0	0	0	0	0	0	0	0	0	0	0	0	0	0	0	0	0	0	0	0	0	0	0	0	0	0	0	0	458	0	7	22	0	0	0	0	0	0	0	0	0	0	0	0	0	0	0	0	0	0	0	13
59	assemblage-421-156	0	0	0	0	0	0	0	0	0	0	0	62	0	0	0	0	15	0	0	33	0	0	0	273	0	34	0	0	0	0	0	0	0	0	0	0	54	0	0	0	0	0	0	0	0	10	0	0	0	0	0	0	0	0	19
59	assemblage-380-667	0	0	0	0	0	0	0	0	0	0	0	0	0	0	0	0	0	0	0	207	0	0	0	98	0	0	0	10	0	0	0	0	0	0	0	0	129	0	0	0	0	0	0	0	0	0	0	0	45	0	0	0	0	0	11

60	assemblage-630-588	0	0	0	0	0	0	0	0	0	0	0	0	0	0	0	0	0	0	0	0	0	0	0	0	0	0	0	0	0	0	0	458	0	7	22	0	0	0	0	0	0	0	0	0	0	0	0	0	0	0	0	0	0	0	13
60	assemblage-795-159	0	0	0	0	0	0	0	0	0	0	0	24	0	0	0	0	0	0	0	214	0	12	12	0	0	0	0	62	0	0	0	14	0	0	0	0	129	0	6	0	0	0	0	0	0	0	0	0	12	0	0	0	0	0	15
60	assemblage-581-660	0	0	0	0	0	0	0	0	0	0	0	72	0	0	0	0	16	0	0	34	0	0	0	274	0	29	0	0	0	4	0	0	0	0	0	0	47	0	0	0	0	0	0	0	0	14	0	0	0	0	0	0	0	0	10

61	assemblage-630-588	0	0	0	0	0	0	0	0	0	0	0	0	0	0	0	0	0	0	0	0	0	0	0	0	0	0	0	0	0	0	0	458	0	7	22	0	0	0	0	0	0	0	0	0	0	0	0	0	0	0	0	0	0	0	13
61	assemblage-795-159	0	0	0	0	0	0	0	0	0	0	0	24	0	0	0	0	0	0	0	214	0	12	12	0	0	0	0	62	0	0	0	14	0	0	0	0	129	0	6	0	0	0	0	0	0	0	0	0	12	0	0	0	0	0	15
61	assemblage-380-667	0	0	0	0	0	0	0	0	0	0	0	0	0	0	0	0	0	0	0	207	0	0	0	98	0	0	0	10	0	0	0	0	0	0	0	0	129	0	0	0	0	0	0	0	0	0	0	0	45	0	0	0	0	0	11

62	assemblage-630-588	0	0	0	0	0	0	0	0	0	0	0	0	0	0	0	0	0	0	0	0	0	0	0	0	0	0	0	0	0	0	0	458	0	7	22	0	0	0	0	0	0	0	0	0	0	0	0	0	0	0	0	0	0	0	13
62	assemblage-579-646	0	0	0	0	0	0	0	0	0	0	0	13	0	0	0	0	0	0	0	96	0	0	0	0	0	0	0	0	0	0	0	0	0	0	0	0	0	0	0	0	21	0	0	0	0	33	0	0	0	0	0	0	0	317	20
62	assemblage-581-660	0	0	0	0	0	0	0	0	0	0	0	72	0	0	0	0	16	0	0	34	0	0	0	274	0	29	0	0	0	4	0	0	0	0	0	0	47	0	0	0	0	0	0	0	0	14	0	0	0	0	0	0	0	0	10

63	assemblage-630-588	0	0	0	0	0	0	0	0	0	0	0	0	0	0	0	0	0	0	0	0	0	0	0	0	0	0	0	0	0	0	0	458	0	7	22	0	0	0	0	0	0	0	0	0	0	0	0	0	0	0	0	0	0	0	13
63	assemblage-579-646	0	0	0	0	0	0	0	0	0	0	0	13	0	0	0	0	0	0	0	96	0	0	0	0	0	0	0	0	0	0	0	0	0	0	0	0	0	0	0	0	21	0	0	0	0	33	0	0	0	0	0	0	0	317	20
63	assemblage-566-359	0	0	0	0	0	0	0	0	0	0	0	10	0	0	0	0	0	0	0	105	0	0	0	0	0	0	0	0	0	0	0	0	0	0	0	0	0	0	0	0	19	0	0	0	0	35	0	0	0	0	0	0	0	314	17

64	assemblage-630-588	0	0	0	0	0	0	0	0	0	0	0	0	0	0	0	0	0	0	0	0	0	0	0	0	0	0	0	0	0	0	0	458	0	7	22	0	0	0	0	0	0	0	0	0	0	0	0	0	0	0	0	0	0	0	13
64	assemblage-579-646	0	0	0	0	0	0	0	0	0	0	0	13	0	0	0	0	0	0	0	96	0	0	0	0	0	0	0	0	0	0	0	0	0	0	0	0	0	0	0	0	21	0	0	0	0	33	0	0	0	0	0	0	0	317	20
64	assemblage-380-667	0	0	0	0	0	0	0	0	0	0	0	0	0	0	0	0	0	0	0	207	0	0	0	98	0	0	0	10	0	0	0	0	0	0	0	0	129	0	0	0	0	0	0	0	0	0	0	0	45	0	0	0	0	0	11

65	assemblage-630-588	0	0	0	0	0	0	0	0	0	0	0	0	0	0	0	0	0	0	0	0	0	0	0	0	0	0	0	0	0	0	0	458	0	7	22	0	0	0	0	0	0	0	0	0	0	0	0	0	0	0	0	0	0	0	13
65	assemblage-579-646	0	0	0	0	0	0	0	0	0	0	0	13	0	0	0	0	0	0	0	96	0	0	0	0	0	0	0	0	0	0	0	0	0	0	0	0	0	0	0	0	21	0	0	0	0	33	0	0	0	0	0	0	0	317	20
65	assemblage-421-156	0	0	0	0	0	0	0	0	0	0	0	62	0	0	0	0	15	0	0	33	0	0	0	273	0	34	0	0	0	0	0	0	0	0	0	0	54	0	0	0	0	0	0	0	0	10	0	0	0	0	0	0	0	0	19

66	assemblage-630-588	0	0	0	0	0	0	0	0	0	0	0	0	0	0	0	0	0	0	0	0	0	0	0	0	0	0	0	0	0	0	0	458	0	7	22	0	0	0	0	0	0	0	0	0	0	0	0	0	0	0	0	0	0	0	13
66	assemblage-554-333	0	0	0	0	0	0	0	0	0	0	0	0	0	0	0	0	0	0	0	242	0	0	0	117	0	0	0	0	0	0	0	0	0	0	0	0	0	0	0	0	0	0	0	0	0	0	0	0	0	0	0	0	0	123	18
66	assemblage-581-660	0	0	0	0	0	0	0	0	0	0	0	72	0	0	0	0	16	0	0	34	0	0	0	274	0	29	0	0	0	4	0	0	0	0	0	0	47	0	0	0	0	0	0	0	0	14	0	0	0	0	0	0	0	0	10

67	assemblage-630-588	0	0	0	0	0	0	0	0	0	0	0	0	0	0	0	0	0	0	0	0	0	0	0	0	0	0	0	0	0	0	0	458	0	7	22	0	0	0	0	0	0	0	0	0	0	0	0	0	0	0	0	0	0	0	13
67	assemblage-554-333	0	0	0	0	0	0	0	0	0	0	0	0	0	0	0	0	0	0	0	242	0	0	0	117	0	0	0	0	0	0	0	0	0	0	0	0	0	0	0	0	0	0	0	0	0	0	0	0	0	0	0	0	0	123	18
67	assemblage-566-359	0	0	0	0	0	0	0	0	0	0	0	10	0	0	0	0	0	0	0	105	0	0	0	0	0	0	0	0	0	0	0	0	0	0	0	0	0	0	0	0	19	0	0	0	0	35	0	0	0	0	0	0	0	314	17

68	assemblage-630-588	0	0	0	0	0	0	0	0	0	0	0	0	0	0	0	0	0	0	0	0	0	0	0	0	0	0	0	0	0	0	0	458	0	7	22	0	0	0	0	0	0	0	0	0	0	0	0	0	0	0	0	0	0	0	13
68	assemblage-554-333	0	0	0	0	0	0	0	0	0	0	0	0	0	0	0	0	0	0	0	242	0	0	0	117	0	0	0	0	0	0	0	0	0	0	0	0	0	0	0	0	0	0	0	0	0	0	0	0	0	0	0	0	0	123	18
68	assemblage-380-667	0	0	0	0	0	0	0	0	0	0	0	0	0	0	0	0	0	0	0	207	0	0	0	98	0	0	0	10	0	0	0	0	0	0	0	0	129	0	0	0	0	0	0	0	0	0	0	0	45	0	0	0	0	0	11

69	assemblage-630-588	0	0	0	0	0	0	0	0	0	0	0	0	0	0	0	0	0	0	0	0	0	0	0	0	0	0	0	0	0	0	0	458	0	7	22	0	0	0	0	0	0	0	0	0	0	0	0	0	0	0	0	0	0	0	13
69	assemblage-554-333	0	0	0	0	0	0	0	0	0	0	0	0	0	0	0	0	0	0	0	242	0	0	0	117	0	0	0	0	0	0	0	0	0	0	0	0	0	0	0	0	0	0	0	0	0	0	0	0	0	0	0	0	0	123	18
69	assemblage-421-156	0	0	0	0	0	0	0	0	0	0	0	62	0	0	0	0	15	0	0	33	0	0	0	273	0	34	0	0	0	0	0	0	0	0	0	0	54	0	0	0	0	0	0	0	0	10	0	0	0	0	0	0	0	0	19

70	assemblage-630-588	0	0	0	0	0	0	0	0	0	0	0	0	0	0	0	0	0	0	0	0	0	0	0	0	0	0	0	0	0	0	0	458	0	7	22	0	0	0	0	0	0	0	0	0	0	0	0	0	0	0	0	0	0	0	13
70	assemblage-554-333	0	0	0	0	0	0	0	0	0	0	0	0	0	0	0	0	0	0	0	242	0	0	0	117	0	0	0	0	0	0	0	0	0	0	0	0	0	0	0	0	0	0	0	0	0	0	0	0	0	0	0	0	0	123	18
70	assemblage-846-749	0	0	0	0	0	0	0	0	0	0	0	0	0	0	0	0	0	0	0	39	0	0	0	3	0	0	0	0	8	370	0	0	0	0	0	0	0	0	0	0	28	0	0	0	0	0	0	0	0	0	0	0	0	48	4

71	assemblage-630-588	0	0	0	0	0	0	0	0	0	0	0	0	0	0	0	0	0	0	0	0	0	0	0	0	0	0	0	0	0	0	0	458	0	7	22	0	0	0	0	0	0	0	0	0	0	0	0	0	0	0	0	0	0	0	13
71	assemblage-415-817	0	0	0	0	0	0	0	0	0	0	0	14	0	0	0	0	0	0	0	203	0	10	10	0	0	0	0	64	0	0	0	17	0	0	0	0	130	0	0	0	0	0	0	0	0	0	0	0	21	0	0	0	0	0	31
71	assemblage-581-660	0	0	0	0	0	0	0	0	0	0	0	72	0	0	0	0	16	0	0	34	0	0	0	274	0	29	0	0	0	4	0	0	0	0	0	0	47	0	0	0	0	0	0	0	0	14	0	0	0	0	0	0	0	0	10

72	assemblage-630-588	0	0	0	0	0	0	0	0	0	0	0	0	0	0	0	0	0	0	0	0	0	0	0	0	0	0	0	0	0	0	0	458	0	7	22	0	0	0	0	0	0	0	0	0	0	0	0	0	0	0	0	0	0	0	13
72	assemblage-415-817	0	0	0	0	0	0	0	0	0	0	0	14	0	0	0	0	0	0	0	203	0	10	10	0	0	0	0	64	0	0	0	17	0	0	0	0	130	0	0	0	0	0	0	0	0	0	0	0	21	0	0	0	0	0	31
72	assemblage-566-359	0	0	0	0	0	0	0	0	0	0	0	10	0	0	0	0	0	0	0	105	0	0	0	0	0	0	0	0	0	0	0	0	0	0	0	0	0	0	0	0	19	0	0	0	0	35	0	0	0	0	0	0	0	314	17

73	assemblage-630-588	0	0	0	0	0	0	0	0	0	0	0	0	0	0	0	0	0	0	0	0	0	0	0	0	0	0	0	0	0	0	0	458	0	7	22	0	0	0	0	0	0	0	0	0	0	0	0	0	0	0	0	0	0	0	13
73	assemblage-415-817	0	0	0	0	0	0	0	0	0	0	0	14	0	0	0	0	0	0	0	203	0	10	10	0	0	0	0	64	0	0	0	17	0	0	0	0	130	0	0	0	0	0	0	0	0	0	0	0	21	0	0	0	0	0	31
73	assemblage-380-667	0	0	0	0	0	0	0	0	0	0	0	0	0	0	0	0	0	0	0	207	0	0	0	98	0	0	0	10	0	0	0	0	0	0	0	0	129	0	0	0	0	0	0	0	0	0	0	0	45	0	0	0	0	0	11

74	assemblage-630-588	0	0	0	0	0	0	0	0	0	0	0	0	0	0	0	0	0	0	0	0	0	0	0	0	0	0	0	0	0	0	0	458	0	7	22	0	0	0	0	0	0	0	0	0	0	0	0	0	0	0	0	0	0	0	13
74	assemblage-415-817	0	0	0	0	0	0	0	0	0	0	0	14	0	0	0	0	0	0	0	203	0	10	10	0	0	0	0	64	0	0	0	17	0	0	0	0	130	0	0	0	0	0	0	0	0	0	0	0	21	0	0	0	0	0	31
74	assemblage-421-156	0	0	0	0	0	0	0	0	0	0	0	62	0	0	0	0	15	0	0	33	0	0	0	273	0	34	0	0	0	0	0	0	0	0	0	0	54	0	0	0	0	0	0	0	0	10	0	0	0	0	0	0	0	0	19

75	assemblage-630-588	0	0	0	0	0	0	0	0	0	0	0	0	0	0	0	0	0	0	0	0	0	0	0	0	0	0	0	0	0	0	0	458	0	7	22	0	0	0	0	0	0	0	0	0	0	0	0	0	0	0	0	0	0	0	13
75	assemblage-415-817	0	0	0	0	0	0	0	0	0	0	0	14	0	0	0	0	0	0	0	203	0	10	10	0	0	0	0	64	0	0	0	17	0	0	0	0	130	0	0	0	0	0	0	0	0	0	0	0	21	0	0	0	0	0	31
75	assemblage-795-159	0	0	0	0	0	0	0	0	0	0	0	24	0	0	0	0	0	0	0	214	0	12	12	0	0	0	0	62	0	0	0	14	0	0	0	0	129	0	6	0	0	0	0	0	0	0	0	0	12	0	0	0	0	0	15

76	assemblage-630-588	0	0	0	0	0	0	0	0	0	0	0	0	0	0	0	0	0	0	0	0	0	0	0	0	0	0	0	0	0	0	0	458	0	7	22	0	0	0	0	0	0	0	0	0	0	0	0	0	0	0	0	0	0	0	13
76	assemblage-415-817	0	0	0	0	0	0	0	0	0	0	0	14	0	0	0	0	0	0	0	203	0	10	10	0	0	0	0	64	0	0	0	17	0	0	0	0	130	0	0	0	0	0	0	0	0	0	0	0	21	0	0	0	0	0	31
76	assemblage-579-646	0	0	0	0	0	0	0	0	0	0	0	13	0	0	0	0	0	0	0	96	0	0	0	0	0	0	0	0	0	0	0	0	0	0	0	0	0	0	0	0	21	0	0	0	0	33	0	0	0	0	0	0	0	317	20

77	assemblage-630-588	0	0	0	0	0	0	0	0	0	0	0	0	0	0	0	0	0	0	0	0	0	0	0	0	0	0	0	0	0	0	0	458	0	7	22	0	0	0	0	0	0	0	0	0	0	0	0	0	0	0	0	0	0	0	13
77	assemblage-415-817	0	0	0	0	0	0	0	0	0	0	0	14	0	0	0	0	0	0	0	203	0	10	10	0	0	0	0	64	0	0	0	17	0	0	0	0	130	0	0	0	0	0	0	0	0	0	0	0	21	0	0	0	0	0	31
77	assemblage-846-749	0	0	0	0	0	0	0	0	0	0	0	0	0	0	0	0	0	0	0	39	0	0	0	3	0	0	0	0	8	370	0	0	0	0	0	0	0	0	0	0	28	0	0	0	0	0	0	0	0	0	0	0	0	48	4

78	assemblage-630-588	0	0	0	0	0	0	0	0	0	0	0	0	0	0	0	0	0	0	0	0	0	0	0	0	0	0	0	0	0	0	0	458	0	7	22	0	0	0	0	0	0	0	0	0	0	0	0	0	0	0	0	0	0	0	13
78	assemblage-415-817	0	0	0	0	0	0	0	0	0	0	0	14	0	0	0	0	0	0	0	203	0	10	10	0	0	0	0	64	0	0	0	17	0	0	0	0	130	0	0	0	0	0	0	0	0	0	0	0	21	0	0	0	0	0	31
78	assemblage-554-333	0	0	0	0	0	0	0	0	0	0	0	0	0	0	0	0	0	0	0	242	0	0	0	117	0	0	0	0	0	0	0	0	0	0	0	0	0	0	0	0	0	0	0	0	0	0	0	0	0	0	0	0	0	123	18

79	assemblage-630-588	0	0	0	0	0	0	0	0	0	0	0	0	0	0	0	0	0	0	0	0	0	0	0	0	0	0	0	0	0	0	0	458	0	7	22	0	0	0	0	0	0	0	0	0	0	0	0	0	0	0	0	0	0	0	13
79	assemblage-357-740	0	0	0	0	0	0	0	0	0	0	0	78	0	0	0	0	0	0	0	154	0	0	0	75	0	0	0	0	0	0	0	76	0	0	0	0	24	0	0	0	0	0	0	7	0	0	0	0	39	0	0	0	0	15	32
79	assemblage-581-660	0	0	0	0	0	0	0	0	0	0	0	72	0	0	0	0	16	0	0	34	0	0	0	274	0	29	0	0	0	4	0	0	0	0	0	0	47	0	0	0	0	0	0	0	0	14	0	0	0	0	0	0	0	0	10

80	assemblage-630-588	0	0	0	0	0	0	0	0	0	0	0	0	0	0	0	0	0	0	0	0	0	0	0	0	0	0	0	0	0	0	0	458	0	7	22	0	0	0	0	0	0	0	0	0	0	0	0	0	0	0	0	0	0	0	13
80	assemblage-357-740	0	0	0	0	0	0	0	0	0	0	0	78	0	0	0	0	0	0	0	154	0	0	0	75	0	0	0	0	0	0	0	76	0	0	0	0	24	0	0	0	0	0	0	7	0	0	0	0	39	0	0	0	0	15	32
80	assemblage-728-395	0	0	0	0	0	0	0	0	0	0	0	6	0	0	0	0	0	0	0	375	0	0	0	0	0	0	0	0	0	0	0	61	0	0	0	0	2	0	0	0	0	0	0	0	0	33	0	0	0	0	0	0	0	2	21

81	assemblage-630-588	0	0	0	0	0	0	0	0	0	0	0	0	0	0	0	0	0	0	0	0	0	0	0	0	0	0	0	0	0	0	0	458	0	7	22	0	0	0	0	0	0	0	0	0	0	0	0	0	0	0	0	0	0	0	13
81	assemblage-357-740	0	0	0	0	0	0	0	0	0	0	0	78	0	0	0	0	0	0	0	154	0	0	0	75	0	0	0	0	0	0	0	76	0	0	0	0	24	0	0	0	0	0	0	7	0	0	0	0	39	0	0	0	0	15	32
81	assemblage-566-359	0	0	0	0	0	0	0	0	0	0	0	10	0	0	0	0	0	0	0	105	0	0	0	0	0	0	0	0	0	0	0	0	0	0	0	0	0	0	0	0	19	0	0	0	0	35	0	0	0	0	0	0	0	314	17

82	assemblage-630-588	0	0	0	0	0	0	0	0	0	0	0	0	0	0	0	0	0	0	0	0	0	0	0	0	0	0	0	0	0	0	0	458	0	7	22	0	0	0	0	0	0	0	0	0	0	0	0	0	0	0	0	0	0	0	13
82	assemblage-357-740	0	0	0	0	0	0	0	0	0	0	0	78	0	0	0	0	0	0	0	154	0	0	0	75	0	0	0	0	0	0	0	76	0	0	0	0	24	0	0	0	0	0	0	7	0	0	0	0	39	0	0	0	0	15	32
82	assemblage-380-667	0	0	0	0	0	0	0	0	0	0	0	0	0	0	0	0	0	0	0	207	0	0	0	98	0	0	0	10	0	0	0	0	0	0	0	0	129	0	0	0	0	0	0	0	0	0	0	0	45	0	0	0	0	0	11

83	assemblage-630-588	0	0	0	0	0	0	0	0	0	0	0	0	0	0	0	0	0	0	0	0	0	0	0	0	0	0	0	0	0	0	0	458	0	7	22	0	0	0	0	0	0	0	0	0	0	0	0	0	0	0	0	0	0	0	13
83	assemblage-357-740	0	0	0	0	0	0	0	0	0	0	0	78	0	0	0	0	0	0	0	154	0	0	0	75	0	0	0	0	0	0	0	76	0	0	0	0	24	0	0	0	0	0	0	7	0	0	0	0	39	0	0	0	0	15	32
83	assemblage-421-156	0	0	0	0	0	0	0	0	0	0	0	62	0	0	0	0	15	0	0	33	0	0	0	273	0	34	0	0	0	0	0	0	0	0	0	0	54	0	0	0	0	0	0	0	0	10	0	0	0	0	0	0	0	0	19

84	assemblage-630-588	0	0	0	0	0	0	0	0	0	0	0	0	0	0	0	0	0	0	0	0	0	0	0	0	0	0	0	0	0	0	0	458	0	7	22	0	0	0	0	0	0	0	0	0	0	0	0	0	0	0	0	0	0	0	13
84	assemblage-357-740	0	0	0	0	0	0	0	0	0	0	0	78	0	0	0	0	0	0	0	154	0	0	0	75	0	0	0	0	0	0	0	76	0	0	0	0	24	0	0	0	0	0	0	7	0	0	0	0	39	0	0	0	0	15	32
84	assemblage-795-159	0	0	0	0	0	0	0	0	0	0	0	24	0	0	0	0	0	0	0	214	0	12	12	0	0	0	0	62	0	0	0	14	0	0	0	0	129	0	6	0	0	0	0	0	0	0	0	0	12	0	0	0	0	0	15

85	assemblage-630-588	0	0	0	0	0	0	0	0	0	0	0	0	0	0	0	0	0	0	0	0	0	0	0	0	0	0	0	0	0	0	0	458	0	7	22	0	0	0	0	0	0	0	0	0	0	0	0	0	0	0	0	0	0	0	13
85	assemblage-357-740	0	0	0	0	0	0	0	0	0	0	0	78	0	0	0	0	0	0	0	154	0	0	0	75	0	0	0	0	0	0	0	76	0	0	0	0	24	0	0	0	0	0	0	7	0	0	0	0	39	0	0	0	0	15	32
85	assemblage-579-646	0	0	0	0	0	0	0	0	0	0	0	13	0	0	0	0	0	0	0	96	0	0	0	0	0	0	0	0	0	0	0	0	0	0	0	0	0	0	0	0	21	0	0	0	0	33	0	0	0	0	0	0	0	317	20

86	assemblage-630-588	0	0	0	0	0	0	0	0	0	0	0	0	0	0	0	0	0	0	0	0	0	0	0	0	0	0	0	0	0	0	0	458	0	7	22	0	0	0	0	0	0	0	0	0	0	0	0	0	0	0	0	0	0	0	13
86	assemblage-357-740	0	0	0	0	0	0	0	0	0	0	0	78	0	0	0	0	0	0	0	154	0	0	0	75	0	0	0	0	0	0	0	76	0	0	0	0	24	0	0	0	0	0	0	7	0	0	0	0	39	0	0	0	0	15	32
86	assemblage-846-749	0	0	0	0	0	0	0	0	0	0	0	0	0	0	0	0	0	0	0	39	0	0	0	3	0	0	0	0	8	370	0	0	0	0	0	0	0	0	0	0	28	0	0	0	0	0	0	0	0	0	0	0	0	48	4

87	assemblage-630-588	0	0	0	0	0	0	0	0	0	0	0	0	0	0	0	0	0	0	0	0	0	0	0	0	0	0	0	0	0	0	0	458	0	7	22	0	0	0	0	0	0	0	0	0	0	0	0	0	0	0	0	0	0	0	13
87	assemblage-357-740	0	0	0	0	0	0	0	0	0	0	0	78	0	0	0	0	0	0	0	154	0	0	0	75	0	0	0	0	0	0	0	76	0	0	0	0	24	0	0	0	0	0	0	7	0	0	0	0	39	0	0	0	0	15	32
87	assemblage-554-333	0	0	0	0	0	0	0	0	0	0	0	0	0	0	0	0	0	0	0	242	0	0	0	117	0	0	0	0	0	0	0	0	0	0	0	0	0	0	0	0	0	0	0	0	0	0	0	0	0	0	0	0	0	123	18

88	assemblage-630-588	0	0	0	0	0	0	0	0	0	0	0	0	0	0	0	0	0	0	0	0	0	0	0	0	0	0	0	0	0	0	0	458	0	7	22	0	0	0	0	0	0	0	0	0	0	0	0	0	0	0	0	0	0	0	13
88	assemblage-357-740	0	0	0	0	0	0	0	0	0	0	0	78	0	0	0	0	0	0	0	154	0	0	0	75	0	0	0	0	0	0	0	76	0	0	0	0	24	0	0	0	0	0	0	7	0	0	0	0	39	0	0	0	0	15	32
88	assemblage-415-817	0	0	0	0	0	0	0	0	0	0	0	14	0	0	0	0	0	0	0	203	0	10	10	0	0	0	0	64	0	0	0	17	0	0	0	0	130	0	0	0	0	0	0	0	0	0	0	0	21	0	0	0	0	0	31

89	assemblage-399-844	0	0	0	0	0	0	0	0	0	0	0	240	0	0	0	0	0	0	0	0	0	10	0	68	0	0	0	0	0	0	0	114	0	0	0	0	0	0	44	0	0	0	0	0	13	0	0	0	0	0	0	0	0	0	11
89	assemblage-183-468	0	0	0	0	0	0	0	0	0	0	0	83	0	0	5	0	0	0	0	36	0	0	0	0	0	0	0	0	0	0	0	124	0	0	5	0	63	0	119	0	0	0	0	0	0	0	0	0	45	0	0	0	0	0	20
89	assemblage-728-395	0	0	0	0	0	0	0	0	0	0	0	6	0	0	0	0	0	0	0	375	0	0	0	0	0	0	0	0	0	0	0	61	0	0	0	0	2	0	0	0	0	0	0	0	0	33	0	0	0	0	0	0	0	2	21

90	assemblage-399-844	0	0	0	0	0	0	0	0	0	0	0	240	0	0	0	0	0	0	0	0	0	10	0	68	0	0	0	0	0	0	0	114	0	0	0	0	0	0	44	0	0	0	0	0	13	0	0	0	0	0	0	0	0	0	11
90	assemblage-183-468	0	0	0	0	0	0	0	0	0	0	0	83	0	0	5	0	0	0	0	36	0	0	0	0	0	0	0	0	0	0	0	124	0	0	5	0	63	0	119	0	0	0	0	0	0	0	0	0	45	0	0	0	0	0	20
90	assemblage-566-359	0	0	0	0	0	0	0	0	0	0	0	10	0	0	0	0	0	0	0	105	0	0	0	0	0	0	0	0	0	0	0	0	0	0	0	0	0	0	0	0	19	0	0	0	0	35	0	0	0	0	0	0	0	314	17

91	assemblage-399-844	0	0	0	0	0	0	0	0	0	0	0	240	0	0	0	0	0	0	0	0	0	10	0	68	0	0	0	0	0	0	0	114	0	0	0	0	0	0	44	0	0	0	0	0	13	0	0	0	0	0	0	0	0	0	11
91	assemblage-905-383	0	0	0	0	0	0	0	0	0	0	0	171	0	0	26	0	0	0	0	0	0	99	0	0	0	0	0	0	0	0	0	145	0	0	0	0	15	0	0	0	0	0	0	0	14	0	0	0	20	0	0	0	0	0	10
91	assemblage-728-395	0	0	0	0	0	0	0	0	0	0	0	6	0	0	0	0	0	0	0	375	0	0	0	0	0	0	0	0	0	0	0	61	0	0	0	0	2	0	0	0	0	0	0	0	0	33	0	0	0	0	0	0	0	2	21

92	assemblage-399-844	0	0	0	0	0	0	0	0	0	0	0	240	0	0	0	0	0	0	0	0	0	10	0	68	0	0	0	0	0	0	0	114	0	0	0	0	0	0	44	0	0	0	0	0	13	0	0	0	0	0	0	0	0	0	11
92	assemblage-905-383	0	0	0	0	0	0	0	0	0	0	0	171	0	0	26	0	0	0	0	0	0	99	0	0	0	0	0	0	0	0	0	145	0	0	0	0	15	0	0	0	0	0	0	0	14	0	0	0	20	0	0	0	0	0	10
92	assemblage-566-359	0	0	0	0	0	0	0	0	0	0	0	10	0	0	0	0	0	0	0	105	0	0	0	0	0	0	0	0	0	0	0	0	0	0	0	0	0	0	0	0	19	0	0	0	0	35	0	0	0	0	0	0	0	314	17

93	assemblage-399-844	0	0	0	0	0	0	0	0	0	0	0	240	0	0	0	0	0	0	0	0	0	10	0	68	0	0	0	0	0	0	0	114	0	0	0	0	0	0	44	0	0	0	0	0	13	0	0	0	0	0	0	0	0	0	11
93	assemblage-421-156	0	0	0	0	0	0	0	0	0	0	0	62	0	0	0	0	15	0	0	33	0	0	0	273	0	34	0	0	0	0	0	0	0	0	0	0	54	0	0	0	0	0	0	0	0	10	0	0	0	0	0	0	0	0	19
93	assemblage-566-359	0	0	0	0	0	0	0	0	0	0	0	10	0	0	0	0	0	0	0	105	0	0	0	0	0	0	0	0	0	0	0	0	0	0	0	0	0	0	0	0	19	0	0	0	0	35	0	0	0	0	0	0	0	314	17

94	assemblage-399-844	0	0	0	0	0	0	0	0	0	0	0	240	0	0	0	0	0	0	0	0	0	10	0	68	0	0	0	0	0	0	0	114	0	0	0	0	0	0	44	0	0	0	0	0	13	0	0	0	0	0	0	0	0	0	11
94	assemblage-421-156	0	0	0	0	0	0	0	0	0	0	0	62	0	0	0	0	15	0	0	33	0	0	0	273	0	34	0	0	0	0	0	0	0	0	0	0	54	0	0	0	0	0	0	0	0	10	0	0	0	0	0	0	0	0	19
94	assemblage-380-667	0	0	0	0	0	0	0	0	0	0	0	0	0	0	0	0	0	0	0	207	0	0	0	98	0	0	0	10	0	0	0	0	0	0	0	0	129	0	0	0	0	0	0	0	0	0	0	0	45	0	0	0	0	0	11

95	assemblage-399-844	0	0	0	0	0	0	0	0	0	0	0	240	0	0	0	0	0	0	0	0	0	10	0	68	0	0	0	0	0	0	0	114	0	0	0	0	0	0	44	0	0	0	0	0	13	0	0	0	0	0	0	0	0	0	11
95	assemblage-579-646	0	0	0	0	0	0	0	0	0	0	0	13	0	0	0	0	0	0	0	96	0	0	0	0	0	0	0	0	0	0	0	0	0	0	0	0	0	0	0	0	21	0	0	0	0	33	0	0	0	0	0	0	0	317	20
95	assemblage-566-359	0	0	0	0	0	0	0	0	0	0	0	10	0	0	0	0	0	0	0	105	0	0	0	0	0	0	0	0	0	0	0	0	0	0	0	0	0	0	0	0	19	0	0	0	0	35	0	0	0	0	0	0	0	314	17

96	assemblage-399-844	0	0	0	0	0	0	0	0	0	0	0	240	0	0	0	0	0	0	0	0	0	10	0	68	0	0	0	0	0	0	0	114	0	0	0	0	0	0	44	0	0	0	0	0	13	0	0	0	0	0	0	0	0	0	11
96	assemblage-554-333	0	0	0	0	0	0	0	0	0	0	0	0	0	0	0	0	0	0	0	242	0	0	0	117	0	0	0	0	0	0	0	0	0	0	0	0	0	0	0	0	0	0	0	0	0	0	0	0	0	0	0	0	0	123	18
96	assemblage-380-667	0	0	0	0	0	0	0	0	0	0	0	0	0	0	0	0	0	0	0	207	0	0	0	98	0	0	0	10	0	0	0	0	0	0	0	0	129	0	0	0	0	0	0	0	0	0	0	0	45	0	0	0	0	0	11

97	assemblage-399-844	0	0	0	0	0	0	0	0	0	0	0	240	0	0	0	0	0	0	0	0	0	10	0	68	0	0	0	0	0	0	0	114	0	0	0	0	0	0	44	0	0	0	0	0	13	0	0	0	0	0	0	0	0	0	11
97	assemblage-554-333	0	0	0	0	0	0	0	0	0	0	0	0	0	0	0	0	0	0	0	242	0	0	0	117	0	0	0	0	0	0	0	0	0	0	0	0	0	0	0	0	0	0	0	0	0	0	0	0	0	0	0	0	0	123	18
97	assemblage-846-749	0	0	0	0	0	0	0	0	0	0	0	0	0	0	0	0	0	0	0	39	0	0	0	3	0	0	0	0	8	370	0	0	0	0	0	0	0	0	0	0	28	0	0	0	0	0	0	0	0	0	0	0	0	48	4

98	assemblage-399-844	0	0	0	0	0	0	0	0	0	0	0	240	0	0	0	0	0	0	0	0	0	10	0	68	0	0	0	0	0	0	0	114	0	0	0	0	0	0	44	0	0	0	0	0	13	0	0	0	0	0	0	0	0	0	11
98	assemblage-415-817	0	0	0	0	0	0	0	0	0	0	0	14	0	0	0	0	0	0	0	203	0	10	10	0	0	0	0	64	0	0	0	17	0	0	0	0	130	0	0	0	0	0	0	0	0	0	0	0	21	0	0	0	0	0	31
98	assemblage-566-359	0	0	0	0	0	0	0	0	0	0	0	10	0	0	0	0	0	0	0	105	0	0	0	0	0	0	0	0	0	0	0	0	0	0	0	0	0	0	0	0	19	0	0	0	0	35	0	0	0	0	0	0	0	314	17

99	assemblage-399-844	0	0	0	0	0	0	0	0	0	0	0	240	0	0	0	0	0	0	0	0	0	10	0	68	0	0	0	0	0	0	0	114	0	0	0	0	0	0	44	0	0	0	0	0	13	0	0	0	0	0	0	0	0	0	11
99	assemblage-415-817	0	0	0	0	0	0	0	0	0	0	0	14	0	0	0	0	0	0	0	203	0	10	10	0	0	0	0	64	0	0	0	17	0	0	0	0	130	0	0	0	0	0	0	0	0	0	0	0	21	0	0	0	0	0	31
99	assemblage-579-646	0	0	0	0	0	0	0	0	0	0	0	13	0	0	0	0	0	0	0	96	0	0	0	0	0	0	0	0	0	0	0	0	0	0	0	0	0	0	0	0	21	0	0	0	0	33	0	0	0	0	0	0	0	317	20

100	assemblage-399-844	0	0	0	0	0	0	0	0	0	0	0	240	0	0	0	0	0	0	0	0	0	10	0	68	0	0	0	0	0	0	0	114	0	0	0	0	0	0	44	0	0	0	0	0	13	0	0	0	0	0	0	0	0	0	11
100	assemblage-357-740	0	0	0	0	0	0	0	0	0	0	0	78	0	0	0	0	0	0	0	154	0	0	0	75	0	0	0	0	0	0	0	76	0	0	0	0	24	0	0	0	0	0	0	7	0	0	0	0	39	0	0	0	0	15	32
100	assemblage-581-660	0	0	0	0	0	0	0	0	0	0	0	72	0	0	0	0	16	0	0	34	0	0	0	274	0	29	0	0	0	4	0	0	0	0	0	0	47	0	0	0	0	0	0	0	0	14	0	0	0	0	0	0	0	0	10

101	assemblage-399-844	0	0	0	0	0	0	0	0	0	0	0	240	0	0	0	0	0	0	0	0	0	10	0	68	0	0	0	0	0	0	0	114	0	0	0	0	0	0	44	0	0	0	0	0	13	0	0	0	0	0	0	0	0	0	11
101	assemblage-357-740	0	0	0	0	0	0	0	0	0	0	0	78	0	0	0	0	0	0	0	154	0	0	0	75	0	0	0	0	0	0	0	76	0	0	0	0	24	0	0	0	0	0	0	7	0	0	0	0	39	0	0	0	0	15	32
101	assemblage-728-395	0	0	0	0	0	0	0	0	0	0	0	6	0	0	0	0	0	0	0	375	0	0	0	0	0	0	0	0	0	0	0	61	0	0	0	0	2	0	0	0	0	0	0	0	0	33	0	0	0	0	0	0	0	2	21

102	assemblage-399-844	0	0	0	0	0	0	0	0	0	0	0	240	0	0	0	0	0	0	0	0	0	10	0	68	0	0	0	0	0	0	0	114	0	0	0	0	0	0	44	0	0	0	0	0	13	0	0	0	0	0	0	0	0	0	11
102	assemblage-357-740	0	0	0	0	0	0	0	0	0	0	0	78	0	0	0	0	0	0	0	154	0	0	0	75	0	0	0	0	0	0	0	76	0	0	0	0	24	0	0	0	0	0	0	7	0	0	0	0	39	0	0	0	0	15	32
102	assemblage-566-359	0	0	0	0	0	0	0	0	0	0	0	10	0	0	0	0	0	0	0	105	0	0	0	0	0	0	0	0	0	0	0	0	0	0	0	0	0	0	0	0	19	0	0	0	0	35	0	0	0	0	0	0	0	314	17

103	assemblage-399-844	0	0	0	0	0	0	0	0	0	0	0	240	0	0	0	0	0	0	0	0	0	10	0	68	0	0	0	0	0	0	0	114	0	0	0	0	0	0	44	0	0	0	0	0	13	0	0	0	0	0	0	0	0	0	11
103	assemblage-357-740	0	0	0	0	0	0	0	0	0	0	0	78	0	0	0	0	0	0	0	154	0	0	0	75	0	0	0	0	0	0	0	76	0	0	0	0	24	0	0	0	0	0	0	7	0	0	0	0	39	0	0	0	0	15	32
103	assemblage-380-667	0	0	0	0	0	0	0	0	0	0	0	0	0	0	0	0	0	0	0	207	0	0	0	98	0	0	0	10	0	0	0	0	0	0	0	0	129	0	0	0	0	0	0	0	0	0	0	0	45	0	0	0	0	0	11

104	assemblage-399-844	0	0	0	0	0	0	0	0	0	0	0	240	0	0	0	0	0	0	0	0	0	10	0	68	0	0	0	0	0	0	0	114	0	0	0	0	0	0	44	0	0	0	0	0	13	0	0	0	0	0	0	0	0	0	11
104	assemblage-357-740	0	0	0	0	0	0	0	0	0	0	0	78	0	0	0	0	0	0	0	154	0	0	0	75	0	0	0	0	0	0	0	76	0	0	0	0	24	0	0	0	0	0	0	7	0	0	0	0	39	0	0	0	0	15	32
104	assemblage-421-156	0	0	0	0	0	0	0	0	0	0	0	62	0	0	0	0	15	0	0	33	0	0	0	273	0	34	0	0	0	0	0	0	0	0	0	0	54	0	0	0	0	0	0	0	0	10	0	0	0	0	0	0	0	0	19

105	assemblage-399-844	0	0	0	0	0	0	0	0	0	0	0	240	0	0	0	0	0	0	0	0	0	10	0	68	0	0	0	0	0	0	0	114	0	0	0	0	0	0	44	0	0	0	0	0	13	0	0	0	0	0	0	0	0	0	11
105	assemblage-357-740	0	0	0	0	0	0	0	0	0	0	0	78	0	0	0	0	0	0	0	154	0	0	0	75	0	0	0	0	0	0	0	76	0	0	0	0	24	0	0	0	0	0	0	7	0	0	0	0	39	0	0	0	0	15	32
105	assemblage-579-646	0	0	0	0	0	0	0	0	0	0	0	13	0	0	0	0	0	0	0	96	0	0	0	0	0	0	0	0	0	0	0	0	0	0	0	0	0	0	0	0	21	0	0	0	0	33	0	0	0	0	0	0	0	317	20

106	assemblage-399-844	0	0	0	0	0	0	0	0	0	0	0	240	0	0	0	0	0	0	0	0	0	10	0	68	0	0	0	0	0	0	0	114	0	0	0	0	0	0	44	0	0	0	0	0	13	0	0	0	0	0	0	0	0	0	11
106	assemblage-357-740	0	0	0	0	0	0	0	0	0	0	0	78	0	0	0	0	0	0	0	154	0	0	0	75	0	0	0	0	0	0	0	76	0	0	0	0	24	0	0	0	0	0	0	7	0	0	0	0	39	0	0	0	0	15	32
106	assemblage-846-749	0	0	0	0	0	0	0	0	0	0	0	0	0	0	0	0	0	0	0	39	0	0	0	3	0	0	0	0	8	370	0	0	0	0	0	0	0	0	0	0	28	0	0	0	0	0	0	0	0	0	0	0	0	48	4

107	assemblage-399-844	0	0	0	0	0	0	0	0	0	0	0	240	0	0	0	0	0	0	0	0	0	10	0	68	0	0	0	0	0	0	0	114	0	0	0	0	0	0	44	0	0	0	0	0	13	0	0	0	0	0	0	0	0	0	11
107	assemblage-357-740	0	0	0	0	0	0	0	0	0	0	0	78	0	0	0	0	0	0	0	154	0	0	0	75	0	0	0	0	0	0	0	76	0	0	0	0	24	0	0	0	0	0	0	7	0	0	0	0	39	0	0	0	0	15	32
107	assemblage-554-333	0	0	0	0	0	0	0	0	0	0	0	0	0	0	0	0	0	0	0	242	0	0	0	117	0	0	0	0	0	0	0	0	0	0	0	0	0	0	0	0	0	0	0	0	0	0	0	0	0	0	0	0	0	123	18

