Assemblage_Name	2813601-5849811-2235358	1756447-1-2	7117634-9853172-3	6434317-9692902-3	2-3114663-2	6749091-971110-8803732	3-1-0	6434317-7613243-3	3814052-4848292-2235358	3046782-1-2	6272576-4-3002841	4-4-7762952	4511408-1-0	2-1-2	2336027-4848292-2078909	8390611-1092073-0	4-9955942-4	7042788-971110-6480902	2033865-971110-5869500	1003468-2-634967	3-7613243-5867658	3-7613243-4225290	0-4-1	3-7613243-5062903	5655237-4848292-2235358	123158-4848292-2235358	2033865-238710-2	2033865-971110-6480902	3-7613243-6409575	3-7613243-3	4013842-1650780-634967	5014093-9692902-3	3-5235102-4225290	3-7613243-7509639	2033865-3114663-2	6434317-2802612-3	8390611-1-0	5209496-9096776-4	2813601-4848292-6680864	4-4-3002841	642638-1092073-0	1756447-1-8046102	3-4762337-3	9409607-4848292-2235358	4-4011256-4	3-1752364-4225290	0-1965646-1	8428715-1-2	2813601-4848292-2235358	1997345-7613243-3	8599895-7613243-7509639	3-7613243-5116644	4-2-253900	1003468-2-9082800	3-2770905-4225290	2813601-1-0	3-9354014-4225290	1997345-7613243-6482222	5356242-7613243-4225290	2813601-1-6021411	3526420-4848292-2235358	3-7613243-7194503	3-6994771-4225290	9716565-7613243-5116644	4013842-2-634967	3-9853172-3	416693-3114663-2	1427886-7613243-4225290	4-7295370-4	4-2746170-4	8390611-9257567-0	0-4-2214347	4-2-4	7594841-7613243-4225290	2033865-1088368-6480902	642638-1092073-661557	4-5832521-3002841	2813601-4848292-0	1520853-3041477-2235358	3-7613243-9974985	8924884-4-1	4013842-5630067-634967	2444645-7613243-3	4-9096776-4	2813601-8448882-0	3-6208581-4225290	6749091-971110-6480902	2020957-2-4	3569333-7613243-3	5655237-895379-2235358	1520853-4848292-2235358	501545-3114663-2	8390611-7534243-0	4610327-4848292-2235358	2033865-8249536-5869500	8390611-1-9175761	2-156466-2	6539175-3114663-2	657490-1-3758566	2-9982642-2	595569-1-0
assemblage-715-624	0	0	0	15	0	0	0	104	0	0	0	0	0	0	0	0	0	0	0	0	0	0	33	0	0	0	0	0	0	0	0	10	0	0	0	10	0	0	0	78	0	0	0	0	0	0	11	0	0	116	0	0	0	0	0	0	0	4	0	0	0	0	0	0	0	0	0	0	0	0	0	55	0	0	0	0	0	0	0	0	0	0	20	14	0	0	0	0	0	0	0	0	0	0	0	0	0	0	0	0	30
assemblage-204-897	0	0	0	0	0	0	0	0	39	0	0	0	0	0	0	0	0	0	0	0	0	53	0	0	0	0	0	101	0	0	0	0	0	25	0	0	0	0	0	0	0	0	0	0	0	0	0	0	51	0	0	0	0	0	0	35	0	0	0	0	0	0	0	0	0	0	0	0	0	0	0	0	0	0	8	0	0	0	0	0	0	0	0	0	19	0	77	0	0	0	64	19	0	0	0	0	0	0	0	0	9
assemblage-958-95	0	0	0	0	0	0	0	0	0	0	0	45	0	34	0	0	0	0	0	0	0	0	0	0	0	0	0	0	0	0	0	0	0	0	0	0	0	0	0	315	0	0	0	0	6	0	0	0	0	0	0	0	0	0	0	0	0	0	0	0	0	0	0	0	0	6	0	0	0	0	0	0	21	0	0	0	45	0	0	0	0	0	0	0	0	0	0	11	0	0	0	0	0	0	0	0	0	0	0	0	17
assemblage-209-537	0	0	0	0	0	0	0	0	0	0	0	0	0	6	0	0	0	0	0	13	0	0	124	0	0	0	0	0	0	155	0	0	0	0	0	0	0	4	0	16	0	0	0	0	0	0	0	0	0	27	0	0	0	0	0	0	0	0	0	0	0	0	0	0	18	0	0	0	0	0	0	0	7	0	0	0	0	0	0	7	0	0	0	90	0	0	0	0	0	0	0	0	0	0	0	0	0	0	0	0	33
assemblage-110-705	0	0	0	9	0	0	0	0	0	0	0	0	0	0	0	0	0	0	0	0	0	148	0	0	0	0	0	0	0	0	0	9	0	0	6	0	139	0	0	0	0	0	0	0	0	0	0	0	0	0	0	0	0	0	0	51	0	0	0	0	0	0	0	0	0	0	0	7	0	0	0	0	0	0	0	0	0	6	0	0	0	0	76	0	0	0	0	0	0	0	0	0	0	0	0	0	0	22	0	0	27
assemblage-805-544	0	0	0	0	0	0	0	0	0	0	0	0	0	0	0	0	0	8	68	0	0	205	0	0	0	0	0	42	0	0	0	0	0	0	0	0	14	0	0	0	0	0	0	0	0	0	0	0	117	0	0	0	0	0	3	0	0	0	0	0	0	0	15	0	0	0	0	0	0	0	0	0	0	0	0	0	0	0	0	0	0	0	0	0	0	0	0	0	0	0	0	0	0	0	6	0	0	0	0	0	22
assemblage-96-100	0	0	0	0	0	0	0	0	0	0	11	0	0	0	0	0	0	0	0	0	0	0	0	0	0	0	0	0	0	42	0	0	0	0	0	0	0	0	0	312	0	0	0	0	0	0	0	0	0	0	0	0	0	0	0	0	0	0	0	0	0	0	0	0	0	113	0	0	0	0	0	0	0	0	0	0	0	0	0	0	0	0	0	0	0	0	0	0	0	0	0	0	0	0	0	0	0	0	0	0	22
assemblage-592-299	0	0	0	0	0	0	0	0	0	0	0	0	0	0	0	79	0	0	0	0	0	0	0	0	0	0	0	0	0	0	0	0	0	0	0	0	0	0	0	0	131	0	0	0	0	83	0	0	14	0	27	0	0	0	0	0	0	0	0	0	0	0	0	0	0	0	0	0	0	0	0	0	0	0	0	17	0	0	0	0	0	0	0	0	0	0	0	0	0	0	0	0	32	0	0	77	0	0	0	0	40
assemblage-482-340	0	0	0	9	0	0	0	0	0	0	0	0	0	0	0	0	0	0	0	0	0	163	0	0	0	0	0	0	0	0	0	8	0	0	2	0	171	0	0	0	0	0	0	0	0	0	0	0	0	0	0	0	0	0	0	45	0	0	0	0	0	0	0	0	0	0	0	10	0	0	0	0	0	0	0	0	0	3	0	0	0	0	51	0	0	0	0	0	0	0	0	0	0	0	0	0	0	18	0	0	20
assemblage-438-465	0	0	0	29	0	0	0	78	0	0	0	0	0	0	0	0	0	0	0	0	0	0	31	0	0	0	0	0	0	0	0	10	0	0	0	8	0	0	0	85	0	0	0	0	0	0	9	0	0	127	0	0	0	0	0	0	0	7	0	0	0	0	0	0	0	0	0	0	0	0	0	60	0	0	0	0	0	0	0	0	0	0	34	6	0	0	0	0	0	0	0	0	0	0	0	0	0	0	0	0	16
assemblage-809-547	0	0	0	0	0	0	0	0	0	0	0	0	0	0	0	64	0	0	0	0	0	85	0	0	0	0	0	0	0	0	0	0	0	69	0	0	156	0	0	0	39	0	0	9	0	0	0	0	28	0	0	0	0	0	0	0	0	0	0	0	0	0	0	0	0	0	27	0	0	0	0	0	0	0	0	0	0	0	0	0	0	0	0	0	0	0	0	0	0	0	0	0	0	0	0	0	0	0	0	0	23
assemblage-194-547	0	0	14	0	0	0	31	0	0	2	0	0	0	123	0	0	17	0	0	0	8	0	35	21	0	0	0	0	0	22	0	0	0	0	0	0	0	0	0	25	0	0	0	0	4	0	0	0	0	0	0	0	0	0	0	134	0	0	0	0	0	0	0	0	20	0	0	0	0	0	0	0	18	0	0	0	0	0	0	0	0	0	0	0	0	0	0	0	0	0	0	0	0	0	0	0	7	0	0	0	19
assemblage-891-622	13	0	0	0	0	33	0	0	0	0	0	0	0	0	5	0	0	0	0	0	0	15	0	0	0	17	0	14	0	0	0	0	0	0	0	0	89	0	0	0	0	0	0	0	0	0	0	0	181	0	0	0	0	0	0	0	0	0	0	0	0	0	12	0	0	0	0	0	0	0	0	0	0	0	0	0	0	0	0	0	0	0	0	0	50	0	48	0	0	0	5	0	0	0	0	0	0	0	0	0	18
assemblage-331-976	0	0	0	0	0	0	0	0	0	0	0	0	0	0	0	273	0	0	0	0	0	0	0	0	0	0	0	0	0	0	0	0	0	61	0	0	84	0	0	0	0	0	0	0	0	0	0	0	9	0	0	0	0	0	0	0	0	0	0	0	0	0	0	0	0	0	0	0	0	0	0	0	0	0	0	0	0	0	0	0	0	0	0	0	6	0	8	0	0	0	31	0	0	0	0	0	0	0	0	0	28
assemblage-364-549	0	0	0	0	0	0	0	0	0	0	0	48	0	37	0	0	0	0	0	0	0	0	0	0	0	0	0	0	0	0	0	0	0	0	0	0	0	0	0	295	0	0	0	0	15	0	0	0	0	0	0	0	0	0	0	0	0	0	0	0	0	0	0	0	0	6	0	0	0	0	0	0	34	0	0	0	31	0	0	0	0	0	0	0	0	0	0	11	0	0	0	0	0	0	0	0	0	0	0	0	23
assemblage-581-271	16	0	0	0	0	32	0	0	0	0	0	0	0	0	8	0	0	0	0	0	0	21	0	0	0	18	0	16	0	0	0	0	0	0	0	0	76	0	0	0	0	0	0	0	0	0	0	0	189	0	0	0	0	0	0	0	0	0	0	0	0	0	8	0	0	0	0	0	0	0	0	0	0	0	0	0	0	0	0	0	0	0	0	0	57	0	28	0	0	0	9	0	0	0	0	0	0	0	0	0	22
assemblage-109-708	0	0	0	0	0	0	0	0	0	0	0	0	0	0	0	0	0	0	0	0	0	202	0	0	0	0	0	0	0	0	0	0	0	37	0	0	3	0	0	0	0	0	0	0	0	0	0	0	0	0	0	0	0	0	0	69	0	0	0	0	0	0	0	0	0	0	0	0	0	0	0	0	0	0	0	0	0	0	0	0	0	0	0	0	0	37	0	0	0	0	0	135	0	0	0	0	0	0	0	0	17
assemblage-207-893	0	0	0	0	0	0	0	0	0	0	0	0	0	0	0	0	0	7	57	0	0	187	0	0	0	0	0	50	0	0	0	0	0	0	0	0	12	0	0	0	0	0	0	0	0	0	0	0	134	0	0	0	0	0	7	0	0	0	0	0	0	0	16	0	0	0	0	0	0	0	0	0	0	0	0	0	0	0	0	0	0	0	0	0	0	0	0	0	0	0	0	0	0	0	4	0	0	0	0	0	26
assemblage-359-559	0	0	0	0	0	0	0	0	0	0	0	42	0	31	0	0	0	0	0	0	0	0	0	0	0	0	0	0	0	0	0	0	0	0	0	0	0	0	0	337	0	0	0	0	8	0	0	0	0	0	0	0	0	0	0	0	0	0	0	0	0	0	0	0	0	8	0	0	0	0	0	0	20	0	0	0	26	0	0	0	0	0	0	0	0	0	0	16	0	0	0	0	0	0	0	0	0	0	0	0	12
assemblage-591-305	0	0	0	0	0	0	0	0	0	0	0	0	0	0	0	103	0	0	0	0	0	0	0	0	0	0	0	0	0	0	0	0	0	8	0	0	0	0	0	0	129	0	0	0	0	65	0	0	17	0	31	0	0	0	0	0	0	0	0	0	0	0	0	0	0	0	0	0	0	0	0	0	0	0	0	13	0	0	0	0	0	0	0	0	0	0	0	0	0	0	0	0	28	0	0	77	0	0	0	0	29
assemblage-889-634	0	0	0	0	0	0	0	0	0	0	0	0	0	0	0	102	0	0	0	0	0	0	0	0	0	0	0	0	0	0	0	0	0	0	0	0	0	0	0	0	119	0	0	0	0	68	0	0	27	0	23	0	0	0	0	0	0	0	0	0	0	0	0	0	0	0	0	0	0	0	0	0	0	0	0	13	0	0	0	0	0	0	0	0	0	0	0	0	0	0	0	0	33	0	0	87	0	0	0	0	28
assemblage-133-677	0	0	0	23	0	0	0	93	0	0	0	0	0	0	0	0	0	0	0	0	0	0	40	0	0	0	0	0	0	0	0	6	0	0	0	7	0	0	0	70	0	0	0	0	0	0	9	0	0	145	0	0	0	0	0	0	0	12	0	0	0	0	0	0	0	0	0	0	0	0	0	51	0	0	0	0	0	0	0	0	0	0	15	6	0	0	0	0	0	0	0	0	0	0	0	0	0	0	0	0	23
assemblage-346-467	0	0	0	26	0	0	0	106	0	0	0	0	0	0	0	0	0	0	0	0	0	0	41	0	0	0	0	0	0	6	0	13	0	0	0	5	0	0	0	80	0	0	0	0	0	0	4	0	0	118	0	0	0	0	0	0	0	6	0	0	0	0	0	0	0	0	0	0	0	0	0	58	0	0	0	0	0	0	0	0	0	0	19	5	0	0	0	0	0	0	0	0	0	0	0	0	0	0	0	0	13
assemblage-348-460	0	0	0	0	0	0	0	0	0	0	0	13	0	0	0	0	0	0	0	0	0	260	0	0	0	0	0	0	0	8	0	0	0	0	0	0	0	0	0	0	0	0	10	0	0	0	0	0	0	0	0	0	0	0	0	153	0	0	0	0	0	0	0	0	0	0	0	0	0	0	0	0	0	0	0	0	0	0	0	0	0	0	0	11	0	0	0	0	14	0	0	0	0	0	0	0	0	0	0	0	31
assemblage-453-876	0	0	0	0	0	0	0	0	0	0	0	0	0	0	0	0	0	0	0	0	0	234	0	0	0	0	0	0	0	0	0	0	0	28	0	0	9	0	0	0	0	0	0	0	0	0	0	0	0	0	0	0	0	0	0	61	0	0	0	0	0	0	0	0	0	0	0	0	0	0	0	0	0	7	0	0	0	0	0	0	0	0	0	0	0	29	0	0	0	0	0	115	0	0	0	0	0	0	0	0	17
assemblage-570-753	0	0	0	0	0	0	0	0	0	0	0	0	0	0	0	0	0	0	0	0	0	0	0	0	0	0	0	0	0	35	0	0	0	0	0	0	0	0	0	0	0	0	0	0	0	0	0	0	0	0	0	0	14	0	0	0	0	0	0	0	0	0	0	0	0	0	0	0	0	6	0	0	419	0	0	0	0	0	0	0	0	0	0	0	0	0	0	0	0	0	0	0	0	0	0	0	0	0	0	0	26
assemblage-178-720	0	0	0	0	0	0	0	0	0	0	0	0	0	0	0	53	0	0	0	0	0	101	0	0	0	0	0	0	0	0	0	0	0	61	0	0	162	0	0	0	39	0	0	16	0	0	0	0	26	0	0	0	0	0	0	0	0	0	0	0	0	0	0	0	0	0	18	0	0	0	0	0	0	0	0	0	0	0	0	0	0	0	0	0	0	0	0	0	0	0	0	0	0	0	0	0	0	0	0	0	24
assemblage-101-100	0	0	0	0	0	0	0	0	0	0	18	0	0	0	0	0	0	0	0	0	0	0	0	0	0	0	0	0	0	43	0	0	0	0	0	0	0	0	0	303	0	0	0	0	0	0	0	0	0	0	0	0	0	0	0	0	0	0	0	0	0	0	0	0	0	120	0	0	0	0	0	0	0	0	0	0	0	0	0	0	0	0	0	0	0	0	0	0	0	0	0	0	0	0	0	0	0	0	0	0	16
assemblage-126-731	0	0	0	0	0	0	0	0	0	0	0	0	0	0	0	0	0	0	0	0	0	207	0	0	0	0	0	0	0	0	0	0	0	27	0	0	4	0	0	0	0	0	0	0	0	0	0	0	0	0	0	0	0	0	0	71	0	0	0	0	0	0	0	0	0	0	0	0	0	0	0	0	0	0	0	0	0	0	0	0	0	0	0	0	0	37	0	0	0	0	0	138	0	0	0	0	0	0	0	0	16
assemblage-212-549	0	37	8	0	0	0	0	0	0	0	0	8	0	230	0	0	0	0	0	0	0	0	25	0	0	0	0	0	0	18	0	0	0	0	0	0	0	0	0	7	0	0	0	0	59	0	0	21	0	0	0	0	0	0	0	0	0	0	0	0	0	0	0	0	17	12	0	0	0	0	0	0	0	0	0	0	0	0	0	0	34	0	0	0	0	0	0	0	0	0	0	0	0	0	0	0	0	0	0	0	24
assemblage-172-731	0	0	0	0	0	0	0	0	0	0	0	0	0	0	0	65	0	0	0	0	0	99	0	0	0	0	0	0	0	0	0	0	0	68	0	0	156	0	0	0	35	0	0	12	0	0	0	0	16	0	0	0	0	0	0	0	0	0	0	0	0	0	0	0	0	0	21	0	0	0	0	0	0	0	0	0	0	0	0	0	0	0	0	0	0	0	0	0	0	0	0	0	0	0	0	0	0	0	0	0	28
assemblage-438-455	0	0	0	22	0	0	0	95	0	0	0	0	0	0	0	0	0	0	0	0	0	0	47	0	0	0	0	0	0	0	0	11	0	0	0	10	0	0	0	72	0	0	0	0	0	0	11	0	0	127	0	0	0	0	0	0	0	6	0	0	0	0	0	0	0	0	0	0	0	0	0	48	0	0	0	0	0	0	0	0	0	0	21	3	0	0	0	0	0	0	0	0	0	0	0	0	0	0	0	0	27
assemblage-335-460	0	13	0	6	8	0	0	21	0	0	0	6	0	7	0	0	0	0	0	0	0	66	16	0	0	0	0	0	0	16	0	0	0	0	0	0	24	0	0	34	0	0	0	0	0	0	0	0	0	41	0	12	0	0	0	135	0	0	0	0	0	0	0	0	0	0	0	0	0	0	0	13	0	0	0	0	0	9	0	0	2	0	6	2	0	0	0	0	11	0	0	0	0	0	0	0	0	11	0	0	41
assemblage-409-641	0	40	8	0	0	0	0	0	0	0	0	9	0	219	0	0	0	0	0	0	0	0	47	0	0	0	0	0	0	20	0	0	0	0	0	0	0	0	0	8	0	0	0	0	71	0	0	16	0	0	0	0	0	0	0	0	0	0	0	0	0	0	0	0	18	7	0	0	0	0	0	0	0	0	0	0	0	0	0	0	25	0	0	0	0	0	0	0	0	0	0	0	0	0	0	0	0	0	0	0	12
assemblage-383-649	0	0	12	0	0	0	35	0	0	0	0	0	0	132	0	0	21	0	0	0	0	0	46	19	0	0	0	0	0	15	0	0	0	0	0	0	0	0	0	16	0	0	0	0	6	0	0	0	0	0	0	0	0	0	0	133	0	0	0	0	0	0	0	0	21	0	0	0	0	0	0	0	12	0	0	0	0	0	0	0	0	0	0	0	0	0	0	0	0	0	0	0	0	0	0	0	6	0	0	0	26
assemblage-370-640	0	0	11	0	0	0	29	0	0	7	0	0	0	125	0	0	11	0	0	0	2	0	54	21	0	0	0	0	0	12	0	0	0	0	0	0	0	0	0	21	0	0	0	0	4	0	0	0	0	0	0	0	0	0	0	142	0	0	0	0	0	0	0	0	22	0	0	0	0	0	0	0	20	0	0	0	0	0	0	0	0	0	0	0	0	0	0	0	0	0	0	0	0	0	0	0	0	0	0	0	19
assemblage-134-644	0	0	0	0	0	0	0	0	0	0	0	11	16	9	0	0	0	0	0	0	0	0	0	0	0	0	0	0	0	0	0	0	0	0	0	0	0	0	0	59	0	0	0	0	0	0	0	0	0	0	0	58	0	0	0	298	0	0	0	5	0	0	0	13	0	0	0	0	0	0	0	6	0	0	0	0	0	0	0	0	0	0	0	0	0	0	0	0	0	0	0	0	0	0	0	0	0	0	0	0	25
assemblage-202-884	0	0	0	0	0	0	0	0	32	0	0	0	0	0	0	0	0	0	0	0	0	37	0	0	0	0	0	86	0	0	0	0	0	34	0	0	0	0	0	0	0	0	0	0	0	0	0	0	39	0	0	0	0	0	0	32	0	0	0	0	0	0	0	0	0	0	0	0	0	0	0	0	0	0	0	0	0	0	0	0	0	0	0	0	19	0	91	0	0	0	75	36	0	0	0	0	0	0	0	0	19
assemblage-395-646	0	0	9	0	0	0	32	0	0	4	0	0	0	119	0	0	18	0	0	0	5	0	50	21	0	0	0	0	0	13	0	0	0	0	0	0	0	0	0	21	0	0	0	0	3	0	0	0	0	0	0	0	0	0	0	140	0	0	0	0	0	0	0	0	23	0	0	0	0	0	0	0	19	0	0	0	0	0	0	0	0	0	0	0	0	0	0	0	0	0	0	0	0	0	0	0	6	0	0	0	17
assemblage-352-620	0	0	0	0	0	0	0	0	0	0	0	0	0	0	0	0	0	0	0	0	0	106	0	0	0	0	0	11	0	0	0	0	0	143	0	0	79	0	0	0	0	0	0	0	0	0	0	0	143	0	0	0	0	0	0	0	0	0	0	0	0	0	0	0	0	0	0	0	0	0	0	0	0	0	0	0	0	0	0	0	0	0	0	0	0	0	0	0	0	0	0	0	0	0	0	0	0	0	0	0	18
assemblage-713-605	0	27	0	0	42	0	0	0	0	0	0	0	0	8	0	0	0	0	0	0	0	0	0	0	0	0	0	0	0	31	0	0	0	0	0	0	67	0	0	0	0	7	0	0	0	0	0	23	0	0	0	0	0	0	0	128	0	0	0	0	0	0	0	0	0	0	0	0	0	0	0	0	0	0	0	0	0	26	0	0	43	0	0	0	0	0	0	0	39	0	0	0	0	0	0	0	0	43	0	0	16
assemblage-804-547	0	0	0	0	0	0	0	0	0	0	0	0	0	0	0	70	0	0	0	0	0	100	0	0	0	0	0	4	0	0	0	0	0	63	0	0	141	0	0	0	38	0	0	13	0	0	0	0	26	0	0	0	0	0	0	0	0	0	0	0	0	0	0	0	0	0	22	0	0	0	0	0	0	0	0	0	0	0	0	0	0	0	0	0	0	0	0	0	0	0	0	0	0	0	0	0	0	0	0	0	23
assemblage-717-605	0	7	0	0	0	0	0	0	0	0	0	8	5	8	0	0	0	0	0	0	0	0	0	0	0	0	0	0	0	0	0	0	0	0	0	0	0	0	0	51	0	0	0	0	0	0	0	0	0	0	0	59	0	0	0	312	0	0	0	10	0	0	0	12	0	0	0	0	0	0	0	10	0	0	0	0	0	0	0	0	0	0	0	0	0	0	0	0	0	0	0	0	0	0	0	0	0	0	0	0	18
assemblage-119-701	0	0	0	6	0	0	0	0	0	0	0	0	0	0	0	0	0	0	0	0	0	138	0	0	0	0	0	0	0	0	0	10	0	0	8	0	168	0	0	0	0	0	0	0	0	0	0	0	0	0	0	0	0	0	0	40	0	0	0	0	0	0	0	0	0	0	0	8	0	0	0	0	0	0	0	0	0	6	0	0	0	0	74	0	0	0	0	0	0	0	0	0	0	0	0	0	0	21	0	0	21
assemblage-354-461	0	5	0	0	0	0	0	0	0	0	0	10	11	8	0	0	0	0	0	0	0	0	0	0	0	0	0	0	0	0	0	0	0	0	0	0	0	0	0	53	0	0	0	0	0	0	0	0	0	0	0	46	0	0	0	305	0	0	0	6	0	0	0	19	0	0	0	0	0	0	0	9	0	0	0	0	0	0	0	0	9	0	0	0	0	0	0	0	0	0	0	0	0	0	0	0	0	0	0	0	19
assemblage-971-830	0	0	0	0	0	0	0	0	0	0	0	0	0	0	0	0	0	0	0	0	0	201	0	0	0	0	0	0	0	0	0	0	8	0	92	0	20	0	0	0	0	0	0	0	0	0	0	0	30	0	0	0	0	0	0	47	11	0	28	0	0	10	0	0	0	0	0	0	0	0	0	8	0	0	0	0	0	28	0	0	0	0	0	0	0	0	0	0	0	0	0	0	0	0	0	0	0	0	0	0	17
assemblage-949-96	0	0	9	0	0	0	37	0	0	6	0	0	0	122	0	0	17	0	0	0	9	0	30	20	0	0	0	0	0	25	0	0	0	0	0	0	0	0	0	25	0	0	0	0	0	0	0	0	0	0	0	0	0	0	0	147	0	0	0	0	0	0	0	0	12	0	0	0	0	0	0	0	14	0	0	0	0	0	0	0	0	0	0	0	0	0	0	8	0	0	0	0	0	0	0	0	3	0	0	0	16
assemblage-465-353	0	0	0	0	0	0	0	0	0	0	0	0	0	0	0	0	0	0	0	0	0	203	0	0	0	0	0	0	0	0	0	0	0	29	0	0	6	0	0	0	0	0	0	0	0	0	0	0	0	0	0	0	0	0	0	66	0	0	0	0	0	0	0	0	0	0	0	0	0	0	0	0	0	8	0	0	0	0	0	0	0	0	0	0	0	28	0	0	0	0	0	150	0	0	0	0	0	0	0	0	10
assemblage-792-544	0	0	0	0	0	0	0	0	0	0	0	0	0	0	0	0	0	0	0	0	0	98	0	0	0	0	0	12	0	0	0	0	0	144	0	0	91	0	0	0	0	0	0	0	0	0	0	0	139	0	0	0	0	0	0	0	0	0	0	0	0	0	0	0	0	0	0	0	0	0	0	0	0	0	0	0	0	0	0	0	0	0	0	0	0	0	0	0	0	0	0	0	0	0	0	0	0	0	0	0	16
assemblage-206-863	0	0	0	0	0	0	0	0	0	0	0	0	0	0	0	0	0	0	0	0	0	91	0	0	0	0	0	10	0	0	0	0	0	148	0	0	106	0	0	0	0	0	0	0	0	0	0	0	132	0	0	0	0	0	0	0	0	0	0	0	0	0	0	0	0	0	0	0	0	0	0	0	0	0	0	0	0	0	0	0	0	0	0	0	0	0	0	0	0	0	0	0	0	0	0	0	0	0	0	0	13
assemblage-572-742	0	0	0	0	0	0	0	0	0	0	0	0	0	0	0	0	0	0	0	0	0	0	0	0	0	0	0	0	0	41	0	0	0	0	0	0	0	0	0	0	0	0	0	0	0	0	0	0	0	0	0	0	25	0	0	0	0	0	0	0	0	0	0	0	0	0	0	0	2	0	0	0	414	0	0	0	0	0	0	0	0	0	0	0	0	0	0	0	0	0	0	0	0	0	0	0	0	0	0	0	18
assemblage-897-633	0	0	0	0	0	0	0	0	0	0	0	0	0	0	0	101	0	0	0	0	0	0	0	0	0	0	0	0	0	0	0	0	0	1	0	0	0	0	0	0	104	0	0	0	0	91	0	0	14	0	30	0	0	0	0	0	0	0	0	0	0	0	0	0	0	0	0	0	0	0	0	0	0	0	0	15	0	0	0	0	0	0	0	0	0	0	0	0	0	0	0	0	38	0	0	73	0	0	0	0	33
assemblage-400-632	0	0	0	0	0	0	0	0	0	0	0	0	0	0	0	0	0	0	0	14	0	0	123	0	0	0	0	0	0	179	0	0	0	0	0	0	0	9	0	20	0	0	0	0	0	0	0	0	0	22	0	0	0	4	0	0	0	0	0	0	0	0	0	0	19	0	0	0	0	0	0	0	7	0	0	0	0	0	0	8	0	0	0	72	0	0	0	0	0	0	0	0	0	0	0	0	0	0	0	0	23
assemblage-341-991	7	0	0	0	0	36	0	0	0	0	0	0	0	0	6	0	0	0	0	0	0	25	0	0	0	21	0	8	0	0	0	0	0	0	0	0	78	0	0	0	0	0	0	0	0	0	0	0	204	0	0	0	0	0	0	0	0	0	0	0	0	0	9	0	0	0	0	0	0	0	0	0	0	0	0	0	0	0	0	0	0	0	0	0	45	0	45	0	0	0	4	0	0	0	0	0	0	0	0	0	12
assemblage-197-892	0	0	0	0	0	0	0	0	0	0	0	0	0	0	0	0	0	0	0	0	0	96	0	0	0	0	0	23	0	0	0	0	0	158	0	0	74	0	0	0	0	0	0	0	0	0	0	0	131	0	0	0	0	0	0	0	0	0	0	0	0	0	0	0	0	0	0	0	0	0	0	0	0	0	0	0	0	0	0	0	0	0	0	0	0	0	0	0	0	0	0	0	0	0	0	0	0	0	0	0	18
assemblage-975-849	0	0	0	0	0	0	0	0	0	0	0	0	0	0	0	0	0	0	0	0	0	199	0	0	0	0	0	0	0	0	0	0	0	10	30	0	53	0	4	0	0	0	0	0	0	0	0	0	13	0	0	0	0	0	0	75	0	0	0	0	0	0	0	0	0	0	0	0	0	0	0	0	0	0	0	0	0	20	0	0	0	0	11	0	0	6	0	0	0	0	0	31	0	0	0	0	0	3	0	0	45
assemblage-118-106	0	0	0	0	0	0	0	0	0	0	11	0	0	0	0	0	0	0	0	0	0	0	0	0	0	0	0	0	0	48	0	0	0	0	0	0	0	0	0	307	0	0	0	0	0	0	0	0	0	0	0	0	0	0	0	0	0	0	0	0	0	0	0	0	0	115	0	0	0	0	0	0	0	0	0	0	0	0	0	0	0	0	0	0	0	0	0	0	0	0	0	0	0	0	0	0	0	0	0	0	19
assemblage-559-744	0	0	0	0	0	0	44	0	0	0	0	0	0	51	0	0	0	0	0	0	0	0	91	0	0	0	0	0	0	16	0	0	0	0	0	0	0	0	0	62	0	0	0	0	17	0	0	0	0	0	0	0	0	0	0	0	0	0	0	0	0	0	0	0	26	34	0	0	0	0	0	0	104	0	0	0	0	0	0	0	0	0	0	0	0	0	0	0	0	0	0	0	0	0	0	0	0	0	20	0	35
assemblage-187-732	0	0	0	0	0	0	0	0	0	0	0	0	0	0	0	0	0	0	0	0	0	105	0	0	0	0	0	10	0	0	0	0	0	168	0	0	79	0	0	0	0	0	0	0	0	0	0	0	124	0	0	0	0	0	0	0	0	0	0	0	0	0	0	0	0	0	0	0	0	0	0	0	0	0	0	0	0	0	0	0	0	0	0	0	0	0	0	0	0	0	0	0	0	0	0	0	0	0	0	0	14
assemblage-955-839	0	0	0	0	0	0	0	0	0	0	0	0	0	0	0	0	0	0	0	0	0	189	0	0	0	0	0	0	6	0	0	0	0	0	36	0	30	0	21	0	0	0	0	0	0	0	0	0	0	0	0	0	0	0	0	122	0	0	0	0	0	0	0	0	0	0	0	0	0	0	0	0	0	0	0	0	0	55	0	0	0	0	0	0	0	0	0	0	0	0	0	0	0	0	0	0	0	7	0	0	34
assemblage-470-366	0	0	0	0	0	0	0	0	0	0	0	0	0	0	0	0	0	0	0	0	0	211	0	0	0	0	0	0	0	0	0	0	11	0	96	0	21	0	0	0	0	0	0	0	0	0	0	0	40	0	0	0	0	0	0	40	8	0	10	0	0	11	0	0	0	0	0	0	0	0	0	16	0	0	0	0	0	13	0	0	0	0	0	0	0	0	0	0	0	0	0	0	0	0	0	0	0	0	0	0	23
assemblage-137-662	0	5	0	0	0	0	0	0	0	0	0	12	2	10	0	0	0	0	0	0	0	0	0	0	0	0	0	0	0	0	0	0	0	0	0	0	0	0	0	53	0	0	0	0	0	0	0	0	0	0	0	55	0	0	0	324	0	0	0	7	0	0	0	14	0	0	0	0	0	0	0	3	0	0	0	0	0	0	0	0	0	0	0	0	0	0	0	0	0	0	0	0	0	0	0	0	0	0	0	0	15
assemblage-359-470	0	4	0	0	0	0	0	0	0	0	0	6	10	8	0	0	0	0	0	0	0	0	0	0	0	0	0	0	0	0	0	0	0	0	0	0	0	0	0	44	0	0	0	0	0	0	0	0	0	0	0	63	0	0	0	311	0	0	0	0	0	0	0	9	0	0	0	0	0	0	0	8	0	0	0	0	0	0	0	0	6	0	0	0	0	0	0	0	0	0	0	0	0	0	0	0	0	0	0	0	31
assemblage-494-173	0	0	0	0	0	0	0	0	0	0	0	0	0	0	0	0	0	0	0	0	0	0	0	0	1	0	0	10	0	0	0	0	0	0	0	0	6	0	0	0	0	0	0	0	0	0	0	0	19	0	0	0	0	0	0	0	0	0	0	0	0	0	0	0	0	0	0	0	0	0	0	0	0	0	0	0	0	0	0	0	0	0	0	0	67	0	0	0	0	4	348	0	0	15	0	0	0	0	0	0	30
assemblage-185-742	0	0	0	0	0	0	0	0	0	0	0	0	0	0	0	45	0	0	0	0	0	99	0	0	0	0	0	0	0	0	0	0	0	67	0	0	170	0	0	0	41	0	0	9	0	0	0	0	33	0	0	0	0	0	0	0	0	0	0	0	0	0	0	0	0	0	16	0	0	0	0	0	0	0	0	0	0	0	0	0	0	0	0	0	0	0	0	0	0	0	0	0	0	0	0	0	0	0	0	0	20
assemblage-594-299	0	0	0	0	0	0	0	0	0	0	0	0	0	0	0	74	0	0	0	0	0	3	0	0	0	0	0	0	0	0	0	0	0	0	0	0	0	0	0	0	113	0	0	0	0	98	0	0	22	0	37	0	0	0	0	0	0	0	0	0	0	0	0	0	0	0	0	0	0	0	0	0	0	0	0	15	0	0	0	0	0	0	0	0	0	0	0	0	0	0	0	0	35	0	0	75	0	0	0	0	28
assemblage-349-530	0	45	8	0	0	0	0	0	0	0	0	10	0	205	0	0	0	0	0	0	0	0	42	0	0	0	0	0	0	19	0	0	0	0	0	0	0	0	0	6	0	0	0	0	62	0	0	16	0	0	0	0	0	0	0	0	0	0	0	0	0	0	0	0	18	7	0	0	0	0	0	0	0	0	0	0	0	0	0	0	37	0	0	0	0	0	0	0	0	0	0	0	0	0	0	0	0	0	0	0	25
assemblage-440-447	0	5	0	0	0	0	0	0	0	0	0	9	13	13	0	0	0	0	0	0	0	0	0	0	0	0	0	0	0	0	0	0	0	0	0	0	0	0	0	50	0	0	0	0	0	0	0	0	0	0	0	48	0	0	0	315	0	0	0	0	0	0	0	13	0	0	0	0	0	0	0	10	0	0	0	0	0	0	0	0	5	0	0	0	0	0	0	0	0	0	0	0	0	0	0	0	0	0	0	0	19
assemblage-441-458	0	0	0	27	0	0	0	88	0	0	0	0	0	0	0	0	0	0	0	0	0	0	36	0	0	0	0	0	0	0	0	11	0	0	0	5	0	0	0	77	0	0	0	0	0	0	10	0	0	128	0	0	0	0	0	0	0	6	0	0	0	0	0	0	0	0	0	0	0	0	0	56	0	0	0	0	0	0	0	0	0	0	23	6	0	0	0	0	0	0	0	0	0	0	0	0	0	0	0	0	27
assemblage-965-839	0	0	0	0	0	0	0	0	0	0	0	0	0	0	0	0	0	0	0	0	0	188	0	0	0	0	0	0	0	0	0	0	0	31	0	0	2	0	0	0	0	0	0	0	0	0	0	0	0	0	0	0	0	0	0	90	0	0	0	0	0	0	0	0	0	0	0	0	0	0	0	0	0	0	0	0	0	0	0	0	0	0	0	0	0	33	0	0	0	0	0	138	0	0	0	0	0	0	0	0	18
assemblage-329-994	0	0	0	0	0	0	0	0	0	0	0	0	0	0	0	0	0	0	0	0	0	0	0	0	9	0	0	3	0	0	0	0	0	0	0	0	8	0	0	0	0	0	0	0	0	0	0	0	12	0	0	0	0	0	0	0	0	0	0	0	0	0	0	0	0	0	0	0	0	0	0	0	0	0	0	0	0	0	0	0	0	0	0	0	81	0	6	0	0	12	339	0	0	17	0	0	0	0	0	0	13
assemblage-960-831	0	0	0	0	0	0	0	0	0	0	0	0	0	0	0	0	0	0	0	0	0	208	0	0	0	0	0	0	0	0	0	0	9	0	121	0	13	0	0	0	0	0	0	0	0	0	0	0	34	0	0	0	0	0	0	38	9	0	12	0	0	8	0	0	0	0	0	0	0	0	0	6	0	0	0	0	0	26	0	0	0	0	0	0	0	0	0	0	0	0	0	0	0	0	0	0	0	0	0	0	16
assemblage-189-892	0	0	0	0	0	0	0	0	0	0	0	0	0	0	0	0	0	6	58	0	0	193	0	0	0	0	0	57	0	0	0	0	0	0	0	0	15	0	0	0	0	0	0	0	0	0	0	0	121	0	0	0	0	0	5	0	0	0	0	0	0	0	23	0	0	0	0	0	0	0	0	0	0	0	0	0	0	0	0	0	0	0	0	0	0	0	0	0	0	0	0	0	0	0	7	0	0	0	0	0	15
assemblage-208-900	0	0	0	0	0	0	0	0	0	0	0	0	0	0	0	56	0	0	0	0	0	119	0	0	0	0	0	4	0	0	0	0	0	77	0	0	135	0	0	0	40	0	0	7	0	0	0	0	23	0	0	0	0	0	0	0	0	0	0	0	0	0	0	0	0	0	19	0	0	0	0	0	0	0	0	0	0	0	0	0	0	0	0	0	0	0	0	0	0	0	0	0	0	0	0	0	0	0	0	0	20
assemblage-959-106	0	0	15	0	0	0	37	0	0	9	0	0	0	119	0	0	19	0	0	0	0	0	41	16	0	0	0	0	0	15	0	0	0	0	0	0	0	0	0	31	0	0	0	0	0	0	0	0	0	0	0	0	0	0	0	126	0	0	0	0	0	0	0	0	15	0	0	0	0	0	0	0	25	0	0	0	0	0	0	0	0	0	0	0	0	0	0	5	0	0	0	0	0	0	0	0	0	0	0	0	27
assemblage-149-670	0	0	0	0	0	0	0	0	0	0	0	12	0	8	0	0	0	0	0	0	0	253	0	0	0	0	0	0	0	17	0	0	0	0	0	0	0	0	0	0	0	0	12	0	0	0	0	0	0	0	0	0	0	0	0	144	0	0	0	0	0	0	0	0	0	0	0	0	0	0	0	0	0	0	0	0	0	0	0	0	0	0	0	15	0	0	0	0	8	0	0	0	0	0	0	0	0	0	0	0	31
assemblage-909-642	0	0	0	0	0	0	0	0	0	0	0	0	0	0	0	0	0	0	0	0	0	0	0	0	9	0	0	5	0	0	0	0	0	0	0	0	7	0	0	0	0	0	0	0	0	0	0	0	27	0	0	0	0	0	0	0	0	0	0	0	0	0	0	0	0	0	0	0	0	0	0	0	0	0	0	0	0	0	0	0	0	0	0	0	68	0	0	0	0	11	338	0	0	17	0	0	0	0	0	0	18
assemblage-821-543	0	0	0	0	0	0	0	0	0	0	0	0	0	0	0	47	0	0	0	0	0	104	0	0	0	0	0	0	0	0	0	0	0	71	0	0	161	0	0	0	40	0	0	15	0	0	0	0	28	0	0	0	0	0	0	0	0	0	0	0	0	0	0	0	0	0	19	0	0	0	0	0	0	0	0	0	0	0	0	0	0	0	0	0	0	0	0	0	0	0	0	0	0	0	0	0	0	0	0	0	15
assemblage-699-602	0	0	0	0	0	0	0	0	0	0	0	7	0	8	0	0	0	0	0	0	0	270	0	0	0	0	0	0	0	17	0	0	0	0	0	0	0	0	0	0	0	0	17	0	0	0	0	0	0	0	0	0	0	0	0	141	0	0	0	0	0	0	0	0	0	0	0	0	0	0	0	0	0	0	0	0	0	0	0	0	0	0	0	11	0	0	0	0	9	0	0	0	0	0	0	0	0	0	0	0	20
assemblage-434-883	0	0	0	0	0	0	0	0	0	0	0	0	0	0	0	0	0	0	0	0	0	206	0	0	0	0	3	0	0	0	0	0	0	0	27	0	35	0	26	0	0	0	0	0	0	0	0	0	0	0	0	0	0	0	0	125	0	0	0	0	0	0	0	0	0	0	0	0	0	0	0	0	0	0	0	0	0	35	0	0	0	0	0	0	0	0	0	0	0	0	0	0	0	0	0	0	0	0	0	0	43
assemblage-182-735	0	0	0	0	0	0	111	0	0	0	0	0	0	234	0	0	0	0	0	0	0	0	6	0	0	0	0	0	0	0	0	0	0	0	0	0	0	0	0	0	0	0	0	0	43	0	0	0	0	0	0	0	0	0	0	0	0	0	0	0	0	0	0	0	0	0	0	0	0	0	0	0	12	0	0	0	0	0	0	0	0	0	0	0	0	0	0	0	0	0	0	0	0	0	0	0	0	0	56	16	22
assemblage-182-734	0	0	0	0	0	0	0	0	7	0	0	0	0	0	0	18	0	0	20	0	0	117	0	0	0	0	0	30	0	0	0	0	0	64	0	0	55	0	0	0	10	0	0	0	0	0	0	0	72	0	0	0	0	0	0	8	0	0	0	0	0	0	0	0	0	0	7	0	0	0	0	0	0	0	0	0	0	0	0	0	0	0	0	0	8	0	27	0	0	0	19	7	0	0	0	0	0	0	0	0	31
assemblage-437-891	0	0	0	0	0	0	0	0	0	0	0	0	0	0	0	0	0	0	0	0	0	214	0	0	0	0	0	0	0	0	0	0	5	0	102	0	20	0	0	0	0	0	0	0	0	0	0	0	34	0	0	0	0	0	0	46	2	0	20	0	0	0	0	0	0	0	0	0	0	0	0	9	0	0	0	0	0	23	0	0	0	0	0	0	0	0	0	0	0	0	0	0	0	0	0	0	0	0	0	0	25
assemblage-454-459	0	0	0	0	0	0	0	0	0	0	0	6	0	3	0	0	0	0	0	0	0	262	0	0	0	0	0	0	0	25	0	0	0	0	0	0	0	0	0	0	0	0	15	0	0	0	0	0	0	0	0	0	0	0	0	136	0	0	0	0	0	0	0	0	0	0	0	0	0	0	0	0	0	0	0	0	0	0	0	0	0	0	0	16	0	0	0	0	8	0	0	0	0	0	0	0	0	0	0	0	29
assemblage-198-560	0	0	0	0	0	0	0	0	0	0	0	54	0	34	0	0	0	0	0	0	0	0	0	0	0	0	0	0	0	0	0	0	0	0	0	0	0	0	0	304	0	0	0	0	14	0	0	0	0	0	0	0	0	0	0	0	0	0	0	0	0	0	0	0	0	10	0	0	0	0	0	0	30	0	0	0	34	0	0	0	0	0	0	0	0	0	0	8	0	0	0	0	0	0	0	0	0	0	0	0	12
assemblage-642-565	0	0	0	0	0	0	9	0	0	0	0	0	0	14	0	0	0	0	0	0	0	0	328	0	0	0	0	0	0	0	3	0	0	0	0	0	0	0	0	0	0	0	0	0	0	0	0	0	0	0	0	0	0	0	0	0	0	0	0	0	0	0	0	0	117	0	0	0	0	0	0	0	0	0	0	0	0	0	0	0	0	5	0	0	0	0	0	0	0	0	0	0	0	0	0	0	0	0	0	0	24
assemblage-696-589	0	0	0	33	0	0	0	103	0	0	0	3	0	0	0	0	0	0	0	0	0	0	47	0	0	0	0	0	0	0	0	10	0	0	0	6	0	0	0	73	0	0	0	0	0	0	10	0	0	138	0	0	0	0	0	0	0	5	0	0	0	0	0	0	0	0	0	0	0	0	0	41	0	0	0	0	0	0	0	0	0	0	13	2	0	0	0	0	0	0	0	0	0	0	0	0	0	0	0	0	16
assemblage-201-724	0	0	0	0	0	0	123	0	0	0	0	0	0	216	0	0	0	0	0	0	0	0	5	0	0	0	0	0	0	0	0	0	0	0	0	0	0	0	0	0	0	0	0	0	48	0	0	0	0	0	0	0	0	0	0	0	0	0	0	0	0	0	0	0	0	0	0	0	0	0	0	0	9	0	0	0	0	0	0	0	0	0	0	0	0	0	0	0	0	0	0	0	0	0	0	0	0	0	63	19	17
assemblage-499-178	0	0	0	0	0	0	0	0	0	0	0	0	0	0	0	272	0	0	0	0	0	0	0	0	0	0	0	0	0	0	0	0	0	72	0	0	83	0	0	0	0	0	0	0	0	0	0	0	14	0	0	0	0	0	0	0	0	0	0	0	0	0	0	0	0	0	0	0	0	0	0	0	0	0	0	0	0	0	0	0	0	0	0	0	9	0	8	0	0	0	24	0	0	0	0	0	0	0	0	0	18
assemblage-361-530	0	11	0	0	0	0	8	0	0	0	0	21	0	83	0	0	0	0	0	0	0	0	54	5	0	0	0	0	0	48	0	0	0	0	0	0	0	0	0	92	0	0	0	0	24	0	0	0	0	0	0	0	0	0	0	41	0	0	0	0	0	0	0	0	9	0	0	0	0	0	0	0	9	0	0	0	14	0	0	0	3	0	0	14	0	0	0	0	0	0	0	0	0	0	0	0	0	0	0	0	64
assemblage-344-625	0	0	0	0	0	0	0	0	36	0	0	0	0	0	0	0	0	0	0	0	0	40	0	0	0	0	0	67	0	0	0	0	0	26	0	0	0	0	0	0	0	0	0	0	0	0	0	0	50	0	0	0	0	0	0	29	0	0	0	0	0	0	0	0	0	0	0	0	0	0	0	0	0	0	0	0	0	0	0	0	0	0	0	0	30	0	93	0	0	0	74	38	0	0	0	0	0	0	0	0	17
assemblage-581-304	14	0	0	0	0	33	0	0	0	0	0	0	0	0	0	0	0	0	0	0	0	20	0	0	0	15	0	13	0	0	0	0	0	0	0	0	93	0	0	0	0	0	0	0	0	0	0	0	195	0	0	0	0	0	0	0	0	0	0	0	0	0	10	0	0	0	0	0	0	0	0	0	0	0	0	0	0	0	0	0	0	0	0	0	38	0	29	0	0	0	5	0	0	0	0	0	0	0	0	0	35
assemblage-361-534	0	0	0	0	0	0	0	0	0	0	0	0	0	0	0	0	0	0	0	9	0	0	124	0	0	0	0	0	0	173	0	0	0	0	0	0	0	4	0	26	0	0	0	0	0	0	0	0	0	20	0	0	0	8	0	0	0	0	0	0	0	0	0	0	18	0	0	0	0	0	0	0	5	0	0	0	0	0	0	4	0	0	0	84	0	0	0	0	0	0	0	0	0	0	0	0	0	0	0	0	25
assemblage-474-199	0	0	0	0	0	0	0	0	0	0	0	0	0	0	0	0	0	0	0	0	0	0	0	0	9	0	0	8	0	0	0	0	0	0	0	0	10	0	0	0	0	0	0	0	0	0	0	0	15	0	0	0	0	0	0	0	0	0	0	0	0	0	0	0	0	0	0	0	0	0	0	0	0	0	0	0	0	0	0	0	0	0	0	0	71	0	6	0	0	9	341	0	0	13	0	0	0	0	0	0	18
assemblage-184-702	0	0	0	0	0	0	0	0	31	0	0	0	0	0	0	0	0	0	0	0	0	54	0	0	0	0	0	76	0	0	0	0	0	23	0	0	0	0	0	0	0	0	0	0	0	0	0	0	42	0	0	0	0	0	0	41	0	0	0	0	0	0	0	0	0	0	0	0	0	0	0	0	0	0	0	0	0	0	0	0	0	0	0	0	22	0	92	0	0	0	78	28	0	0	0	0	0	0	0	0	13
assemblage-620-579	0	0	0	0	0	0	7	0	0	0	0	0	0	21	0	0	0	0	0	0	0	0	316	0	0	0	0	0	0	0	9	0	0	0	0	0	0	0	0	0	0	0	0	0	0	0	0	0	0	0	0	0	0	0	0	0	0	0	0	0	0	0	0	0	124	0	0	0	0	0	0	0	0	0	0	0	0	0	0	0	0	5	0	0	0	0	0	0	0	0	0	0	0	0	0	0	0	0	0	0	18
assemblage-398-656	0	0	0	0	0	0	0	0	0	0	0	0	0	0	0	0	0	0	0	15	0	0	132	0	0	0	0	0	0	176	0	0	0	0	0	0	0	7	0	25	0	0	0	0	0	0	0	0	0	14	0	0	0	0	0	0	0	0	0	0	0	0	0	0	18	0	0	0	0	0	0	0	6	0	0	0	0	0	0	3	0	0	0	73	0	0	0	0	0	0	0	0	0	0	0	0	0	0	0	0	31
assemblage-358-539	0	0	0	0	0	0	0	0	0	0	0	57	0	37	0	0	0	0	0	0	0	0	0	0	0	0	0	0	0	0	0	0	0	0	0	0	0	0	0	305	0	0	0	0	10	0	0	0	0	0	0	0	0	0	0	0	0	0	0	0	0	0	0	0	0	6	0	0	0	0	0	0	12	0	0	0	37	0	0	0	0	0	0	0	0	0	0	14	0	0	0	0	0	0	0	0	0	0	0	0	22
assemblage-785-539	0	0	0	0	0	0	0	0	33	0	0	0	0	0	0	0	0	0	0	0	0	43	0	0	0	0	0	78	0	0	0	0	0	31	0	0	0	0	0	0	0	0	0	0	0	0	0	0	41	0	0	0	0	0	0	34	0	0	0	0	0	0	0	0	0	0	0	0	0	0	0	0	0	0	0	0	0	0	0	0	0	0	0	0	33	0	79	0	0	0	87	26	0	0	0	0	0	0	0	0	15
assemblage-360-456	0	25	0	0	41	0	0	0	0	0	0	0	0	14	0	0	0	0	0	0	0	0	0	0	0	0	0	0	0	37	0	0	0	0	0	0	61	0	0	0	0	5	0	0	0	0	0	16	0	0	0	0	0	0	0	136	0	0	0	0	0	0	0	0	0	0	0	0	0	0	0	0	0	0	0	0	0	33	0	0	22	0	0	0	0	0	0	0	43	0	0	0	0	0	0	0	0	35	0	0	32
assemblage-124-126	0	0	0	0	0	0	0	0	0	0	8	0	0	0	0	0	0	0	0	0	0	0	0	0	0	0	0	0	0	44	0	0	0	0	0	0	0	0	0	303	0	0	0	0	0	0	0	0	0	0	0	0	0	0	0	0	0	0	0	0	0	0	0	0	0	126	0	0	0	0	0	0	0	0	0	0	0	0	0	0	0	0	0	0	0	0	0	0	0	0	0	0	0	0	0	0	0	0	0	0	19
assemblage-430-870	0	0	0	0	0	0	0	0	0	0	0	0	0	0	0	0	0	0	0	0	0	201	0	0	0	0	7	0	7	0	0	0	0	0	32	0	39	0	15	0	0	0	0	0	0	0	0	0	0	0	0	0	0	0	0	114	0	0	0	0	0	0	0	0	0	0	0	0	0	0	0	0	0	0	0	0	0	51	0	0	0	0	0	0	0	0	0	0	0	0	0	0	0	0	0	0	0	9	0	0	25
assemblage-161-722	0	0	0	0	0	0	0	0	46	0	0	0	0	0	0	0	0	0	0	0	0	54	0	0	0	0	0	77	0	0	0	0	0	27	0	0	0	0	0	0	0	0	0	0	0	0	0	0	44	0	0	0	0	0	0	46	0	0	0	0	0	0	0	0	0	0	0	0	0	0	0	0	0	0	0	0	0	0	0	0	0	0	0	0	24	0	73	0	0	0	66	26	0	0	0	0	0	0	0	0	17
assemblage-450-892	0	0	0	0	0	0	0	0	0	0	0	0	0	0	0	0	0	0	0	0	0	179	0	0	0	0	0	0	9	0	0	0	0	0	34	0	39	0	24	0	0	0	0	0	0	0	0	0	0	0	0	0	0	0	0	102	0	0	0	0	0	0	0	0	0	0	0	0	0	0	0	0	0	0	0	0	0	62	0	0	0	0	0	0	0	0	0	0	0	0	0	0	0	0	0	0	0	5	0	0	46
assemblage-359-459	0	32	0	0	39	0	0	0	0	0	0	0	0	13	0	0	0	0	0	0	0	0	0	0	0	0	0	0	0	30	0	0	0	0	0	0	63	0	0	0	0	6	0	0	0	0	0	13	0	0	0	0	0	0	0	143	0	0	0	0	0	0	0	0	0	0	0	0	0	0	0	0	0	0	0	0	0	29	0	0	17	0	0	0	0	0	0	0	58	0	0	0	0	0	0	0	0	34	0	0	23
assemblage-647-581	0	0	0	0	0	0	7	0	0	0	0	0	0	10	0	0	0	0	0	0	0	0	341	0	0	0	0	0	0	0	6	0	0	0	0	0	0	0	0	0	0	0	0	0	0	0	0	0	0	0	0	0	0	0	0	0	0	0	0	0	0	0	0	0	114	0	0	0	0	0	0	0	0	0	0	0	0	0	0	0	0	4	0	0	0	0	0	0	0	0	0	0	0	0	0	0	0	0	0	0	18
assemblage-458-354	0	0	0	0	0	0	0	0	0	0	0	0	0	0	0	0	0	0	0	0	0	226	0	0	0	0	0	0	0	0	0	0	0	38	0	0	7	0	0	0	0	0	0	0	0	0	0	0	0	0	0	0	0	0	0	68	0	0	0	0	0	0	0	0	0	0	0	0	0	0	0	0	0	0	0	0	0	0	0	0	0	0	0	0	0	32	0	0	0	0	0	121	0	0	0	0	0	0	0	0	8
assemblage-945-106	0	0	0	0	0	0	0	0	0	0	0	0	0	0	0	0	0	0	0	11	0	0	120	0	0	0	0	0	0	176	0	0	0	0	0	0	0	11	0	14	0	0	0	0	0	0	0	0	0	17	0	0	0	4	0	0	0	0	0	0	0	0	0	0	11	0	0	0	0	0	0	0	8	0	0	0	0	0	0	10	0	0	0	96	0	0	0	0	0	0	0	0	0	0	0	0	0	0	0	0	22
assemblage-447-458	0	31	0	0	42	0	0	0	0	0	0	0	0	13	0	0	0	0	0	0	0	0	0	0	0	0	0	0	0	35	0	0	0	0	0	0	67	0	0	0	0	2	0	0	0	0	0	19	0	0	0	0	0	0	0	135	0	0	0	0	0	0	0	0	0	0	0	0	0	0	0	0	0	0	0	0	0	19	0	0	31	0	0	0	0	0	0	0	40	0	0	0	0	0	0	0	0	37	0	0	29
assemblage-568-741	0	0	0	0	0	0	0	0	0	0	0	0	0	0	0	0	0	0	0	0	0	0	0	0	0	0	0	0	0	30	0	0	0	0	0	0	0	0	0	0	0	0	0	0	0	0	0	0	0	0	0	0	16	0	0	0	0	0	0	0	0	0	0	0	0	0	0	0	4	0	0	0	426	0	0	0	0	0	0	0	0	0	0	0	0	0	0	0	0	0	0	0	0	0	0	0	0	0	0	0	24
assemblage-98-93	0	0	0	0	0	0	0	0	0	0	11	0	0	0	0	0	0	0	0	0	0	0	0	0	0	0	0	0	0	34	0	0	0	0	0	0	0	0	0	310	0	0	0	0	0	0	0	0	0	0	0	0	0	0	0	0	0	0	0	0	0	0	0	0	0	126	0	0	0	0	0	0	0	0	0	0	0	0	0	0	0	0	0	0	0	0	0	0	0	0	0	0	0	0	0	0	0	0	0	0	19
assemblage-334-1002	14	0	0	0	0	32	0	0	0	0	0	0	0	0	7	0	0	0	0	0	0	33	0	0	0	12	0	13	0	0	0	0	0	0	0	0	79	0	0	0	0	0	0	0	0	0	0	0	171	0	0	0	0	0	0	0	0	0	0	0	0	0	8	0	0	0	0	0	0	0	0	0	0	0	0	0	0	0	0	0	0	0	0	0	48	0	58	0	0	0	10	0	0	0	0	0	0	0	0	0	15
assemblage-943-100	0	0	7	0	0	0	38	0	0	0	0	0	0	127	0	0	13	0	0	0	7	0	33	21	0	0	0	0	0	6	0	0	0	0	0	0	0	0	0	35	0	0	0	0	9	0	0	0	0	0	0	0	0	0	0	138	0	0	0	0	0	0	0	0	26	0	0	0	0	0	0	0	14	0	0	0	0	0	0	0	0	0	0	0	0	0	0	0	0	0	0	0	0	0	0	0	0	0	0	0	26
assemblage-374-457	0	0	0	0	0	0	0	0	0	0	0	11	0	5	0	0	0	0	0	0	0	254	0	0	0	0	0	0	0	8	0	0	0	0	0	0	0	0	0	0	0	0	12	0	0	0	0	0	0	0	0	0	0	0	0	153	0	0	0	0	0	0	0	0	0	0	0	0	0	0	0	0	0	0	0	0	0	0	0	0	0	0	0	19	0	0	0	0	8	0	0	0	0	0	0	0	0	0	0	0	30
assemblage-191-541	0	0	0	0	0	0	0	0	0	0	0	0	0	8	0	0	0	0	0	5	0	0	121	0	0	0	0	0	0	198	0	0	0	0	0	0	0	7	0	19	0	0	0	0	0	0	0	0	0	14	0	0	0	2	0	0	0	0	0	0	0	0	0	0	18	0	0	0	0	0	0	0	7	0	0	0	0	0	0	8	0	0	0	72	0	0	0	0	0	0	0	0	0	0	0	0	0	0	0	0	21
assemblage-335-632	0	0	0	0	0	0	0	0	0	0	0	0	0	0	0	0	0	0	0	0	0	86	0	0	0	0	0	14	0	0	0	0	0	155	0	0	78	0	0	0	0	0	0	0	0	0	0	0	146	0	0	0	0	0	0	0	0	0	0	0	0	0	0	0	0	0	0	0	0	0	0	0	0	0	0	0	0	0	0	0	0	0	0	0	0	0	0	0	0	0	0	0	0	0	0	0	0	0	0	0	21
assemblage-810-549	0	0	0	0	0	0	0	0	0	0	0	0	0	0	0	0	0	12	64	0	0	180	0	0	0	0	0	44	0	0	0	0	0	0	0	0	15	0	0	0	0	0	0	0	0	0	0	0	125	0	0	0	0	0	8	0	0	0	0	0	0	0	19	0	0	0	0	0	0	0	0	0	0	0	0	0	0	0	0	0	0	0	0	0	0	0	0	0	0	0	0	0	0	0	11	0	0	0	0	0	22
assemblage-436-886	0	0	0	8	0	0	0	0	0	0	0	0	0	0	0	0	0	0	0	0	0	167	0	0	0	0	0	0	0	0	0	7	0	0	11	0	153	0	0	0	0	0	0	0	0	0	0	0	0	0	0	0	0	0	0	41	0	0	0	0	0	0	0	0	0	0	0	7	0	0	0	0	0	0	0	0	0	3	0	0	0	0	67	0	0	0	0	0	0	0	0	0	0	0	0	0	0	20	0	0	16
assemblage-440-468	0	0	0	0	0	0	0	0	0	0	0	11	0	0	0	0	0	0	0	0	0	244	0	0	0	0	0	0	0	11	0	0	0	0	0	0	0	0	0	0	0	0	15	0	0	0	0	0	0	0	0	0	0	0	0	154	0	0	0	0	0	0	0	0	0	0	0	0	0	0	0	0	0	0	0	0	0	0	0	0	0	0	0	19	0	0	0	0	12	0	0	0	0	0	0	0	0	0	0	0	34
assemblage-491-185	0	0	0	0	0	0	0	0	0	0	0	0	0	0	0	82	0	0	0	0	0	0	0	0	0	0	0	0	0	0	0	0	0	5	0	0	0	0	0	0	114	0	0	0	0	73	0	0	21	0	37	0	0	0	0	0	0	0	0	0	0	0	0	0	0	0	0	0	0	0	0	0	0	0	0	15	0	0	0	0	0	0	0	0	0	0	0	0	0	0	0	0	40	0	0	85	0	0	0	0	28
assemblage-203-534	0	0	0	0	0	0	0	0	0	0	0	49	0	31	0	0	0	0	0	0	0	0	0	0	0	0	0	0	0	5	0	0	0	0	0	0	0	0	0	306	0	0	0	0	14	0	0	0	0	0	0	0	0	0	0	0	0	0	0	0	0	0	0	0	0	3	0	0	0	0	0	0	28	0	0	0	41	0	0	0	0	0	0	0	0	0	0	14	0	0	0	0	0	0	0	0	0	0	0	0	9
assemblage-301-991	0	0	0	0	0	0	0	0	0	0	0	0	0	0	0	269	0	0	0	0	0	0	0	0	0	0	0	0	0	0	0	0	0	71	0	0	86	0	0	0	0	0	0	0	0	0	0	0	7	0	0	0	0	0	0	0	0	0	0	0	0	0	0	0	0	0	0	0	0	0	7	0	0	0	0	0	0	0	0	0	0	0	0	0	6	0	5	0	0	0	28	0	0	0	0	0	0	0	0	0	21
assemblage-949-847	0	0	0	0	0	0	0	0	0	0	0	0	0	0	0	0	0	0	0	0	0	202	0	0	0	0	0	0	5	0	0	0	0	0	29	0	32	0	26	0	0	0	0	0	0	0	0	0	0	0	0	0	0	0	0	125	0	0	0	0	0	0	0	0	0	0	0	0	0	0	0	0	0	0	0	0	0	43	0	0	0	0	0	0	0	0	0	0	0	0	0	0	0	0	0	0	0	5	0	0	33
assemblage-340-535	0	0	11	0	0	0	34	0	0	4	0	0	0	138	0	0	20	0	0	0	5	0	34	20	0	0	0	0	0	12	0	0	0	0	0	0	0	0	0	27	0	0	0	0	0	0	0	0	0	0	0	0	0	0	0	131	0	0	0	0	0	0	0	0	14	0	0	0	0	0	0	0	19	0	0	0	0	0	0	0	0	0	0	0	0	0	0	0	0	0	0	0	0	0	0	0	4	0	0	0	27
assemblage-445-890	0	0	0	0	0	0	0	0	0	0	0	0	0	0	0	0	0	0	0	0	0	200	0	0	0	0	0	0	0	0	0	0	16	0	114	0	19	0	0	0	0	0	0	0	0	0	0	0	24	0	0	0	0	0	0	54	7	0	19	0	0	7	0	0	0	0	0	0	0	0	0	9	0	0	0	0	0	17	0	0	0	0	0	0	0	0	0	0	0	0	0	0	0	0	0	0	0	0	0	0	14
assemblage-638-585	0	0	0	0	0	0	8	0	0	0	0	0	0	12	0	0	0	0	0	0	0	0	344	0	0	0	0	0	0	0	7	0	0	0	0	0	0	0	0	0	0	0	0	0	0	0	0	0	0	0	0	0	0	0	0	0	0	0	0	0	0	0	0	0	104	0	0	0	0	0	0	0	0	0	0	0	0	0	0	0	0	6	0	0	0	0	0	0	0	0	0	0	0	0	0	0	0	0	0	0	19
assemblage-343-996	0	0	0	0	0	0	0	0	0	0	0	0	0	0	0	286	0	0	0	0	0	0	0	0	0	0	0	0	0	0	0	0	0	49	0	0	76	0	0	0	0	0	0	0	0	0	0	0	12	0	0	0	0	0	0	0	0	0	0	0	0	0	0	0	0	0	0	0	0	0	0	0	0	0	0	0	0	0	0	0	0	0	0	0	10	0	11	0	0	0	29	0	0	0	0	0	0	0	0	0	27
assemblage-955-844	0	0	0	0	0	0	0	0	0	0	0	0	0	0	0	0	0	0	0	0	0	172	0	0	0	0	4	0	0	0	0	0	0	0	36	0	38	0	16	0	0	0	0	0	0	0	0	0	0	0	0	0	0	0	0	137	0	0	0	0	0	0	0	0	0	0	0	0	0	0	0	0	0	0	0	0	0	52	0	0	0	0	0	0	0	0	0	0	0	0	0	0	0	0	0	0	0	13	0	0	32
assemblage-181-736	0	0	0	0	0	0	113	0	0	0	0	0	0	223	0	0	0	0	0	0	0	0	6	0	0	0	0	0	0	0	0	0	0	0	0	0	0	0	0	0	0	0	0	0	53	0	0	0	0	0	0	0	0	0	0	0	0	0	0	0	0	0	0	0	0	10	0	0	0	0	0	0	10	0	0	0	0	0	0	0	0	0	0	0	0	0	0	0	0	0	0	0	0	0	0	0	0	0	55	10	20
assemblage-401-637	0	27	5	0	0	0	0	0	0	0	0	7	0	219	0	0	0	0	0	0	0	0	41	0	0	0	0	0	0	18	0	0	0	0	0	0	0	0	0	4	0	0	0	0	84	0	0	22	0	0	0	0	0	0	0	0	0	0	0	0	0	0	0	0	15	10	0	0	0	0	0	0	0	0	0	0	0	0	0	0	32	0	0	0	0	0	0	0	0	0	0	0	0	0	0	0	0	0	0	0	16
assemblage-181-730	0	0	0	0	0	0	109	0	0	0	0	0	0	209	0	0	0	0	0	0	0	0	9	0	0	0	0	0	0	0	0	0	0	0	0	0	0	0	0	0	0	0	0	0	65	0	0	0	0	0	0	0	0	0	0	0	0	0	0	0	0	0	0	0	0	0	0	0	0	0	0	0	10	0	0	0	0	0	0	0	0	0	0	0	0	0	0	0	0	0	0	0	0	0	0	0	0	0	69	7	22
assemblage-336-984	0	0	0	0	0	0	0	0	0	0	0	0	0	0	0	299	0	0	0	0	0	0	0	0	0	0	0	0	0	0	0	0	0	68	0	0	63	0	0	0	0	0	0	0	0	0	0	0	3	0	0	0	0	0	0	0	0	0	0	0	0	0	0	0	0	0	0	0	0	0	0	0	0	0	0	0	0	0	0	0	0	0	0	0	9	0	8	0	0	0	30	0	0	0	0	0	0	0	0	0	20
assemblage-107-89	0	0	0	0	0	0	0	0	0	0	3	0	0	0	0	0	0	0	0	0	0	0	0	0	0	0	0	0	0	42	0	0	0	0	0	0	0	0	0	321	0	0	0	0	0	0	0	0	0	0	0	0	0	0	0	0	0	0	0	0	0	0	0	0	0	115	0	0	0	0	0	0	0	0	0	0	0	0	0	0	0	0	0	0	0	0	0	0	0	0	0	0	0	0	0	0	0	0	0	0	19
assemblage-639-573	0	0	0	0	0	0	10	0	0	0	0	0	0	7	0	0	0	0	0	0	0	0	324	0	0	0	0	0	0	0	14	0	0	0	0	0	0	0	0	0	0	0	0	0	0	0	0	0	0	0	0	0	0	0	0	0	0	0	0	0	0	0	0	0	121	0	0	0	0	0	0	0	0	0	0	0	0	0	0	0	0	5	0	0	0	0	0	0	0	0	0	0	0	0	0	0	0	0	0	0	19
assemblage-458-363	0	0	0	4	0	0	0	0	0	0	0	0	0	0	0	0	0	0	0	0	0	165	0	0	0	0	0	0	0	0	0	10	0	0	0	0	166	0	0	0	0	0	0	0	0	0	0	0	0	0	0	0	0	0	0	24	0	0	0	0	0	0	0	0	0	0	0	8	0	0	0	0	0	0	0	0	0	8	0	0	0	0	65	0	0	0	0	0	0	0	0	0	0	0	0	0	0	24	0	0	26
assemblage-447-448	0	0	0	0	0	0	0	0	0	0	0	9	0	4	0	0	0	0	0	0	0	269	0	0	0	0	0	0	0	10	0	0	0	0	0	0	0	0	0	0	0	0	11	0	0	0	0	0	0	0	0	0	0	0	0	138	0	0	0	0	0	0	0	0	0	0	0	0	0	0	0	0	0	0	0	0	0	0	0	0	0	0	0	20	0	0	0	0	8	0	0	0	0	0	0	0	0	0	0	0	31
assemblage-110-107	0	0	0	0	0	0	0	0	0	0	8	0	0	0	0	0	0	0	0	0	0	0	0	0	0	0	0	0	0	41	0	0	0	0	0	0	0	0	0	299	0	0	0	0	0	0	0	0	0	0	0	0	0	0	0	0	0	0	0	0	0	0	0	0	0	135	0	0	0	0	0	0	0	0	0	0	0	0	0	0	0	0	0	0	0	0	0	0	0	0	0	0	0	0	0	0	0	0	0	0	17
assemblage-878-628	9	0	0	0	0	20	0	0	0	0	0	0	0	0	12	0	0	0	0	0	0	21	0	0	0	18	0	21	0	0	0	0	0	0	0	0	75	0	0	0	0	0	0	0	0	0	0	0	192	0	0	0	0	0	0	0	0	0	0	0	0	0	15	0	0	0	0	0	0	0	0	0	0	0	0	0	0	0	0	0	0	0	0	0	44	0	44	0	0	0	8	0	0	0	0	0	0	0	0	0	21
assemblage-479-354	0	0	0	0	0	0	0	0	0	0	0	0	0	0	0	0	0	0	0	0	0	207	0	0	0	0	0	0	0	0	0	0	7	0	109	0	28	0	0	0	0	0	0	0	0	0	0	0	28	0	0	0	0	0	0	49	14	0	10	0	0	3	0	0	0	0	0	0	0	0	0	5	0	0	0	0	0	21	0	0	0	0	0	0	0	0	0	0	0	0	0	0	0	0	0	0	0	0	0	0	19
assemblage-116-710	0	0	0	4	0	0	0	0	0	0	0	0	0	0	0	0	0	0	0	0	0	178	0	0	0	0	0	0	0	0	0	8	0	0	4	0	151	0	0	0	0	0	0	0	0	0	0	0	0	0	0	0	0	0	0	42	0	0	0	0	0	0	0	0	0	0	0	6	0	0	0	0	0	0	0	0	0	8	0	0	0	0	51	0	0	0	0	0	0	0	0	0	0	0	0	0	0	18	0	0	30
assemblage-464-890	0	0	0	0	0	0	0	0	0	0	0	0	0	0	0	0	0	0	0	0	0	203	0	0	0	0	0	0	0	0	0	0	8	0	108	0	21	0	0	0	0	0	0	0	0	0	0	0	34	0	0	0	0	0	0	37	2	0	19	0	0	5	0	0	0	0	0	0	0	0	0	5	0	0	0	0	0	31	0	0	0	0	0	0	0	0	0	0	0	0	0	0	0	0	0	0	0	0	0	0	27
assemblage-355-548	0	0	0	0	0	0	0	0	0	0	0	34	0	33	0	0	0	0	0	0	0	0	0	0	0	0	0	0	0	6	0	0	0	0	0	0	0	0	0	305	0	0	0	0	17	0	0	0	0	0	0	0	0	0	0	0	0	0	0	0	0	0	0	0	0	12	0	0	0	0	0	0	24	0	0	0	36	0	0	0	0	0	0	0	0	0	0	14	0	0	0	0	0	0	0	0	0	0	0	0	19
assemblage-359-992	13	0	0	0	0	35	0	0	0	0	0	0	0	0	8	0	0	0	0	0	0	28	0	0	0	12	0	12	0	0	0	0	0	0	0	0	86	0	0	0	0	0	0	0	0	0	0	0	190	0	0	0	0	0	0	0	0	0	0	0	0	0	8	0	0	0	0	0	0	0	0	0	0	0	0	0	0	0	0	0	0	0	0	0	50	0	35	0	0	0	9	0	0	0	0	0	0	0	0	0	14
assemblage-351-637	0	0	0	0	0	0	0	0	0	0	0	0	0	0	0	52	0	0	0	0	0	94	0	0	0	0	0	0	0	0	0	0	0	62	0	0	165	0	0	0	26	0	0	19	0	0	0	0	26	0	0	0	0	0	0	0	0	0	0	0	0	0	0	0	0	0	31	0	0	0	0	0	0	0	0	0	0	0	0	0	0	0	0	0	0	0	0	0	0	0	0	0	0	0	0	0	0	0	0	0	25
assemblage-188-884	0	0	0	0	0	0	0	0	0	0	0	0	0	0	0	0	0	5	61	0	0	168	0	0	0	0	0	47	0	0	0	0	0	0	0	0	13	0	0	0	0	0	0	0	0	0	0	0	143	0	0	0	0	0	7	0	0	0	0	0	0	0	20	0	0	0	0	0	0	0	0	0	0	0	0	0	0	0	0	0	0	0	0	0	0	0	0	0	0	0	0	0	0	0	9	0	0	0	0	0	27
assemblage-704-589	0	8	0	0	0	0	0	0	0	0	0	9	13	9	0	0	0	0	0	0	0	0	0	0	0	0	0	0	0	0	0	0	0	0	0	0	0	0	0	56	0	0	0	0	0	0	0	0	0	0	0	53	0	0	0	292	0	0	0	5	0	0	0	17	0	0	0	0	0	0	0	12	0	0	0	0	0	0	0	0	3	0	0	0	0	0	0	0	0	0	0	0	0	0	0	0	0	0	0	0	23
assemblage-701-591	0	27	0	0	35	0	0	0	0	0	0	0	0	13	0	0	0	0	0	0	0	0	0	0	0	0	0	0	0	37	0	0	0	0	0	0	70	0	0	0	0	7	0	0	0	0	0	15	0	0	0	0	0	0	0	135	0	0	0	0	0	0	0	0	0	0	0	0	0	0	0	0	0	0	0	0	0	31	0	0	23	0	0	0	0	0	0	0	49	0	0	0	0	0	0	0	0	32	0	0	26
assemblage-160-717	0	0	0	0	0	0	0	0	46	0	0	0	0	0	0	0	0	0	0	0	0	44	0	0	0	0	0	76	0	0	0	0	0	29	0	0	0	0	0	0	0	0	0	0	0	0	0	0	56	0	0	0	0	0	0	33	0	0	0	0	0	0	0	0	0	0	0	0	0	0	0	0	0	0	0	0	0	0	0	0	0	0	0	0	33	0	70	0	0	0	80	16	0	0	0	0	0	0	0	0	17
assemblage-629-567	0	0	0	0	0	0	20	0	0	0	0	0	0	10	0	0	0	0	0	0	0	0	304	0	0	0	0	0	0	0	9	0	0	0	0	0	0	0	0	0	0	0	0	0	0	0	0	0	0	0	0	0	0	0	0	0	0	0	0	0	0	0	0	0	129	0	0	0	0	0	0	0	0	0	0	0	0	0	0	0	0	0	0	0	0	0	0	0	0	0	0	0	0	0	0	0	0	0	0	0	28
assemblage-132-660	0	22	0	0	37	0	0	0	0	0	0	0	0	17	0	0	0	0	0	0	0	0	0	0	0	0	0	0	0	41	0	0	0	0	0	0	77	0	0	0	0	4	0	0	0	0	0	17	0	0	0	0	0	0	0	125	0	0	0	0	0	0	0	0	0	0	0	0	0	0	0	0	0	0	0	0	0	26	0	0	22	0	0	0	0	0	0	0	47	0	0	0	0	0	0	0	0	41	0	0	24
assemblage-495-180	0	0	0	0	0	0	0	0	0	0	0	0	0	0	0	0	0	0	0	0	0	0	0	0	5	0	0	5	0	0	0	0	0	0	0	0	9	0	0	0	0	0	0	0	0	0	0	0	13	0	0	0	0	0	0	0	0	0	0	0	0	0	0	0	0	0	0	0	0	0	0	0	0	0	0	0	0	0	0	0	0	0	0	0	73	0	4	0	0	13	359	0	0	11	0	0	0	0	0	0	8
assemblage-902-636	0	0	0	0	0	0	0	0	0	0	0	0	0	0	0	77	0	0	0	0	0	0	0	0	0	0	0	0	0	0	0	0	0	0	0	0	0	0	0	0	107	0	0	0	0	85	0	0	25	0	34	0	0	0	0	0	0	0	0	0	5	0	2	0	0	0	0	0	0	0	0	0	0	0	0	18	0	0	0	0	0	0	0	0	0	0	0	0	0	0	0	0	39	0	0	85	0	0	0	0	23
assemblage-954-100	0	0	0	0	0	0	0	0	0	0	0	0	0	0	0	0	0	0	0	6	0	0	122	0	0	0	0	0	0	181	0	0	0	0	0	0	0	4	0	33	0	0	0	0	0	0	0	0	0	23	0	0	0	0	0	0	0	0	0	0	0	0	0	0	15	0	0	0	0	0	0	0	5	0	0	0	0	0	0	7	0	0	0	73	0	0	0	0	0	0	0	0	0	0	0	0	0	0	0	0	31
assemblage-454-387	0	0	0	0	0	0	0	0	0	0	0	0	0	0	0	0	0	0	0	0	0	213	0	0	0	0	0	0	0	0	0	0	7	0	106	0	18	0	0	0	0	0	0	0	0	0	0	0	28	0	0	0	0	0	0	44	4	0	21	0	0	8	0	0	0	0	0	0	0	0	0	9	0	0	0	0	0	20	0	0	0	0	0	0	0	0	0	0	0	0	0	0	0	0	0	0	0	0	0	0	22
assemblage-186-740	0	0	0	0	0	0	137	0	0	0	0	0	0	195	0	0	0	0	0	0	0	0	8	0	0	0	0	0	0	0	0	0	0	0	0	0	0	0	0	0	0	0	0	0	53	0	0	0	0	0	0	0	0	0	0	0	0	0	0	0	0	0	0	0	0	0	0	0	0	0	0	0	15	0	0	0	0	0	0	0	0	0	0	0	0	0	0	0	0	0	0	0	0	0	0	0	0	0	56	11	25
assemblage-497-171	0	0	0	0	0	0	0	0	0	0	0	0	0	0	0	100	0	0	0	0	0	0	0	0	0	0	0	0	0	0	0	0	0	6	0	0	0	0	0	0	91	0	0	0	0	72	0	0	22	0	30	0	0	0	0	0	0	0	0	0	2	0	0	0	0	0	0	0	0	0	0	0	0	0	0	12	0	0	0	0	0	0	0	0	0	0	0	0	0	0	0	0	45	0	0	95	0	0	0	0	25
assemblage-113-99	0	0	0	0	0	0	0	0	0	0	12	0	0	0	0	0	0	0	0	0	0	0	0	0	0	0	0	0	0	34	0	0	0	0	0	0	0	0	0	321	0	0	0	0	0	0	0	0	0	0	0	0	0	0	0	0	0	0	0	0	0	0	0	0	0	119	0	0	0	0	0	0	0	0	0	0	0	0	0	0	0	0	0	0	0	0	0	0	0	0	0	0	0	0	0	0	0	0	0	0	14
assemblage-186-744	0	0	0	0	0	0	98	0	0	0	0	0	0	230	0	0	0	0	0	0	0	0	11	0	0	0	0	0	0	0	0	0	0	0	0	0	0	0	0	0	0	0	0	0	43	0	0	0	0	0	0	0	0	0	0	0	0	0	0	0	0	0	0	0	0	0	0	0	0	0	0	0	8	0	0	0	0	0	0	0	0	0	0	0	0	0	0	0	0	0	0	0	0	0	0	0	0	0	67	10	33
assemblage-104-700	0	0	0	8	0	0	0	0	0	0	0	0	0	0	0	0	0	0	0	0	0	165	0	0	0	0	0	0	0	0	0	11	0	0	13	0	155	0	0	0	0	0	0	0	0	0	0	0	0	0	0	0	0	0	0	27	0	0	0	0	0	0	0	0	0	0	0	13	0	0	0	0	0	0	0	0	0	3	0	0	0	0	52	0	0	0	0	0	0	0	0	0	0	0	0	0	0	27	0	0	26
assemblage-584-295	0	0	0	0	0	0	0	0	0	0	0	0	0	0	0	271	0	0	0	0	0	0	0	0	0	0	0	0	0	0	0	0	0	76	0	0	77	0	0	0	0	0	0	0	0	0	0	0	11	0	0	0	0	0	0	0	0	0	0	0	0	0	0	0	0	0	0	0	0	0	0	0	0	0	0	0	0	0	3	0	0	0	0	0	6	0	15	0	0	0	14	0	0	0	0	0	0	0	0	0	27
assemblage-635-562	0	0	0	0	0	0	8	0	0	0	0	0	0	11	0	0	0	0	0	0	0	0	325	0	0	0	0	0	0	0	6	0	0	0	0	0	0	0	0	0	0	0	0	0	0	0	0	0	0	0	0	0	0	0	0	0	0	0	0	0	0	0	0	0	122	0	0	0	0	0	0	0	0	0	0	0	0	0	0	0	0	4	0	0	0	0	0	0	0	0	0	0	0	0	0	0	0	0	0	0	24
assemblage-912-636	0	0	0	0	0	0	0	0	0	0	0	0	0	0	0	0	0	0	0	0	0	0	0	0	8	0	0	7	0	0	0	0	0	0	0	0	8	0	0	0	0	0	0	0	0	0	0	0	19	0	0	0	0	0	0	0	0	0	0	0	0	0	0	0	0	0	0	0	0	0	0	0	0	0	0	0	0	0	0	0	0	0	0	0	64	0	8	0	0	9	344	0	0	13	0	0	0	0	0	0	20
assemblage-141-655	0	0	0	27	0	0	0	83	0	0	0	0	0	0	0	0	0	0	0	0	0	0	45	0	0	0	0	0	0	0	0	9	0	0	0	6	0	0	0	76	0	0	0	0	0	0	9	0	0	114	0	0	0	0	0	0	0	12	0	0	0	0	0	0	0	0	0	0	0	0	0	57	0	0	0	0	0	0	0	0	0	0	25	11	0	0	0	0	0	0	0	0	0	0	0	0	0	0	0	0	26
assemblage-946-107	0	34	8	0	0	0	0	0	0	0	0	10	0	228	0	0	0	0	0	0	0	0	40	0	0	0	0	0	0	13	0	0	0	0	0	0	0	0	0	7	0	0	0	0	80	0	0	28	0	0	0	0	0	0	0	0	0	0	0	0	0	0	0	0	9	5	0	0	0	0	0	0	0	0	0	0	0	0	0	0	22	0	0	0	0	0	0	0	0	0	0	0	0	0	0	0	0	0	0	0	16
assemblage-354-624	0	0	0	0	0	0	0	0	0	0	0	0	0	0	0	0	0	11	62	0	0	199	0	0	0	0	0	46	0	0	0	0	0	0	0	0	10	0	0	0	0	0	0	0	0	0	0	0	126	0	0	0	0	0	0	0	0	0	0	0	0	0	12	0	0	0	0	0	0	0	0	0	0	0	0	0	0	0	0	0	0	0	0	0	0	0	0	0	0	0	0	0	0	0	7	0	0	0	0	0	27
assemblage-351-620	0	0	0	0	0	0	0	0	0	0	0	0	0	0	0	0	0	0	0	0	0	116	0	0	0	0	0	11	0	0	0	0	0	140	0	0	92	0	0	0	0	0	0	0	0	0	0	0	123	0	0	0	0	0	0	0	0	0	0	0	0	0	0	0	0	0	0	0	0	0	0	0	0	0	0	0	0	0	0	0	0	0	0	0	0	0	0	0	0	0	0	0	0	0	0	0	0	0	0	0	18
assemblage-561-760	0	0	0	0	0	0	0	0	0	0	0	0	0	0	0	0	0	0	0	0	0	0	0	0	0	0	0	0	0	29	0	0	0	0	0	0	0	0	0	0	0	0	0	0	0	0	0	0	0	0	0	0	17	0	0	0	0	0	0	0	0	0	0	0	0	0	0	0	0	0	0	0	421	0	0	0	0	0	0	0	0	0	0	0	0	0	0	0	0	0	0	0	0	0	0	0	0	0	0	0	33
assemblage-568-284	0	0	0	0	0	0	0	0	0	0	0	0	0	0	0	298	0	0	0	0	0	0	0	0	0	0	0	0	0	0	0	0	0	44	0	0	76	0	0	0	0	0	0	0	0	0	0	0	11	0	0	0	0	0	0	0	0	0	0	0	0	0	0	0	0	0	0	0	0	0	0	0	0	0	0	0	0	0	0	0	0	0	0	0	13	0	7	0	0	0	21	0	0	0	0	0	0	0	0	0	30
assemblage-204-543	0	40	11	0	0	0	0	0	0	0	0	6	0	220	0	0	0	0	0	0	0	0	40	0	0	0	0	0	0	18	0	0	0	0	0	0	0	0	0	8	0	0	0	0	66	0	0	21	0	0	0	0	0	0	0	0	0	0	0	0	0	0	0	0	11	7	0	0	0	0	0	0	0	0	0	0	0	0	0	0	27	0	0	0	0	0	0	0	0	0	0	0	0	0	0	0	0	0	0	0	25
assemblage-571-747	0	0	0	0	0	0	0	0	0	0	0	0	0	0	0	0	0	0	0	0	0	0	0	0	0	0	0	0	0	29	0	0	0	0	0	0	0	0	0	0	0	0	0	0	0	0	0	0	0	0	0	0	11	0	0	0	0	0	0	0	0	0	0	0	0	0	0	0	0	4	0	0	432	0	0	0	0	0	0	0	0	0	0	0	0	0	0	0	0	0	0	0	0	0	0	0	0	0	0	0	24
assemblage-717-582	0	30	0	0	41	0	0	0	0	0	0	0	0	19	0	0	0	0	0	0	0	0	0	0	0	0	0	0	0	31	0	0	0	0	0	0	63	0	0	0	0	5	0	0	0	0	0	14	0	0	0	0	0	0	0	132	0	0	0	0	0	0	0	0	0	0	0	0	0	0	0	0	0	0	0	0	0	29	0	0	31	0	0	0	0	0	0	0	50	0	0	0	0	0	0	0	0	24	0	0	31
assemblage-132-672	0	0	0	0	0	0	0	0	0	0	0	15	0	9	0	0	0	0	0	0	0	274	0	0	0	0	0	0	0	9	0	0	0	0	0	0	0	0	0	0	0	0	14	0	0	0	0	0	0	0	0	0	0	0	0	142	0	0	0	0	0	0	0	0	0	0	0	0	0	0	0	0	0	0	0	0	0	0	0	0	0	0	0	12	0	0	0	0	11	0	0	0	0	0	0	0	0	0	0	0	14
assemblage-586-290	0	0	0	0	0	0	0	0	0	0	0	0	0	0	0	308	0	0	0	0	0	0	0	0	0	0	0	0	0	0	0	0	0	45	0	0	66	0	0	0	0	0	0	0	0	0	0	0	12	0	0	0	0	0	0	0	0	0	0	0	0	0	0	0	0	0	0	0	0	0	0	0	0	0	0	0	0	0	5	0	0	0	0	0	6	0	6	0	0	0	26	0	0	0	0	0	0	0	0	0	26
assemblage-886-643	0	0	0	0	0	19	0	0	0	0	0	0	0	0	0	101	0	0	0	0	0	8	0	0	0	0	0	4	0	0	0	0	0	24	0	0	47	0	0	0	25	0	0	0	0	15	0	0	55	0	10	0	0	0	0	0	0	0	0	0	0	0	0	0	0	0	0	0	0	0	0	0	0	0	0	0	0	0	0	0	0	0	0	0	28	0	10	0	0	0	88	0	10	0	0	17	0	0	0	0	39
assemblage-814-524	0	0	0	0	0	0	0	0	0	0	0	0	0	0	0	0	0	0	0	0	0	102	0	0	0	0	0	12	0	0	0	0	0	165	0	0	80	0	0	0	0	0	0	0	0	0	0	0	123	0	0	0	0	0	0	0	0	0	0	0	0	0	0	0	0	0	0	0	0	0	0	0	0	0	0	0	0	0	0	0	0	0	0	0	0	0	0	0	0	0	0	0	0	0	0	0	0	0	0	0	18
assemblage-500-191	20	0	0	0	0	34	0	0	0	0	0	0	0	0	12	0	0	0	0	0	0	16	0	0	0	16	0	12	0	0	0	0	0	0	0	0	78	0	0	0	0	0	0	0	0	0	0	0	191	0	0	0	0	0	0	0	0	0	0	0	0	0	8	0	0	0	0	0	0	0	0	0	0	0	0	0	0	0	0	0	0	0	0	0	42	0	49	0	0	0	7	0	0	0	0	0	0	0	0	0	15
assemblage-551-760	0	0	0	0	0	0	0	0	0	0	0	0	0	0	0	0	0	0	0	0	0	0	0	0	0	0	0	0	0	37	0	0	0	0	0	0	0	0	0	0	0	0	0	0	0	0	0	0	0	0	0	0	27	0	0	0	0	0	0	0	0	0	0	0	0	0	0	0	0	0	0	0	406	0	0	0	0	0	0	0	0	0	0	0	0	0	0	0	0	0	0	0	0	0	0	0	0	0	0	0	30
assemblage-461-351	0	0	0	0	0	0	0	0	0	0	0	0	0	0	0	0	0	0	0	0	0	188	0	0	0	0	5	0	8	0	0	0	0	0	29	0	38	0	21	0	0	0	0	0	0	0	0	0	0	0	0	0	0	0	0	112	0	0	0	0	0	0	0	0	0	0	0	0	0	0	0	0	0	0	0	0	0	66	0	0	0	0	0	0	0	0	0	0	0	0	0	0	0	0	0	0	0	4	0	0	29
assemblage-617-571	0	0	0	0	0	0	9	0	0	0	0	0	0	9	0	0	0	0	0	0	0	0	330	0	0	0	0	0	0	0	6	0	0	0	0	0	0	0	0	0	0	0	0	0	0	0	0	0	0	0	0	0	0	0	0	0	0	0	0	0	0	0	0	0	118	0	0	0	0	0	0	0	0	0	0	0	0	0	0	0	0	0	0	0	0	0	0	0	0	0	0	0	0	0	0	0	0	0	0	0	28
assemblage-963-853	0	0	0	0	0	0	0	0	0	0	0	0	0	0	0	0	0	0	0	0	0	225	0	0	0	0	0	0	0	0	0	0	0	36	0	0	5	0	0	0	0	0	0	0	0	0	0	0	0	0	0	0	0	0	0	45	0	0	0	0	0	0	0	0	0	0	0	0	0	0	0	0	0	0	0	0	0	0	0	0	0	0	0	0	0	42	0	0	0	0	0	133	0	0	0	0	0	0	0	0	14
assemblage-176-717	0	0	0	0	0	0	125	0	0	0	0	0	0	187	0	0	0	0	0	0	0	0	5	0	0	0	0	0	0	0	0	0	0	0	0	0	0	0	0	0	0	0	0	0	39	0	0	0	0	0	0	0	0	0	0	0	0	0	0	0	0	0	0	0	0	7	0	0	0	0	0	0	11	0	0	0	0	0	0	0	0	0	0	0	0	0	0	0	0	0	0	0	0	0	0	0	0	0	83	17	26
assemblage-341-620	0	0	0	0	0	0	0	0	27	0	0	0	0	0	0	0	0	0	0	0	0	64	0	0	0	0	0	86	0	0	0	0	0	20	0	0	0	0	0	0	0	0	0	0	0	0	0	0	41	0	0	0	0	0	0	27	0	0	0	0	0	0	0	0	0	0	0	0	0	0	0	0	0	0	0	0	0	0	0	0	0	0	0	0	22	0	88	0	0	0	78	34	0	0	0	0	0	0	0	0	13
assemblage-98-716	0	0	0	0	0	0	0	0	0	0	0	0	0	0	0	0	0	0	0	0	0	202	0	0	0	0	7	0	0	0	0	0	0	0	39	0	32	0	11	0	0	0	0	0	0	0	0	0	0	0	0	0	0	0	0	110	0	0	0	0	0	0	0	0	0	0	0	0	0	0	0	0	0	0	0	0	0	66	0	0	0	0	0	0	0	0	0	0	0	0	0	0	0	0	0	0	0	9	0	0	24
assemblage-491-189	0	0	0	0	0	0	0	0	0	0	0	0	0	0	0	0	0	0	0	0	0	0	0	0	6	0	0	0	0	0	0	0	0	0	0	0	13	0	0	0	0	0	0	0	0	0	0	0	15	0	0	0	0	0	0	0	0	0	0	0	0	0	0	0	0	0	0	0	0	0	0	0	0	0	0	0	0	0	0	0	0	0	0	0	62	0	0	0	0	8	358	0	0	15	0	0	0	0	0	0	23
assemblage-197-734	0	0	0	0	0	0	139	0	0	0	0	0	0	202	0	0	0	0	0	0	0	0	6	0	0	0	0	0	0	0	0	0	0	0	0	0	0	0	0	0	0	0	0	0	51	0	0	0	0	0	0	0	0	0	0	0	0	0	0	0	0	0	0	0	0	8	0	0	0	0	0	0	9	0	0	0	0	0	0	0	0	0	0	0	0	0	0	0	0	0	0	0	0	0	0	0	0	0	57	11	17
assemblage-397-645	0	0	0	0	0	0	0	0	0	0	0	0	0	0	0	0	0	0	0	5	0	0	125	0	0	0	0	0	0	170	0	0	0	0	0	0	0	6	0	24	0	0	0	0	0	0	0	0	0	13	0	0	0	6	0	0	0	0	0	0	0	0	0	0	24	0	0	0	0	0	0	0	11	0	0	0	0	0	0	7	0	0	0	83	0	0	0	0	0	0	0	0	0	0	0	0	0	0	0	0	26
assemblage-81-711	0	0	0	7	0	0	0	0	0	0	0	0	0	0	0	0	0	0	0	0	0	155	0	0	0	0	0	0	0	0	0	11	0	0	9	0	176	0	0	0	0	0	0	0	0	0	0	0	0	0	0	0	0	0	0	34	0	0	0	0	0	0	0	0	0	0	0	6	0	0	0	0	0	0	0	0	0	8	0	0	0	0	58	0	0	0	0	0	0	0	0	0	0	0	0	0	0	16	0	0	20
assemblage-584-751	0	0	0	0	0	0	0	0	0	0	0	0	0	0	0	0	0	0	0	0	0	0	0	0	0	0	0	0	0	25	0	0	0	0	0	0	0	0	0	0	0	0	0	0	0	0	0	0	0	0	0	0	23	0	0	0	0	0	0	0	0	0	0	0	0	0	0	0	0	7	0	0	418	0	0	0	0	0	0	0	0	0	0	0	0	0	0	0	0	0	0	0	0	0	0	0	0	0	0	0	27
assemblage-957-88	0	0	0	0	0	0	0	0	0	0	0	42	0	48	0	0	0	0	0	0	0	0	0	0	0	0	0	0	0	0	0	0	0	0	0	0	0	0	0	291	0	0	0	0	17	0	0	0	0	0	0	0	0	0	0	0	0	0	0	0	0	0	0	0	0	4	0	0	0	0	0	0	27	0	0	0	40	0	0	0	0	0	0	0	0	0	0	21	0	0	0	0	0	0	0	0	0	0	0	0	10
assemblage-201-563	0	39	0	0	0	0	0	0	0	0	0	11	0	225	0	0	0	0	0	0	0	0	53	0	0	0	0	0	0	13	0	0	0	0	0	0	0	0	0	9	0	0	0	0	63	0	0	24	0	0	0	0	0	0	0	0	0	0	0	0	0	0	0	0	8	3	0	0	0	0	0	0	0	0	0	0	0	0	0	0	30	0	0	0	0	0	0	0	0	0	0	0	0	0	0	0	0	0	0	0	22
assemblage-122-674	0	40	0	0	48	0	0	0	0	0	0	0	0	13	0	0	0	0	0	0	0	0	0	0	0	0	0	0	0	29	0	0	0	0	0	0	72	0	0	0	0	0	0	0	0	0	0	18	0	0	0	0	0	0	0	133	0	0	0	0	0	0	0	0	0	0	0	0	0	0	0	0	0	0	0	0	0	30	0	0	25	0	0	0	0	0	0	0	41	0	0	0	0	0	0	0	0	29	0	0	22
assemblage-347-619	0	0	0	0	0	0	0	0	0	0	0	0	0	0	0	0	0	11	75	0	0	193	0	0	0	0	0	34	0	0	0	0	0	0	0	0	11	0	0	0	0	0	0	0	0	0	0	0	130	0	0	0	0	0	7	0	0	0	0	0	0	0	12	0	0	0	0	0	0	0	0	0	0	0	0	0	0	0	0	0	0	0	0	0	0	0	0	0	0	0	0	0	0	0	4	0	0	0	0	0	23
