Assemblage_Name	1-8772565-4	3-9738923-2	1-2176130-4	1-0-3400917	1890867-4-3422396	1-3649699-762503	1-0-4	1890867-7754903-7907793	1-3426791-4	1-0-987376	4-2-0	4-1-4	3631004-9738923-2	9999348-0-2	511657-4-2	1890867-4-2	5599119-0-2	2-2-4	1-0-8918043	1-0-4897039	1-0-501937	1-1865682-4	1-7818127-4	1-0-9508602	4-0-2	4-0-4	1-3729803-4	1-8721300-4	1-5092109-4	1890867-4-4671124	1-8721300-2498547	6491832-0-2	8856233-1576151-2	1-8048064-4	8856233-4-2	4-2052839-2	1-3966171-4	6044532-0-4	6871187-3649699-762503	1-0-5802458	1890867-3192141-7907793	2-0-0	1890867-4-7907793	1-8244117-4	1-8902268-4	4-2-4	0-3-1	700853-8902268-4	1-6566005-762503	6752932-4-2	2-0-9131800	1-0-9693754	5698442-3426791-4	1890867-8971647-2	1-0-1009823	1-0-3425565	3-4-5994303	2184408-2-4	3-4-2	7043296-3426791-4	1890867-4-927599	1-3037676-4244889	4-4236323-2	4-0-7520968	1-0-762503	6871187-271076-762503	752802-4-2	5770682-0-4	8047683-0-2
assemblage-242-906	0	0	0	0	0	0	0	0	0	0	0	0	0	0	0	105	0	0	0	0	0	0	0	0	41	0	0	0	0	0	0	0	0	0	0	0	0	0	0	0	0	0	286	0	0	0	0	0	0	0	0	0	0	23	0	0	0	0	27	0	0	0	0	0	0	0	0	0	18
assemblage-207-883	0	0	0	0	0	0	0	0	0	0	0	0	0	0	0	157	0	0	0	0	0	0	0	0	180	0	0	0	0	86	0	0	0	0	0	0	0	0	0	0	0	0	4	0	0	0	0	0	0	32	0	0	0	0	0	0	0	0	35	0	0	0	0	0	0	0	0	0	6
assemblage-874-244	0	0	0	0	0	0	93	0	0	0	0	0	0	0	0	26	5	0	0	0	0	0	0	0	301	0	0	0	0	0	0	0	0	0	0	0	0	0	0	0	0	0	0	0	0	0	0	0	0	0	0	0	0	0	0	0	0	0	62	0	0	0	0	7	0	0	0	0	6
assemblage-316-815	0	0	0	0	0	0	396	0	0	0	0	0	0	0	0	0	0	0	0	0	0	5	0	0	0	0	0	0	0	0	0	0	0	0	0	0	0	0	0	0	0	20	0	0	0	23	8	0	0	0	17	0	0	0	0	0	0	7	6	0	0	0	0	0	0	0	0	0	18
assemblage-227-897	0	0	30	0	0	0	219	0	0	0	0	0	0	0	0	77	0	0	0	0	0	0	0	0	107	0	0	0	0	0	0	0	0	0	0	0	0	0	0	0	0	0	0	0	0	0	0	0	0	9	0	0	0	0	0	0	0	0	35	0	0	0	0	0	0	0	0	0	23
assemblage-811-660	0	0	0	0	0	0	43	0	0	3	0	0	0	0	0	5	0	0	0	0	0	0	0	0	0	0	0	0	0	114	0	0	0	0	29	0	0	0	0	0	114	0	0	0	0	0	0	0	0	0	0	0	0	0	0	168	0	0	0	0	0	0	0	0	0	0	0	0	24
assemblage-380-885	0	0	0	0	0	0	98	0	0	0	0	57	0	0	0	0	0	0	0	0	0	0	0	0	205	0	0	0	0	0	0	0	0	0	0	0	0	0	0	0	0	0	0	0	0	89	0	0	0	0	0	0	0	0	0	0	0	0	43	0	0	0	0	0	0	0	0	0	8
assemblage-721-259	0	0	0	0	0	0	404	0	0	0	0	0	0	0	0	0	0	0	0	0	0	0	0	0	0	0	0	0	0	0	0	0	0	0	0	0	0	0	0	13	0	0	16	9	0	0	0	0	0	0	0	0	0	0	23	9	0	0	0	0	0	0	0	0	11	0	0	0	15
assemblage-583-198	0	10	0	0	0	0	22	0	0	0	4	0	10	14	0	0	0	0	0	0	0	0	0	0	410	0	0	0	0	0	0	0	0	0	0	3	0	0	0	0	0	0	0	0	0	8	8	0	0	0	0	0	0	0	0	0	0	0	0	0	0	0	0	0	0	0	0	0	11
assemblage-563-186	0	8	0	0	0	0	34	0	0	0	19	0	6	12	0	0	0	0	0	0	0	0	0	0	383	0	0	0	0	0	0	0	0	0	0	0	0	0	0	0	0	0	0	0	0	12	7	0	0	0	0	0	0	0	0	0	0	0	0	0	0	0	0	0	0	0	0	6	13
assemblage-875-237	0	0	0	0	0	0	80	0	0	0	0	0	0	0	10	0	0	0	0	0	0	0	0	43	142	0	0	0	0	0	0	0	0	0	0	0	0	0	0	0	0	0	0	0	0	0	0	0	0	8	0	0	0	0	0	0	0	0	214	0	0	0	0	0	0	0	0	0	3
assemblage-650-253	0	0	0	0	0	0	8	0	297	0	0	0	0	0	0	0	0	0	0	0	0	0	0	0	0	0	0	0	0	0	0	0	0	0	0	0	0	0	0	38	0	0	26	0	0	0	0	0	0	0	0	0	6	0	0	61	0	0	0	48	0	0	0	0	0	0	0	0	16
assemblage-454-511	0	0	0	0	0	0	80	0	0	0	0	0	0	0	0	0	0	0	0	0	0	0	0	39	145	0	0	0	0	0	0	0	0	0	0	0	0	0	0	0	0	0	0	0	0	0	0	0	0	10	0	0	0	0	0	0	0	0	211	0	0	0	0	0	0	0	0	0	15
assemblage-316-477	0	0	0	0	0	0	5	0	305	0	0	0	0	0	0	0	0	0	0	0	0	0	0	0	0	0	0	0	0	0	0	0	0	0	0	0	0	0	0	35	0	0	29	0	0	0	0	0	0	0	0	0	7	0	0	52	0	0	0	55	0	0	0	0	0	0	0	0	12
assemblage-745-569	0	0	0	0	0	0	405	0	4	0	0	0	0	0	0	0	0	0	0	0	0	0	0	0	0	0	0	0	0	0	0	0	0	0	0	0	0	0	0	10	0	0	0	18	0	0	0	0	0	0	0	0	0	0	23	12	0	0	0	0	0	0	0	0	14	0	0	0	14
assemblage-745-595	0	0	0	0	0	152	157	0	0	0	0	0	0	0	0	0	0	0	0	0	0	0	0	0	0	0	0	0	0	0	0	0	0	0	15	0	0	0	10	7	0	0	14	0	0	0	0	0	20	0	0	0	0	0	0	99	0	0	0	0	0	0	0	0	10	9	0	0	7
assemblage-626-532	0	0	0	0	0	0	33	15	0	0	0	0	0	0	0	0	0	0	0	0	0	0	0	0	0	0	0	0	0	0	0	0	0	0	0	0	0	0	0	363	0	0	33	0	0	0	0	0	0	0	0	33	0	0	0	5	0	0	0	0	0	0	0	0	0	0	0	0	18
assemblage-601-535	0	0	0	0	0	0	5	0	305	0	0	0	0	0	0	0	0	0	0	0	0	0	0	0	0	0	0	0	0	0	0	0	0	0	0	0	0	0	0	35	0	0	24	0	0	0	0	0	0	0	0	0	4	0	0	62	0	0	0	50	0	0	0	0	0	0	0	0	15
assemblage-388-886	0	0	0	0	0	0	107	0	0	0	0	50	0	0	0	0	0	0	0	0	0	0	0	0	197	0	0	0	0	0	0	0	0	0	0	0	0	0	0	0	0	0	0	0	0	90	0	0	0	0	0	0	0	0	0	0	0	0	38	0	0	0	0	0	0	0	0	0	18
assemblage-712-246	0	0	0	0	0	0	412	0	0	0	0	0	0	0	0	0	0	0	0	7	12	0	0	0	0	0	0	4	0	0	0	0	0	0	0	0	0	3	0	0	11	0	0	0	31	0	0	0	0	0	0	0	0	0	0	4	0	0	0	0	0	0	0	0	0	0	0	0	16
assemblage-845-245	0	0	0	0	0	0	28	0	13	0	0	0	0	0	0	0	0	0	11	0	0	0	0	0	0	0	0	0	0	0	0	0	0	0	0	0	0	0	0	399	0	0	11	0	13	0	0	0	0	0	0	0	0	0	0	12	0	0	0	0	0	0	0	0	0	0	0	0	13
assemblage-886-639	0	0	0	0	0	180	139	0	0	0	0	0	0	0	0	0	0	0	0	0	0	0	0	0	0	0	0	0	0	0	0	0	0	0	0	0	0	0	11	0	0	0	10	0	0	0	0	0	16	0	0	0	0	0	0	105	0	0	0	0	0	0	0	0	9	8	0	0	22
assemblage-625-397	0	0	0	0	0	0	0	0	0	0	0	0	0	0	0	133	0	0	0	0	0	0	0	0	180	0	0	0	0	79	0	0	0	0	0	0	0	0	0	0	0	0	12	0	0	0	0	0	0	31	0	0	0	0	0	0	0	0	54	0	0	0	0	0	0	0	0	0	11
assemblage-567-203	0	7	0	0	0	0	30	0	0	0	9	0	11	13	0	0	0	0	0	0	0	0	0	0	393	0	0	0	0	0	0	0	0	0	0	0	0	0	0	0	0	0	0	0	0	0	7	0	0	0	0	0	0	0	0	0	0	0	4	0	0	0	0	0	0	0	0	8	18
