Assemblage_Name	4-6322689-1648284	3-1371646-2440868	4-1686387-3	4-4113590-9810541	455553-1823486-9111588	8742938-8110583-546278	9064139-3-2	4-9684261-9644985	3-1371646-1077073	8742938-8157002-2	4-8067198-118406	8742938-8110583-2422311	4-1-6605515	2-1-2734258	4-1-51463	3-4503909-3	4793274-1-118406	4846593-1823486-9644985	4-2867794-118406	4-1-4790127	2-1168993-1	2-1-1	4-1823486-905291	4301366-8110583-2	5718838-1823486-9644985	8742938-3301708-2	4-5571643-665440	4-1-8772345	4-1216903-6277804	8742938-8110583-1435664	4-1-316590	4-3734994-9644985	8742938-8110583-2320253	0-4-2	4-7789904-9644985	4-1823486-5468015	2633389-1823486-9644985	2567359-1-6605515	4-1-9644985	4-814437-2	8111415-8110583-2	4-1823486-1269711	1812710-8110583-2	4-1-5635388	4-7789904-3018108	4-1-1196825	4-1823486-9644985	2-1-6543191	1513429-1823486-9644985	4-1-118406	5885079-8110583-2	2366716-1-118406	8742938-8110583-2	2-3-2	5830465-1-6543191	4-2097715-118406	4-647113-7102275	343445-3-2	1-3-1539752	4-647113-3	4-6516764-118406	7920179-8110583-2	6013422-1823486-9644985	4-4473010-9644985	4-8000526-4790127	4-1-3163702	6437813-1-118406	0-2-1	1-3-2	4-1823486-4380486	8742938-8110583-341008	4-2359876-9644985	4-5038020-118406	4-1-6312871	6492197-1823486-9644985	1-7555520-2	4-6322689-118406	4-7504282-665440	751429-3-2	4318633-3-2	8742938-2158233-2	4-1-2	4-2359876-8838849	1-2240877-2	4-1823486-6424320	4-1783783-9810541	4-4691179-2	1-8589247-2	8742938-1-2	751429-4400113-2	4-8648284-9810541	8742938-8110583-8703149	4-3670259-9644985	4-6484201-9644985	4-3732817-9644985	4-1783783-9644985	8742938-8835726-2	4-2097715-976703
assemblage-623-528	0	0	0	17	8	0	0	0	0	0	0	0	6	0	0	0	0	0	0	0	0	0	0	0	0	0	0	0	0	0	0	0	0	0	0	8	0	0	0	0	0	0	0	0	0	0	244	0	0	0	0	0	114	0	0	0	0	0	0	0	0	0	0	0	0	0	0	0	0	0	12	7	0	0	0	0	0	0	0	0	6	0	0	0	0	51	0	0	0	0	18	0	0	0	0	0	0	9
assemblage-561-976	0	0	0	0	0	0	0	0	0	0	0	0	0	0	0	0	0	0	0	221	0	0	0	0	0	0	0	0	0	0	0	0	0	0	0	0	0	0	83	0	0	0	0	0	0	0	0	0	0	0	0	0	0	0	0	0	0	0	0	0	0	0	0	0	0	5	0	0	86	0	0	0	0	0	0	0	0	0	0	0	0	81	0	0	0	0	0	4	0	0	0	0	0	0	0	0	0	20
assemblage-879-628	0	0	0	0	0	0	0	0	0	0	0	0	59	0	0	0	0	0	0	0	0	0	0	0	0	0	0	0	0	0	0	0	0	0	0	0	0	21	0	0	6	0	0	0	0	0	247	0	5	0	0	0	123	0	0	0	0	0	0	0	0	0	0	0	0	0	0	0	0	0	0	0	0	0	0	0	0	0	0	0	0	0	0	0	0	11	0	0	0	0	0	0	0	0	0	0	0	28
assemblage-721-243	0	0	0	0	0	0	0	6	0	0	0	0	123	0	0	0	0	0	0	0	0	0	0	0	0	0	0	8	0	0	0	14	0	0	0	0	0	0	0	0	0	0	0	0	0	0	182	0	0	0	0	0	7	0	0	0	0	0	0	0	0	0	0	135	0	0	0	0	0	0	0	20	0	0	0	0	0	0	0	0	0	0	0	0	0	0	0	0	0	0	0	0	0	0	0	0	0	5
assemblage-442-528	0	0	0	0	0	0	0	0	0	0	0	0	0	0	0	0	0	0	0	0	0	106	0	0	0	0	0	0	0	0	0	0	0	0	0	0	0	0	0	0	0	0	0	0	0	0	0	0	0	45	0	0	0	0	0	0	0	0	13	0	0	0	0	0	0	0	0	0	17	0	0	0	0	0	0	0	0	0	0	0	0	289	0	0	0	0	0	0	0	0	0	0	0	0	0	0	0	30
assemblage-647-642	0	0	0	0	0	0	0	0	0	0	0	0	0	0	0	0	0	0	0	0	0	21	0	0	0	0	0	0	0	0	0	0	0	9	0	0	0	0	0	0	0	0	0	0	0	0	0	0	0	0	0	0	0	0	0	0	0	0	0	0	0	0	0	0	0	0	0	9	7	0	0	0	0	0	0	0	0	0	0	0	0	437	0	0	0	0	0	0	0	0	0	0	0	0	0	0	0	17
assemblage-831-260	0	0	0	8	18	0	0	0	0	0	0	0	9	0	0	0	0	0	0	0	0	0	0	0	0	0	0	0	0	0	0	0	0	0	0	5	0	0	0	0	0	0	0	0	0	0	225	0	0	0	0	0	108	0	0	0	0	0	0	0	0	0	0	0	0	0	0	0	0	0	0	0	0	0	0	0	0	0	0	0	0	0	0	0	0	71	0	0	0	0	30	0	0	0	0	0	0	26
assemblage-822-248	0	0	0	0	0	0	0	0	0	0	0	0	0	0	0	0	0	0	0	0	0	0	0	0	0	0	0	0	0	0	0	0	0	0	0	0	0	0	0	0	0	0	0	0	0	0	308	0	0	0	0	0	163	0	0	0	0	0	0	0	0	0	0	0	0	0	0	0	0	0	0	0	0	0	0	0	0	0	0	0	0	0	0	0	0	0	0	0	0	0	0	0	0	0	0	0	0	29
assemblage-302-608	0	0	0	0	0	0	0	0	0	0	0	0	119	0	0	0	0	0	0	0	0	0	0	0	0	0	0	0	0	19	0	0	0	0	0	0	34	0	0	0	0	0	0	0	0	0	233	0	0	17	0	0	30	0	0	0	0	0	0	0	12	0	0	0	0	0	0	0	0	10	0	0	0	0	0	0	0	0	0	0	0	0	0	0	0	0	0	0	0	0	0	0	0	0	0	0	0	26
assemblage-650-253	0	0	0	0	0	0	0	0	0	0	0	0	14	0	0	0	0	0	0	0	0	0	0	0	0	0	0	0	0	0	0	0	0	0	0	0	0	0	0	0	0	0	0	0	0	0	17	0	0	0	0	0	46	0	0	0	0	0	0	0	0	0	0	24	0	0	0	0	0	0	0	347	0	0	0	0	0	0	0	0	0	0	25	0	0	8	0	0	0	0	0	0	0	0	0	0	0	19
assemblage-869-356	0	0	0	0	0	0	0	0	0	0	0	0	36	0	0	0	0	0	0	0	0	0	0	0	0	0	0	0	0	1	0	0	0	0	0	0	6	0	0	0	0	0	10	0	0	0	203	0	0	24	7	0	138	0	0	21	0	0	0	0	0	0	0	0	0	0	0	0	0	0	0	0	0	0	0	0	0	0	0	0	0	0	0	0	0	0	0	0	0	0	0	21	0	0	0	0	11	22
assemblage-306-834	0	0	0	0	0	0	0	0	4	0	0	0	0	12	0	0	0	0	0	0	0	364	0	0	0	0	0	0	0	0	0	0	0	0	0	0	0	0	0	0	0	0	0	0	0	0	0	0	0	0	0	0	0	0	0	0	0	0	0	0	0	0	0	0	0	0	0	0	27	0	0	0	0	0	0	14	0	0	0	0	0	66	0	0	0	0	0	0	0	0	0	0	0	0	0	0	0	13
assemblage-554-200	0	0	0	0	0	0	14	0	0	0	0	0	0	0	0	17	0	0	0	0	0	0	0	0	0	0	0	0	0	0	0	0	0	0	0	0	0	0	0	6	0	0	0	0	0	0	0	0	0	0	0	0	0	49	0	0	0	0	0	3	0	0	0	0	0	0	0	0	246	0	0	0	0	0	0	0	0	0	8	0	0	132	0	0	0	0	0	0	0	7	0	0	0	0	0	0	0	18
assemblage-811-660	0	0	0	0	0	0	0	0	0	0	0	0	123	0	0	0	0	0	0	0	0	0	0	0	0	0	0	0	0	20	0	0	0	0	0	0	23	0	0	0	0	0	0	0	0	0	251	0	0	24	0	0	27	0	0	0	0	0	0	0	4	0	0	0	0	0	0	0	0	10	0	0	0	0	0	0	0	0	0	0	0	0	0	0	0	0	0	0	0	0	0	0	0	0	0	0	0	18
assemblage-380-885	0	7	17	0	0	0	0	0	70	0	0	0	0	0	0	0	0	0	0	0	0	0	0	0	0	0	0	0	0	0	0	0	0	0	0	0	0	0	0	0	0	0	0	0	0	0	0	0	0	0	0	0	0	0	0	0	0	0	0	53	0	0	0	0	0	0	0	0	156	0	0	0	0	0	0	0	0	0	0	0	0	179	0	0	0	0	0	0	0	0	0	0	0	0	0	0	0	18
assemblage-625-397	5	0	0	0	0	0	0	0	0	0	0	0	5	0	6	0	0	0	0	0	0	0	0	0	0	0	0	0	0	0	0	0	0	0	0	0	0	0	0	0	0	0	0	0	0	0	0	0	0	327	0	0	14	0	0	0	0	0	0	0	0	0	0	0	0	0	0	0	22	0	0	0	13	6	0	0	72	0	0	0	0	6	0	0	0	0	0	0	0	0	0	0	0	0	0	0	0	24
assemblage-725-249	0	0	0	0	0	0	0	0	0	0	0	0	51	0	0	0	0	0	0	0	0	0	0	0	0	0	0	0	0	0	0	0	0	0	0	0	0	12	0	0	17	0	0	0	0	0	248	0	7	0	0	0	138	0	0	0	0	0	0	0	0	0	0	0	0	0	0	0	0	0	0	0	0	0	0	0	0	0	0	0	0	0	0	0	0	7	0	0	0	0	0	0	0	0	0	0	0	20
assemblage-870-370	0	0	0	0	0	0	0	0	0	0	0	0	0	0	0	0	0	0	0	0	0	0	0	0	0	0	0	0	0	0	0	0	0	0	0	0	0	0	0	0	0	0	0	0	0	0	182	0	0	61	0	0	203	0	0	0	0	0	0	0	0	13	0	0	0	0	0	0	0	0	0	0	0	0	0	0	0	6	0	0	0	0	0	0	3	0	0	0	0	0	0	0	0	0	0	0	0	32
assemblage-429-541	0	0	0	0	0	0	0	0	0	28	0	0	0	0	0	0	0	0	0	0	0	0	0	0	0	7	0	0	0	0	0	0	0	0	0	0	0	0	14	0	0	0	24	0	0	0	0	0	0	4	0	0	377	0	0	0	0	0	0	0	0	0	0	0	0	21	0	0	0	0	0	0	0	0	0	0	0	0	0	0	0	11	0	0	0	0	0	0	0	0	0	0	0	0	0	0	0	14
assemblage-278-844	0	0	0	0	0	0	0	0	4	0	0	0	0	14	0	0	0	0	0	0	0	363	0	0	0	0	0	0	0	0	0	0	0	0	0	0	0	0	0	0	0	0	0	0	0	0	0	0	0	0	0	0	0	0	0	0	0	0	0	0	0	0	0	0	0	0	0	0	16	0	0	0	0	0	0	14	0	0	0	0	0	70	0	0	0	0	0	0	0	0	0	0	0	0	0	0	0	19
assemblage-410-550	6	0	0	0	0	0	0	0	0	0	0	0	4	0	0	0	0	0	0	0	0	0	0	0	0	0	0	0	0	0	0	0	0	0	0	0	0	0	0	0	0	0	0	0	0	0	0	0	0	298	0	0	23	0	0	0	0	0	0	0	0	0	0	0	0	0	0	0	17	0	0	0	15	0	0	0	79	0	0	0	0	0	0	0	0	0	0	0	0	0	0	0	0	0	0	0	0	58
assemblage-717-257	0	0	0	0	0	0	0	0	0	0	0	0	108	0	0	0	0	0	0	0	0	0	0	0	0	0	0	4	0	0	0	13	0	0	0	0	0	0	0	0	0	0	0	0	0	0	202	0	0	0	0	0	20	0	0	0	0	0	0	0	0	0	0	123	0	0	0	0	0	0	0	11	0	0	0	0	0	0	0	0	0	0	0	0	0	0	0	0	0	0	0	0	0	0	0	0	0	19
assemblage-812-667	0	0	0	0	0	0	0	0	0	0	0	0	0	0	0	0	0	0	0	0	0	0	0	0	0	0	0	0	0	0	0	0	0	0	0	0	0	0	0	0	0	0	4	0	0	0	193	0	0	77	0	0	201	0	0	0	0	0	0	0	0	7	0	0	0	0	0	0	0	0	0	0	0	0	0	0	0	4	0	0	0	0	0	0	0	0	0	0	0	0	0	0	0	0	0	0	0	14
assemblage-601-535	0	0	0	0	0	0	0	0	0	0	0	0	11	0	0	0	0	0	0	0	0	0	0	0	0	0	0	0	0	0	0	0	0	0	0	0	0	0	0	0	0	0	0	0	0	0	17	0	0	0	0	0	30	0	0	0	0	0	0	0	0	0	0	26	0	0	0	0	0	0	0	376	0	0	0	0	0	0	0	0	0	0	24	0	0	0	0	0	0	0	0	0	0	0	0	0	0	16
