Assemblage_Name	3863936-7463674-2	8638766-6766830-4866952	951185-3741774-2	6198895-6766830-6592068	951185-7463674-2	4046153-7463674-2376222	8065671-7463674-2	8638766-2532191-6592068	4-1273712-2425209	4410024-2-4	2-2-7849543	3863936-7463674-6650257	5777922-4-2	2679739-6766830-6592068	4-5357567-2425209	4-4-3127737	8507628-2-2	743801-7463674-2	1-5509353-8209884	1-3834870-2	1-2-9097515	951185-30505-2	6348007-6766830-2	3863936-7463674-6199675	4679561-7463674-6199675	1419218-7463674-6199675	1837954-5509353-8209884	4-8856579-2425209	1555915-7463674-2	3863936-7463674-4327482	8638766-6766830-962747	4-1462720-2425209	4-4-2425209	6348007-7054411-2	2-0-1	8638766-6766830-4124975	460832-4-2425209	1-2-2	3863936-4462588-2	849020-4-2	3863936-2-2	4046153-7463674-2	4-7806106-2425209	1419218-7055282-6199675	4342078-0-3	9982093-4-2425209	2908238-2-4	2-2-2	2-2-4	3863936-7463674-558377	8638766-6766830-9261898	2-832720-2	2-2-7036232	4-6963226-2425209	8638766-6766830-2	1-3355841-2	5727312-7463674-2	3863936-4163241-2	4-4-5268397	5531328-2-4	4-9903156-2	8638766-6766830-6558874	3-0-6137916	1-5509353-2	4046153-7463674-5082468	2-8091505-2	2-2-5949415	2638422-0-1	2-2-2442516	664612-7463674-2376222	8638766-6766830-6592068	2603179-4-4648555	4-4-2204340	9624259-2-4	374377-3741774-2	1929208-8091505-2	951185-9176509-2	1837954-3474682-8209884	1-6766830-2	3863936-3190156-2	3-0-4	3-0-3	4-4-0	4-4-2	1604020-2-2	1-2168812-2	4-2059413-2	9930920-2-2	3863936-7463674-6107512	3863936-7463674-5360990	3863936-7463674-3009337
assemblage-554-200	0	0	0	0	0	0	0	0	0	0	0	0	0	0	0	0	0	0	0	0	0	0	0	0	0	0	0	0	0	0	0	0	0	0	10	0	0	10	0	0	12	0	0	0	0	0	0	293	22	0	0	0	9	0	0	100	0	0	0	0	0	0	18	0	0	0	0	0	0	0	0	0	0	0	0	0	0	0	0	0	0	0	0	0	0	0	0	0	0	0	26
assemblage-618-540	20	0	0	0	46	0	0	0	0	0	0	0	0	0	5	0	0	0	0	0	0	0	0	0	0	0	0	0	0	0	0	0	387	0	0	0	7	0	0	0	0	0	0	0	0	0	0	0	0	0	0	0	0	0	0	0	0	0	11	0	0	0	0	0	0	0	0	0	0	0	0	0	0	0	0	0	0	0	0	0	0	0	0	4	0	0	0	0	0	0	20
assemblage-318-846	0	0	0	0	0	0	0	0	0	0	0	0	0	0	0	0	0	0	0	0	16	0	0	0	0	0	0	0	0	0	0	0	0	0	0	0	0	121	12	0	178	0	0	0	0	0	0	70	4	0	0	0	0	0	0	0	0	23	0	0	0	0	0	0	0	0	0	0	0	0	0	0	0	0	0	0	0	0	0	0	19	0	0	0	30	0	0	0	0	0	27
assemblage-833-659	197	0	0	0	134	0	0	0	0	0	0	0	0	0	0	0	0	0	0	0	0	0	0	0	0	0	0	0	0	20	0	0	0	0	0	0	0	0	0	0	0	0	0	0	0	0	0	0	0	0	0	0	0	0	0	0	0	0	0	0	0	0	0	0	0	0	0	0	0	0	0	0	0	0	0	0	0	0	0	102	0	0	0	25	0	0	0	0	0	0	22
assemblage-315-456	0	0	20	0	222	0	0	0	0	0	0	0	0	0	5	0	0	0	0	0	0	11	0	0	0	0	0	0	6	0	0	0	153	0	0	0	0	0	0	0	0	0	0	0	0	0	0	0	0	0	0	0	0	0	0	0	0	0	0	0	0	0	0	0	0	0	0	0	0	0	0	0	11	0	0	0	0	0	0	0	0	0	0	53	0	0	0	0	0	0	19
assemblage-324-470	0	0	0	0	281	0	0	0	0	0	0	0	0	0	0	0	0	0	0	0	0	0	0	0	0	0	0	0	0	0	0	10	48	0	0	0	0	0	0	0	0	0	0	0	0	0	0	0	0	0	0	0	0	0	0	0	9	0	0	0	0	0	0	0	0	0	0	0	0	0	0	0	0	0	0	0	10	0	0	0	0	0	0	127	0	0	0	0	0	0	15
assemblage-561-976	33	0	0	0	0	0	0	0	0	0	0	0	0	0	0	0	0	0	0	0	0	0	0	0	0	0	0	0	0	0	0	0	0	0	0	0	0	5	0	0	19	0	0	0	0	0	0	67	21	0	0	0	0	0	185	0	0	0	0	0	0	0	0	0	0	30	0	0	34	0	0	0	0	0	0	13	0	17	27	0	0	0	0	33	0	0	0	0	0	0	16
assemblage-622-408	31	0	0	0	0	0	0	0	0	0	0	0	0	0	0	0	0	0	0	0	0	0	0	0	0	0	0	0	0	0	0	0	0	0	0	0	0	0	0	0	0	0	0	0	0	0	0	0	1	0	0	0	0	0	28	0	0	0	0	0	0	19	0	0	0	0	0	0	0	0	0	0	0	0	0	0	0	0	0	0	0	0	0	408	0	0	0	0	0	0	13
assemblage-315-835	0	0	0	0	0	0	0	0	0	0	0	0	0	0	0	0	0	0	0	0	13	0	0	0	0	0	0	0	0	0	0	0	0	0	0	0	0	110	10	0	200	0	0	0	0	0	0	68	0	0	0	0	0	0	0	0	0	29	0	0	0	0	0	0	0	0	0	0	0	0	0	0	0	0	0	0	0	0	0	0	26	0	0	0	32	0	0	0	0	0	12
assemblage-636-636	0	0	0	0	0	0	0	0	0	0	0	0	0	0	0	0	6	0	10	16	0	0	0	0	0	0	12	0	0	0	0	0	0	0	0	0	0	255	0	0	0	0	0	0	0	0	0	0	33	0	0	0	0	0	0	0	0	0	0	0	0	0	0	29	0	0	0	0	0	0	0	0	0	0	0	0	0	0	18	0	0	0	0	92	0	0	0	0	0	0	29
assemblage-378-875	0	0	0	0	0	0	0	0	0	0	0	0	0	0	0	0	0	0	0	0	0	0	0	0	0	0	0	0	0	0	0	0	0	0	0	0	0	20	0	0	0	0	0	0	18	0	22	0	286	0	0	0	0	0	0	0	0	0	0	0	0	0	0	0	0	0	0	0	0	0	0	0	0	0	0	0	0	0	0	0	0	126	10	4	0	0	0	0	0	0	14
assemblage-639-275	107	0	0	0	48	0	0	0	0	0	0	0	0	0	0	0	0	0	0	0	0	0	0	0	0	0	0	7	0	0	0	0	317	0	0	0	0	0	0	0	0	0	0	0	0	0	0	0	0	0	0	0	0	0	0	0	0	0	0	0	0	0	0	0	0	0	0	0	0	0	0	0	0	0	0	0	0	0	0	0	0	0	0	0	0	0	0	0	0	0	21
assemblage-861-342	228	0	0	0	0	0	0	0	0	0	0	0	0	0	0	0	0	0	0	0	0	0	0	189	0	22	0	0	0	0	0	0	0	0	0	0	0	0	0	12	0	0	0	3	0	0	0	0	0	0	0	0	0	0	0	0	0	0	0	0	0	0	0	0	0	0	0	0	0	0	0	0	0	0	0	0	0	0	0	0	0	0	0	36	0	0	0	0	0	0	10
assemblage-712-246	128	0	0	0	0	0	7	0	0	0	0	0	0	0	0	0	0	5	0	0	0	0	0	7	0	0	0	0	0	0	0	0	17	0	0	0	0	0	0	0	0	57	0	0	0	0	0	0	0	0	16	0	0	0	0	0	0	0	0	0	0	0	0	0	0	0	0	0	0	0	66	0	0	0	0	0	0	0	0	0	0	0	0	174	0	0	9	0	0	0	14
assemblage-641-272	98	0	0	0	29	0	0	0	0	0	0	0	0	0	0	0	0	0	0	0	0	0	0	0	0	0	0	12	0	0	0	0	348	0	0	0	0	0	0	0	0	0	0	0	0	0	0	0	0	0	0	0	0	0	0	0	0	0	0	0	0	0	0	0	0	0	0	0	0	0	0	0	0	0	0	0	0	0	0	0	0	0	0	4	0	0	0	0	0	0	9
assemblage-214-898	36	5	0	0	0	0	0	0	0	0	0	0	0	0	0	0	0	0	0	0	0	0	0	0	0	0	0	0	0	0	0	0	0	0	0	9	0	0	0	0	0	0	0	0	0	0	0	0	18	0	0	0	0	0	277	0	0	0	0	0	0	0	0	0	0	0	0	0	0	0	0	0	0	7	0	0	0	0	0	0	0	0	0	111	0	0	0	0	20	0	17
assemblage-567-203	0	0	0	0	0	0	0	0	0	0	0	0	0	0	0	0	0	0	0	0	0	0	0	0	0	0	0	0	0	0	0	0	0	0	6	0	0	15	0	0	8	0	0	0	0	0	0	321	22	0	0	0	7	0	0	70	0	0	0	0	0	0	18	0	0	0	0	0	0	0	0	0	0	0	0	0	0	0	0	0	0	0	0	3	0	0	0	9	0	0	21
assemblage-816-953	36	3	0	0	0	0	0	0	0	0	0	0	0	0	0	0	0	0	0	0	0	0	0	0	0	0	0	0	0	0	0	0	0	0	0	8	0	0	0	0	0	0	0	0	0	0	0	0	12	0	0	0	0	0	282	0	0	0	0	0	0	0	0	0	0	0	0	0	0	0	0	0	0	8	0	0	0	0	0	0	0	0	0	110	0	0	0	0	25	0	16
assemblage-566-967	348	0	0	0	0	0	0	0	0	0	0	0	0	0	0	0	0	0	0	0	0	0	0	0	0	0	0	0	0	0	0	0	0	0	0	0	0	0	0	0	40	0	0	0	0	0	0	15	15	0	0	0	0	0	0	0	0	0	0	0	0	0	0	0	0	0	0	0	0	0	0	0	0	0	0	0	0	0	5	0	0	0	0	52	0	8	0	0	0	0	17
assemblage-914-640	69	0	0	0	4	0	0	0	0	0	0	8	0	0	0	0	0	0	0	0	0	0	0	202	12	0	0	0	0	0	0	0	165	0	0	0	0	0	0	0	0	0	0	0	0	0	0	0	0	0	0	0	0	0	0	0	0	0	0	0	0	0	0	0	0	0	0	0	0	0	30	0	0	0	0	0	0	0	0	0	0	0	0	0	0	0	0	0	0	0	10
assemblage-639-530	11	0	0	0	284	0	0	0	0	0	0	0	0	0	0	0	0	0	0	0	0	0	0	0	0	0	0	0	0	0	0	4	39	0	0	0	0	0	0	0	0	0	0	0	0	0	0	0	0	0	0	0	0	0	0	0	9	0	0	0	0	0	0	0	0	0	0	0	0	0	0	0	0	0	0	0	10	0	0	0	0	0	0	129	0	0	0	0	0	0	14
assemblage-475-521	0	0	0	0	0	0	0	0	0	0	0	0	11	0	0	0	0	0	0	0	0	0	0	0	0	0	0	0	0	0	0	0	0	0	0	0	0	0	0	0	20	0	0	0	0	0	0	24	290	0	0	0	0	0	69	0	0	0	0	33	5	0	0	0	0	0	15	0	0	0	0	0	0	0	0	0	0	0	9	0	0	0	0	15	0	0	0	0	0	0	9
assemblage-560-174	0	0	0	0	0	0	0	0	0	0	0	0	0	0	0	0	0	0	0	0	0	0	0	0	0	0	0	0	0	0	0	0	0	0	11	0	0	5	0	0	8	0	0	0	0	0	0	286	26	0	0	0	14	0	0	95	0	0	0	0	0	0	16	0	0	0	0	0	0	0	0	0	0	0	0	0	0	0	0	0	0	0	0	7	0	0	0	0	0	0	32
assemblage-583-198	0	0	0	0	0	0	0	0	0	0	0	0	0	0	0	0	0	0	0	0	0	0	0	0	0	0	0	0	0	0	0	0	0	0	12	0	0	11	0	0	11	0	0	0	0	0	0	296	33	0	0	0	9	0	0	87	0	0	0	0	0	0	15	0	0	0	0	4	0	0	0	0	0	0	0	0	0	0	0	0	0	0	0	3	0	0	0	0	0	0	19
