Assemblage_Name	1796011-9334476-8342001	3588554-7833692-1409312	3052428-9931277-4	4-3-3762040	1796011-3587219-1044570	2096620-2-4	3588554-3-15551	2-3-1409312	3834723-9774593-0	9444452-3-1409312	2-4226505-1409312	5658909-2-4	3588554-3-9847578	4199353-8425244-1044570	6109334-3-7207450	5827100-0-2	8741103-0-2	3052428-2-6603844	0-1-1	2613979-2-4	3052428-2-4	1369828-3-0	5234276-716132-4	2-2926412-162828	2-2973946-0	3066492-486889-1409312	3588554-8925383-1567903	3066492-3-1409312	3052428-5825728-4	2-1668485-0	1233461-8425244-1044570	1672826-3-1409312	5234276-2-4	4-3-2	2-9610451-1409312	3588554-3-9330943	8758668-3-4	1796011-6951761-1044570	3588554-3-7207450	2-3-0	3588554-3-8268846	9101287-3-0	3588554-3-5456788	4071018-8925383-1409312	5888393-8425244-1044570	0-2-4	1796011-8425244-6684661	1796011-8425244-1044570	1796011-8425244-3687562	3588554-3-1961570	3588554-504991-1409312	3588554-3-1409312	3588554-3-3415432	5784000-3-0	3-4-8467983	2-3-4964407	2-3-8820894	2571686-3-1409312	4443187-8425244-1044570	2096620-2-1260570	7029821-2-4	4-0-6005490	2367450-2-4	3588554-3-3607290	4-0-2	4005992-3-1409312	2-2926412-1409312	3588554-3-6899725	4597903-3-7207450	3052428-2205818-4	3588554-8925383-1409312	5520806-8425244-1044570	3588554-7512585-8268846	1796011-9334476-1044570	1781386-3-1409312	3588554-8925383-5709346
assemblage-547-488	78	0	0	0	0	0	0	0	0	0	0	0	0	0	0	0	0	0	0	0	0	0	0	0	0	0	0	0	0	0	0	0	0	110	0	0	0	10	0	0	0	0	0	0	0	0	0	295	0	0	0	0	0	0	0	0	0	0	0	0	0	0	0	0	0	0	0	0	0	0	0	0	0	0	0	7
assemblage-549-481	66	0	0	5	0	0	0	0	0	0	0	0	0	0	0	0	0	0	0	0	0	0	0	0	0	0	0	0	0	0	0	0	0	110	0	0	0	8	0	0	0	0	0	0	0	0	0	300	0	0	0	0	0	0	0	0	0	0	0	0	0	0	0	0	0	0	0	0	0	0	0	0	0	0	0	11
assemblage-564-266	0	0	0	0	0	0	0	0	0	0	0	0	10	18	0	0	0	0	0	0	0	0	0	0	0	0	0	0	0	0	0	0	0	0	0	0	0	0	10	0	0	0	0	0	0	0	0	41	0	0	0	115	0	0	0	0	0	0	0	0	0	0	0	0	0	0	0	0	0	0	294	0	0	0	0	12
assemblage-354-625	0	0	0	0	0	22	0	0	0	0	0	0	0	0	0	0	0	0	0	0	0	0	0	0	0	0	0	0	0	0	0	83	0	0	0	0	0	0	0	0	0	0	0	0	0	0	0	220	0	0	0	162	0	0	0	0	0	0	0	0	0	0	0	0	0	0	0	0	0	0	0	0	0	0	0	13
assemblage-890-368	0	0	0	0	0	0	0	0	0	0	0	38	0	0	40	0	0	0	0	0	0	0	0	0	0	0	0	0	0	0	0	0	0	0	0	0	0	0	363	0	0	0	0	0	0	0	0	0	0	0	0	32	0	0	0	0	0	10	0	0	0	0	0	0	0	0	0	0	0	0	0	0	0	0	0	17
assemblage-886-386	0	0	0	0	0	0	0	0	0	0	0	5	0	0	0	0	0	0	0	0	0	0	0	0	0	0	0	0	0	0	0	0	0	0	0	0	0	0	412	0	0	0	0	0	0	0	0	0	0	0	0	23	0	0	0	0	0	0	0	0	0	0	0	0	0	0	0	0	0	0	52	0	0	0	0	8
assemblage-159-705	0	0	0	0	0	364	0	0	0	0	0	0	0	0	0	0	0	0	0	0	0	0	0	0	0	0	0	0	0	0	0	0	82	0	0	0	0	0	0	0	0	0	0	0	0	0	0	0	0	0	0	0	0	0	0	0	10	0	19	0	0	0	0	0	0	0	0	0	0	0	0	0	0	0	0	25
assemblage-174-492	0	0	10	0	0	0	0	0	0	0	0	0	0	0	0	0	0	0	0	0	20	0	0	0	10	0	0	0	0	0	0	0	0	0	0	0	0	0	0	404	0	0	0	0	0	0	0	0	0	0	0	0	0	0	0	2	29	0	0	0	0	0	0	0	10	0	0	0	0	0	0	0	0	0	0	15
assemblage-651-901	0	8	0	0	0	0	0	0	0	0	0	0	0	0	0	0	29	0	0	0	0	0	0	0	0	0	0	0	0	0	0	0	0	0	0	0	0	0	0	0	0	0	0	0	0	0	0	176	0	0	39	152	0	0	0	0	0	0	0	0	0	0	0	0	0	0	0	6	0	0	0	83	0	0	0	7
assemblage-657-898	0	3	0	0	0	0	0	0	0	0	0	0	0	0	0	0	38	0	0	0	0	0	0	0	0	0	0	0	0	0	0	0	0	0	0	0	0	0	0	0	0	0	0	0	0	0	0	180	0	0	31	162	0	0	0	0	0	0	0	0	0	0	0	0	0	0	0	0	0	0	0	73	0	0	0	13
assemblage-420-895	0	0	0	0	0	0	0	0	0	0	0	0	0	0	0	0	196	0	0	0	0	0	0	0	0	0	0	0	0	0	142	0	10	0	0	0	0	0	0	0	0	0	0	0	37	0	0	67	3	0	0	0	0	0	0	0	0	0	0	0	0	0	0	0	27	0	0	0	0	0	0	0	0	0	0	18
assemblage-157-739	0	0	0	0	0	0	0	0	0	0	0	0	0	0	0	0	213	0	0	0	0	0	0	0	0	0	0	0	0	0	144	0	8	0	0	0	0	0	0	0	0	0	0	0	27	0	0	62	6	0	0	0	0	0	0	0	0	0	0	0	0	0	0	0	29	0	0	0	0	0	0	0	0	0	0	11
assemblage-887-364	0	0	0	0	0	0	0	0	0	0	0	0	6	16	0	0	0	0	0	0	0	0	0	0	0	0	0	0	0	0	0	0	0	0	0	0	0	0	8	0	0	0	0	0	0	0	0	44	0	0	0	129	0	0	0	0	0	0	0	0	0	0	0	0	0	0	0	0	0	0	286	0	0	0	0	11
assemblage-364-627	0	0	0	0	0	30	0	0	0	0	0	0	0	0	0	0	0	0	0	0	0	0	0	0	0	0	0	0	0	0	0	0	0	0	0	0	0	0	148	0	0	0	0	0	0	0	0	86	0	0	0	125	0	0	0	0	0	83	0	0	0	0	0	0	0	0	0	0	8	0	0	0	0	0	10	10
assemblage-346-754	0	0	14	0	0	0	0	0	0	0	0	0	0	0	0	0	0	0	0	0	13	0	0	0	18	0	0	0	0	3	0	0	0	0	0	0	0	0	0	408	0	0	0	0	0	0	0	0	0	0	0	0	0	0	0	0	26	0	0	0	0	0	0	0	7	0	0	0	0	0	0	0	0	0	0	11
assemblage-639-891	0	0	0	0	0	380	0	0	0	0	0	39	0	0	0	0	3	0	0	21	0	0	0	0	0	0	0	0	0	0	0	0	0	0	0	0	0	0	0	0	0	0	0	0	0	0	0	31	0	0	0	0	0	0	0	0	0	0	0	13	0	0	0	0	0	0	0	0	0	0	0	0	0	0	0	13
assemblage-147-979	0	0	0	0	0	0	0	0	0	0	0	0	0	0	0	0	0	0	0	0	0	0	0	0	0	0	0	0	0	0	0	0	8	0	0	0	0	0	0	0	0	0	0	0	0	0	0	404	0	0	0	0	0	0	0	0	0	0	20	0	35	0	0	0	0	0	11	0	0	0	0	0	0	0	0	22
assemblage-947-996	0	0	0	0	0	0	0	0	0	0	0	0	0	0	0	0	0	0	0	0	0	0	0	0	0	0	0	0	0	0	0	0	0	0	0	0	9	0	0	20	0	0	0	0	0	0	0	0	0	0	0	0	0	0	9	0	0	0	0	0	0	0	0	0	447	0	0	0	0	0	0	0	0	0	0	15
assemblage-864-394	0	0	0	0	0	0	0	0	0	0	0	3	0	0	0	0	0	0	0	0	0	0	0	0	0	0	0	0	0	0	0	0	0	0	0	0	0	0	408	0	0	0	0	0	0	0	0	0	0	0	0	15	0	0	0	0	0	0	0	0	0	0	0	0	0	0	0	0	0	0	66	0	0	0	0	8
assemblage-337-498	0	0	0	0	0	0	0	0	0	0	0	0	0	0	0	0	0	0	0	0	0	9	0	0	0	0	0	0	0	0	0	0	0	0	0	0	0	0	0	398	0	34	0	0	0	0	0	0	0	0	0	0	0	51	0	0	0	0	0	0	0	0	0	0	0	0	0	0	0	0	0	0	0	0	0	8
