Assemblage_Name	4-9365423-4	288557-0-7985031	4-0-1464074	4748594-0-3829287	3186146-0-3	3-0-7008018	9505916-0-4	3344376-0-1464074	4-9365423-2834548	763226-6104074-4	4-3568147-7985031	4-5226730-4	6268724-0-7985031	4-0-7207551	4-3161018-4	4-7601433-1464074	4-3106972-4	4-6104074-2090363	5173966-0-4	4-8323420-4	4-0-6658228	4-5221037-7985031	4-5430106-4	4-9149686-4	3-2632013-3	4-0-7985031	7276190-6104074-4	4-2724298-4	4-6104074-6664982	4-0-7276378	4-0-4775811	4-0-2209657	4021429-0-3931101	4-6104074-6909107	4-6104074-8339646	4021429-9175970-7985031	4-0-3062333	1761216-0-4	683446-0-4	4-6104074-4	9724420-0-4	7974927-5584308-4	8183510-0-7985031	3262163-0-3829287	4-7547545-1464074	2774368-0-7985031	3-9398132-3	4-1632163-4	4-5571824-4	4-0-4836511	4-0-1103628	5098949-0-4	5401755-0-3829287	3-4633114-3	4-6104074-7776148	4-8755398-4	4-4880623-4	5578573-6104074-4	4-8782067-7985031	2855613-0-4	1348141-0-3829287	9484010-6104074-4	4-4883203-4	4-318910-4	4021429-0-7985031	4-0-6753244	2774368-0-3707670	2821648-0-4	4-4-3709580	4-0-9299996	7776314-0-4	4-0-4	4-0-2765125	4-3922861-4	4-3-1	4-5495226-7985031	8528146-0-3	5682617-0-3829287	4-0-3829287	4-6104074-3242007	3-0-3	4-277806-4	4-0-1838125	4-0-3468948	1345368-6104074-4
assemblage-402-252	0	0	0	0	0	0	0	0	0	0	0	0	0	0	0	0	0	0	0	0	0	0	0	0	0	0	0	0	0	0	0	0	0	0	0	0	0	0	0	0	0	0	0	0	0	0	0	0	0	0	0	0	0	0	0	0	0	0	0	0	0	0	0	0	0	0	0	0	0	0	0	72	0	0	394	0	0	0	0	0	3	0	0	16	15
assemblage-487-919	0	0	0	0	0	0	0	0	0	0	0	0	0	0	0	0	0	0	0	0	0	0	0	0	0	0	0	0	0	0	0	0	0	0	0	0	0	0	0	0	0	0	0	0	0	0	0	0	0	0	0	0	0	66	0	0	0	0	0	0	0	0	0	0	0	0	0	0	0	0	0	151	0	7	0	0	0	0	0	0	252	0	0	0	24
assemblage-943-508	0	0	0	0	0	0	0	0	0	0	0	0	0	0	0	0	0	0	0	0	0	0	0	0	0	0	0	0	0	0	0	0	0	0	0	0	0	0	0	0	0	0	0	0	0	0	0	0	0	0	0	0	0	2	0	0	0	0	0	0	0	0	12	0	0	0	0	0	0	0	0	411	0	0	0	0	0	0	0	0	7	55	0	0	13
assemblage-489-915	0	0	0	0	0	0	0	0	0	0	0	0	0	0	0	0	0	0	0	0	8	0	0	0	0	0	0	0	0	0	0	0	0	0	0	0	0	0	0	0	0	0	0	0	0	0	0	0	0	0	0	0	0	29	0	0	0	0	0	0	0	0	0	0	0	0	0	0	0	0	0	251	0	0	96	0	0	0	0	0	78	7	0	0	31
assemblage-493-921	0	0	0	0	0	0	0	0	0	0	0	0	0	0	0	0	0	0	0	0	0	0	0	0	0	0	0	0	0	0	0	0	0	0	0	0	0	0	0	0	0	0	0	0	0	0	0	0	0	0	0	0	0	46	0	0	0	0	0	0	0	0	0	0	0	0	0	0	0	0	0	147	0	0	0	0	0	0	0	0	285	0	0	0	22
assemblage-329-233	0	0	0	0	0	0	0	0	0	0	0	0	0	0	0	0	0	0	0	0	0	0	0	0	0	175	0	0	0	0	0	0	0	0	0	0	0	0	0	0	0	0	0	0	0	0	0	0	0	0	0	0	0	0	0	0	0	0	0	0	0	0	0	0	0	0	0	0	0	0	0	309	0	0	5	0	0	0	0	0	0	0	0	0	11
assemblage-288-419	0	0	0	0	0	0	0	0	0	0	0	0	0	0	0	0	0	0	0	0	0	0	0	5	0	277	0	6	0	0	0	0	0	0	11	0	0	0	0	147	0	0	0	0	0	0	0	0	0	0	0	0	0	0	0	0	0	0	0	0	0	0	0	0	0	0	0	0	0	0	0	52	0	0	0	0	0	0	0	0	0	0	0	0	2
assemblage-580-539	0	0	0	0	0	0	0	0	0	0	0	0	0	0	0	0	0	0	0	0	0	34	0	0	0	377	0	0	0	0	0	0	0	0	0	0	12	0	0	0	0	0	0	0	0	0	0	0	0	0	0	0	0	0	0	0	0	0	0	0	0	0	0	0	0	0	0	0	0	0	0	41	0	0	0	0	0	0	0	0	0	0	0	0	36
assemblage-300-409	0	0	0	0	0	0	0	0	0	0	0	0	0	0	0	0	0	0	0	0	0	0	0	0	0	273	0	0	0	0	0	0	0	0	7	0	0	0	0	158	0	0	0	0	0	0	0	0	0	0	0	0	0	0	0	0	0	0	0	0	0	0	0	0	0	0	0	0	0	0	0	43	0	0	0	0	0	0	0	0	0	0	0	0	19
assemblage-596-545	0	0	0	0	0	0	0	0	0	0	0	0	0	0	0	0	0	0	0	0	0	0	0	0	0	145	0	0	0	0	0	0	0	0	0	0	0	0	0	296	0	0	0	0	0	0	0	0	0	0	0	0	0	0	0	0	0	0	0	0	0	0	0	0	0	0	0	0	0	0	0	21	0	0	0	0	0	0	0	21	0	0	0	0	17
assemblage-472-672	0	0	0	0	0	0	0	0	0	0	0	0	0	0	0	0	0	0	0	0	0	0	0	0	0	8	0	0	0	0	0	0	0	0	0	0	0	0	0	336	0	0	0	0	0	0	0	0	0	0	0	0	0	0	0	0	130	0	0	0	0	0	0	0	0	0	0	0	0	0	0	9	0	0	0	0	0	0	0	0	0	0	0	0	17
assemblage-458-665	27	0	0	0	0	0	0	0	17	0	0	0	0	0	3	0	0	0	0	14	0	0	0	0	0	156	0	0	0	0	0	0	0	0	0	0	0	0	0	174	0	0	0	0	0	0	0	0	0	0	0	0	0	0	0	0	34	0	0	0	0	0	0	0	0	0	0	0	0	0	0	26	0	0	0	0	0	0	23	0	0	0	0	0	26
assemblage-564-992	0	0	11	0	0	0	0	0	46	0	0	0	0	0	0	0	0	0	0	0	0	0	0	0	0	135	0	0	0	0	0	0	0	0	0	0	0	0	0	81	0	0	0	0	0	18	0	0	0	0	0	0	0	0	0	0	23	0	0	0	0	0	0	0	55	0	0	0	0	6	0	0	8	0	0	0	0	0	96	0	0	0	0	0	21
assemblage-695-147	0	0	329	0	0	0	0	0	0	0	0	0	0	9	0	5	0	0	0	0	0	0	0	0	0	0	0	0	0	0	0	0	0	0	0	0	0	0	0	60	0	0	0	0	8	0	0	0	0	0	0	0	0	0	0	0	0	0	0	0	0	0	0	0	10	0	0	0	0	0	0	0	0	0	0	0	0	0	67	0	0	0	0	0	12
assemblage-393-178	0	0	7	0	0	0	0	0	0	0	0	0	151	0	0	0	0	0	0	0	0	0	0	0	0	181	0	0	0	0	0	0	0	0	0	0	0	0	0	90	0	0	0	0	0	0	0	0	0	0	0	0	0	0	0	0	0	0	6	0	0	0	0	0	0	0	0	0	0	22	0	0	0	0	0	7	0	0	17	0	0	0	0	0	19
assemblage-587-643	0	0	0	0	0	0	0	0	126	0	0	0	0	0	0	0	0	0	0	0	0	0	0	0	0	171	0	0	0	0	0	0	0	0	0	0	0	0	0	0	0	0	0	0	0	0	0	0	0	0	0	0	0	0	0	0	6	0	0	0	0	0	0	0	177	0	0	0	0	0	0	0	0	0	0	0	0	0	0	0	0	0	0	0	20
assemblage-603-636	0	0	57	0	0	0	0	0	0	0	0	0	0	0	0	0	0	0	0	0	0	0	0	0	0	24	0	0	0	0	0	0	0	0	0	0	0	0	0	15	0	0	0	12	0	0	0	0	0	0	0	0	0	0	0	0	64	0	0	0	0	0	0	0	0	0	0	0	0	0	0	0	0	0	0	0	0	0	312	0	0	0	0	0	16
assemblage-678-129	0	0	24	0	0	0	0	0	0	0	0	0	0	0	0	0	0	0	0	0	0	0	0	0	0	0	0	0	0	0	0	0	30	0	0	0	0	0	0	0	0	0	0	0	0	0	0	0	0	0	0	0	0	0	0	0	0	0	0	0	0	0	0	0	418	0	0	0	0	5	0	0	0	0	0	0	0	0	0	0	0	0	0	0	23
