Seriation_Number	Assemblage	3-4-5505261	3-7651241-3	0-131119-3	0-4897777-9401800	804558-4-3	2-1-5195992	0-6346304-2	2568223-5389311-2	2568223-4645987-5862439	0-7495753-6232714	3-4-7688536	0-4-6228053	6672135-7651241-3	0-3-3814556	5847236-4-9791800	3-4-6557184	1721390-4-9791800	0-4897777-2	987814-4-3	0-7495753-0	6405574-4897777-2	3-9562331-3	3-4-9046252	0-4-2	0-4-1009842	0-4-4119288	900571-4-2	3-4-1095988	0-0-0	0-4897777-9436427	3-4349346-3	2568223-1718276-7044435	0-7951494-2	0-4-9791800	0-3-3	2568223-1718276-2	0-7495753-387731	7992734-7495753-0	0-4897777-407738	4359862-1718276-2	2568223-1718276-5862439	3-7651241-2009279	0-4-2018984	0-7200362-2	2568223-2859637-2	3931207-4-2	9967893-4897777-2	0-7495753-2913827	0-7495753-1399737	3-3232050-3	0-472511-0	3-1-2	4385985-6346304-2	3-4-3	0-1350541-2	2568223-6279082-2	5588813-3-3	2-1-7102769	2568223-1735647-2	880429-1718276-2	2568223-6346304-818286	3-8124535-3	5704664-6346304-2	3-3953124-3	2568223-6346304-2	2568223-4560752-5862439	3-4-4074271	6525770-3-3	0-9146611-3	0-6515896-3	8514549-4-9791800	3-4-3105055	3948169-4-3
1	assemblage-541-439	0	119	0	0	0	0	0	0	0	0	0	0	0	0	0	0	0	242	0	0	0	0	0	25	0	0	0	0	0	0	8	0	0	0	0	0	0	0	0	0	0	0	0	1	0	0	37	0	0	0	0	0	0	0	0	0	0	0	0	0	0	0	0	7	44	0	0	0	0	0	0	0	17
1	assemblage-631-942	0	0	0	0	0	0	0	0	0	0	0	0	0	0	0	0	0	0	0	0	0	0	0	109	0	0	0	0	0	0	0	0	0	0	0	240	0	0	0	0	122	0	0	0	0	0	0	0	0	0	0	0	0	0	0	0	0	0	0	0	0	0	0	0	8	0	0	0	0	0	0	0	21
1	assemblage-171-856	0	0	0	0	0	112	151	0	0	0	0	0	0	0	0	0	0	0	0	11	0	0	0	93	0	0	0	0	0	0	0	0	0	0	0	0	0	21	0	0	0	0	0	0	0	19	0	0	0	0	0	0	0	81	0	0	0	0	0	0	0	0	0	0	0	0	0	0	0	0	0	0	12

2	assemblage-750-626	0	0	0	0	0	249	0	0	0	0	0	0	0	0	0	0	0	0	0	0	0	0	0	209	0	0	0	0	0	0	0	0	0	0	0	0	0	0	0	0	0	0	0	0	0	0	0	0	0	0	0	0	0	0	0	0	0	22	0	0	0	0	0	0	0	0	0	0	0	0	0	0	20
2	assemblage-684-767	0	114	0	0	0	0	0	0	0	0	0	0	5	0	0	0	0	231	0	0	0	0	0	20	0	0	0	0	0	4	0	0	0	0	0	0	0	0	0	0	0	0	0	0	0	0	31	0	0	0	0	0	0	0	0	0	0	0	0	0	0	0	0	11	65	0	0	0	0	0	0	0	19
2	assemblage-993-198	0	0	0	7	0	0	0	0	0	0	0	0	0	0	0	0	0	307	0	0	0	0	0	5	0	0	0	0	0	0	0	0	0	159	0	7	0	0	0	0	0	0	0	0	0	0	0	0	0	0	0	0	0	0	0	0	0	0	0	0	0	0	0	0	0	0	0	0	0	0	0	0	15

3	assemblage-750-626	0	0	0	0	0	249	0	0	0	0	0	0	0	0	0	0	0	0	0	0	0	0	0	209	0	0	0	0	0	0	0	0	0	0	0	0	0	0	0	0	0	0	0	0	0	0	0	0	0	0	0	0	0	0	0	0	0	22	0	0	0	0	0	0	0	0	0	0	0	0	0	0	20
3	assemblage-631-942	0	0	0	0	0	0	0	0	0	0	0	0	0	0	0	0	0	0	0	0	0	0	0	109	0	0	0	0	0	0	0	0	0	0	0	240	0	0	0	0	122	0	0	0	0	0	0	0	0	0	0	0	0	0	0	0	0	0	0	0	0	0	0	0	8	0	0	0	0	0	0	0	21
3	assemblage-993-198	0	0	0	7	0	0	0	0	0	0	0	0	0	0	0	0	0	307	0	0	0	0	0	5	0	0	0	0	0	0	0	0	0	159	0	7	0	0	0	0	0	0	0	0	0	0	0	0	0	0	0	0	0	0	0	0	0	0	0	0	0	0	0	0	0	0	0	0	0	0	0	0	15

4	assemblage-750-626	0	0	0	0	0	249	0	0	0	0	0	0	0	0	0	0	0	0	0	0	0	0	0	209	0	0	0	0	0	0	0	0	0	0	0	0	0	0	0	0	0	0	0	0	0	0	0	0	0	0	0	0	0	0	0	0	0	22	0	0	0	0	0	0	0	0	0	0	0	0	0	0	20
4	assemblage-631-942	0	0	0	0	0	0	0	0	0	0	0	0	0	0	0	0	0	0	0	0	0	0	0	109	0	0	0	0	0	0	0	0	0	0	0	240	0	0	0	0	122	0	0	0	0	0	0	0	0	0	0	0	0	0	0	0	0	0	0	0	0	0	0	0	8	0	0	0	0	0	0	0	21
4	assemblage-684-767	0	114	0	0	0	0	0	0	0	0	0	0	5	0	0	0	0	231	0	0	0	0	0	20	0	0	0	0	0	4	0	0	0	0	0	0	0	0	0	0	0	0	0	0	0	0	31	0	0	0	0	0	0	0	0	0	0	0	0	0	0	0	0	11	65	0	0	0	0	0	0	0	19

5	assemblage-750-626	0	0	0	0	0	249	0	0	0	0	0	0	0	0	0	0	0	0	0	0	0	0	0	209	0	0	0	0	0	0	0	0	0	0	0	0	0	0	0	0	0	0	0	0	0	0	0	0	0	0	0	0	0	0	0	0	0	22	0	0	0	0	0	0	0	0	0	0	0	0	0	0	20
5	assemblage-541-439	0	119	0	0	0	0	0	0	0	0	0	0	0	0	0	0	0	242	0	0	0	0	0	25	0	0	0	0	0	0	8	0	0	0	0	0	0	0	0	0	0	0	0	1	0	0	37	0	0	0	0	0	0	0	0	0	0	0	0	0	0	0	0	7	44	0	0	0	0	0	0	0	17
5	assemblage-993-198	0	0	0	7	0	0	0	0	0	0	0	0	0	0	0	0	0	307	0	0	0	0	0	5	0	0	0	0	0	0	0	0	0	159	0	7	0	0	0	0	0	0	0	0	0	0	0	0	0	0	0	0	0	0	0	0	0	0	0	0	0	0	0	0	0	0	0	0	0	0	0	0	15

6	assemblage-945-540	0	98	0	0	0	0	0	0	0	0	0	0	0	0	0	0	0	242	0	0	0	0	0	23	0	0	0	0	0	0	0	0	0	0	0	0	0	0	0	0	0	0	0	11	0	0	32	0	0	0	0	0	0	0	0	0	0	0	0	0	0	0	0	9	58	0	0	0	0	0	0	0	27
6	assemblage-631-942	0	0	0	0	0	0	0	0	0	0	0	0	0	0	0	0	0	0	0	0	0	0	0	109	0	0	0	0	0	0	0	0	0	0	0	240	0	0	0	0	122	0	0	0	0	0	0	0	0	0	0	0	0	0	0	0	0	0	0	0	0	0	0	0	8	0	0	0	0	0	0	0	21
6	assemblage-171-856	0	0	0	0	0	112	151	0	0	0	0	0	0	0	0	0	0	0	0	11	0	0	0	93	0	0	0	0	0	0	0	0	0	0	0	0	0	21	0	0	0	0	0	0	0	19	0	0	0	0	0	0	0	81	0	0	0	0	0	0	0	0	0	0	0	0	0	0	0	0	0	0	12

7	assemblage-945-540	0	98	0	0	0	0	0	0	0	0	0	0	0	0	0	0	0	242	0	0	0	0	0	23	0	0	0	0	0	0	0	0	0	0	0	0	0	0	0	0	0	0	0	11	0	0	32	0	0	0	0	0	0	0	0	0	0	0	0	0	0	0	0	9	58	0	0	0	0	0	0	0	27
7	assemblage-541-439	0	119	0	0	0	0	0	0	0	0	0	0	0	0	0	0	0	242	0	0	0	0	0	25	0	0	0	0	0	0	8	0	0	0	0	0	0	0	0	0	0	0	0	1	0	0	37	0	0	0	0	0	0	0	0	0	0	0	0	0	0	0	0	7	44	0	0	0	0	0	0	0	17
7	assemblage-171-856	0	0	0	0	0	112	151	0	0	0	0	0	0	0	0	0	0	0	0	11	0	0	0	93	0	0	0	0	0	0	0	0	0	0	0	0	0	21	0	0	0	0	0	0	0	19	0	0	0	0	0	0	0	81	0	0	0	0	0	0	0	0	0	0	0	0	0	0	0	0	0	0	12

8	assemblage-945-540	0	98	0	0	0	0	0	0	0	0	0	0	0	0	0	0	0	242	0	0	0	0	0	23	0	0	0	0	0	0	0	0	0	0	0	0	0	0	0	0	0	0	0	11	0	0	32	0	0	0	0	0	0	0	0	0	0	0	0	0	0	0	0	9	58	0	0	0	0	0	0	0	27
8	assemblage-541-439	0	119	0	0	0	0	0	0	0	0	0	0	0	0	0	0	0	242	0	0	0	0	0	25	0	0	0	0	0	0	8	0	0	0	0	0	0	0	0	0	0	0	0	1	0	0	37	0	0	0	0	0	0	0	0	0	0	0	0	0	0	0	0	7	44	0	0	0	0	0	0	0	17
8	assemblage-993-198	0	0	0	7	0	0	0	0	0	0	0	0	0	0	0	0	0	307	0	0	0	0	0	5	0	0	0	0	0	0	0	0	0	159	0	7	0	0	0	0	0	0	0	0	0	0	0	0	0	0	0	0	0	0	0	0	0	0	0	0	0	0	0	0	0	0	0	0	0	0	0	0	15

9	assemblage-945-540	0	98	0	0	0	0	0	0	0	0	0	0	0	0	0	0	0	242	0	0	0	0	0	23	0	0	0	0	0	0	0	0	0	0	0	0	0	0	0	0	0	0	0	11	0	0	32	0	0	0	0	0	0	0	0	0	0	0	0	0	0	0	0	9	58	0	0	0	0	0	0	0	27
9	assemblage-750-626	0	0	0	0	0	249	0	0	0	0	0	0	0	0	0	0	0	0	0	0	0	0	0	209	0	0	0	0	0	0	0	0	0	0	0	0	0	0	0	0	0	0	0	0	0	0	0	0	0	0	0	0	0	0	0	0	0	22	0	0	0	0	0	0	0	0	0	0	0	0	0	0	20
9	assemblage-171-856	0	0	0	0	0	112	151	0	0	0	0	0	0	0	0	0	0	0	0	11	0	0	0	93	0	0	0	0	0	0	0	0	0	0	0	0	0	21	0	0	0	0	0	0	0	19	0	0	0	0	0	0	0	81	0	0	0	0	0	0	0	0	0	0	0	0	0	0	0	0	0	0	12

10	assemblage-846-341	0	0	0	0	0	0	0	0	0	0	0	0	0	0	274	0	0	0	0	0	140	0	0	0	0	0	0	0	0	0	0	0	0	57	0	0	0	0	0	0	14	0	0	0	0	0	0	0	0	0	0	0	0	0	0	0	0	0	0	0	0	0	0	0	0	0	0	0	0	0	0	0	15
10	assemblage-993-198	0	0	0	7	0	0	0	0	0	0	0	0	0	0	0	0	0	307	0	0	0	0	0	5	0	0	0	0	0	0	0	0	0	159	0	7	0	0	0	0	0	0	0	0	0	0	0	0	0	0	0	0	0	0	0	0	0	0	0	0	0	0	0	0	0	0	0	0	0	0	0	0	15
10	assemblage-171-856	0	0	0	0	0	112	151	0	0	0	0	0	0	0	0	0	0	0	0	11	0	0	0	93	0	0	0	0	0	0	0	0	0	0	0	0	0	21	0	0	0	0	0	0	0	19	0	0	0	0	0	0	0	81	0	0	0	0	0	0	0	0	0	0	0	0	0	0	0	0	0	0	12

11	assemblage-846-341	0	0	0	0	0	0	0	0	0	0	0	0	0	0	274	0	0	0	0	0	140	0	0	0	0	0	0	0	0	0	0	0	0	57	0	0	0	0	0	0	14	0	0	0	0	0	0	0	0	0	0	0	0	0	0	0	0	0	0	0	0	0	0	0	0	0	0	0	0	0	0	0	15
11	assemblage-684-767	0	114	0	0	0	0	0	0	0	0	0	0	5	0	0	0	0	231	0	0	0	0	0	20	0	0	0	0	0	4	0	0	0	0	0	0	0	0	0	0	0	0	0	0	0	0	31	0	0	0	0	0	0	0	0	0	0	0	0	0	0	0	0	11	65	0	0	0	0	0	0	0	19
11	assemblage-171-856	0	0	0	0	0	112	151	0	0	0	0	0	0	0	0	0	0	0	0	11	0	0	0	93	0	0	0	0	0	0	0	0	0	0	0	0	0	21	0	0	0	0	0	0	0	19	0	0	0	0	0	0	0	81	0	0	0	0	0	0	0	0	0	0	0	0	0	0	0	0	0	0	12

12	assemblage-846-341	0	0	0	0	0	0	0	0	0	0	0	0	0	0	274	0	0	0	0	0	140	0	0	0	0	0	0	0	0	0	0	0	0	57	0	0	0	0	0	0	14	0	0	0	0	0	0	0	0	0	0	0	0	0	0	0	0	0	0	0	0	0	0	0	0	0	0	0	0	0	0	0	15
12	assemblage-631-942	0	0	0	0	0	0	0	0	0	0	0	0	0	0	0	0	0	0	0	0	0	0	0	109	0	0	0	0	0	0	0	0	0	0	0	240	0	0	0	0	122	0	0	0	0	0	0	0	0	0	0	0	0	0	0	0	0	0	0	0	0	0	0	0	8	0	0	0	0	0	0	0	21
12	assemblage-171-856	0	0	0	0	0	112	151	0	0	0	0	0	0	0	0	0	0	0	0	11	0	0	0	93	0	0	0	0	0	0	0	0	0	0	0	0	0	21	0	0	0	0	0	0	0	19	0	0	0	0	0	0	0	81	0	0	0	0	0	0	0	0	0	0	0	0	0	0	0	0	0	0	12

13	assemblage-846-341	0	0	0	0	0	0	0	0	0	0	0	0	0	0	274	0	0	0	0	0	140	0	0	0	0	0	0	0	0	0	0	0	0	57	0	0	0	0	0	0	14	0	0	0	0	0	0	0	0	0	0	0	0	0	0	0	0	0	0	0	0	0	0	0	0	0	0	0	0	0	0	0	15
13	assemblage-631-942	0	0	0	0	0	0	0	0	0	0	0	0	0	0	0	0	0	0	0	0	0	0	0	109	0	0	0	0	0	0	0	0	0	0	0	240	0	0	0	0	122	0	0	0	0	0	0	0	0	0	0	0	0	0	0	0	0	0	0	0	0	0	0	0	8	0	0	0	0	0	0	0	21
13	assemblage-684-767	0	114	0	0	0	0	0	0	0	0	0	0	5	0	0	0	0	231	0	0	0	0	0	20	0	0	0	0	0	4	0	0	0	0	0	0	0	0	0	0	0	0	0	0	0	0	31	0	0	0	0	0	0	0	0	0	0	0	0	0	0	0	0	11	65	0	0	0	0	0	0	0	19

14	assemblage-846-341	0	0	0	0	0	0	0	0	0	0	0	0	0	0	274	0	0	0	0	0	140	0	0	0	0	0	0	0	0	0	0	0	0	57	0	0	0	0	0	0	14	0	0	0	0	0	0	0	0	0	0	0	0	0	0	0	0	0	0	0	0	0	0	0	0	0	0	0	0	0	0	0	15
14	assemblage-541-439	0	119	0	0	0	0	0	0	0	0	0	0	0	0	0	0	0	242	0	0	0	0	0	25	0	0	0	0	0	0	8	0	0	0	0	0	0	0	0	0	0	0	0	1	0	0	37	0	0	0	0	0	0	0	0	0	0	0	0	0	0	0	0	7	44	0	0	0	0	0	0	0	17
14	assemblage-171-856	0	0	0	0	0	112	151	0	0	0	0	0	0	0	0	0	0	0	0	11	0	0	0	93	0	0	0	0	0	0	0	0	0	0	0	0	0	21	0	0	0	0	0	0	0	19	0	0	0	0	0	0	0	81	0	0	0	0	0	0	0	0	0	0	0	0	0	0	0	0	0	0	12

15	assemblage-846-341	0	0	0	0	0	0	0	0	0	0	0	0	0	0	274	0	0	0	0	0	140	0	0	0	0	0	0	0	0	0	0	0	0	57	0	0	0	0	0	0	14	0	0	0	0	0	0	0	0	0	0	0	0	0	0	0	0	0	0	0	0	0	0	0	0	0	0	0	0	0	0	0	15
15	assemblage-750-626	0	0	0	0	0	249	0	0	0	0	0	0	0	0	0	0	0	0	0	0	0	0	0	209	0	0	0	0	0	0	0	0	0	0	0	0	0	0	0	0	0	0	0	0	0	0	0	0	0	0	0	0	0	0	0	0	0	22	0	0	0	0	0	0	0	0	0	0	0	0	0	0	20
15	assemblage-171-856	0	0	0	0	0	112	151	0	0	0	0	0	0	0	0	0	0	0	0	11	0	0	0	93	0	0	0	0	0	0	0	0	0	0	0	0	0	21	0	0	0	0	0	0	0	19	0	0	0	0	0	0	0	81	0	0	0	0	0	0	0	0	0	0	0	0	0	0	0	0	0	0	12

16	assemblage-846-341	0	0	0	0	0	0	0	0	0	0	0	0	0	0	274	0	0	0	0	0	140	0	0	0	0	0	0	0	0	0	0	0	0	57	0	0	0	0	0	0	14	0	0	0	0	0	0	0	0	0	0	0	0	0	0	0	0	0	0	0	0	0	0	0	0	0	0	0	0	0	0	0	15
16	assemblage-750-626	0	0	0	0	0	249	0	0	0	0	0	0	0	0	0	0	0	0	0	0	0	0	0	209	0	0	0	0	0	0	0	0	0	0	0	0	0	0	0	0	0	0	0	0	0	0	0	0	0	0	0	0	0	0	0	0	0	22	0	0	0	0	0	0	0	0	0	0	0	0	0	0	20
16	assemblage-684-767	0	114	0	0	0	0	0	0	0	0	0	0	5	0	0	0	0	231	0	0	0	0	0	20	0	0	0	0	0	4	0	0	0	0	0	0	0	0	0	0	0	0	0	0	0	0	31	0	0	0	0	0	0	0	0	0	0	0	0	0	0	0	0	11	65	0	0	0	0	0	0	0	19

17	assemblage-846-341	0	0	0	0	0	0	0	0	0	0	0	0	0	0	274	0	0	0	0	0	140	0	0	0	0	0	0	0	0	0	0	0	0	57	0	0	0	0	0	0	14	0	0	0	0	0	0	0	0	0	0	0	0	0	0	0	0	0	0	0	0	0	0	0	0	0	0	0	0	0	0	0	15
17	assemblage-750-626	0	0	0	0	0	249	0	0	0	0	0	0	0	0	0	0	0	0	0	0	0	0	0	209	0	0	0	0	0	0	0	0	0	0	0	0	0	0	0	0	0	0	0	0	0	0	0	0	0	0	0	0	0	0	0	0	0	22	0	0	0	0	0	0	0	0	0	0	0	0	0	0	20
17	assemblage-541-439	0	119	0	0	0	0	0	0	0	0	0	0	0	0	0	0	0	242	0	0	0	0	0	25	0	0	0	0	0	0	8	0	0	0	0	0	0	0	0	0	0	0	0	1	0	0	37	0	0	0	0	0	0	0	0	0	0	0	0	0	0	0	0	7	44	0	0	0	0	0	0	0	17

18	assemblage-846-341	0	0	0	0	0	0	0	0	0	0	0	0	0	0	274	0	0	0	0	0	140	0	0	0	0	0	0	0	0	0	0	0	0	57	0	0	0	0	0	0	14	0	0	0	0	0	0	0	0	0	0	0	0	0	0	0	0	0	0	0	0	0	0	0	0	0	0	0	0	0	0	0	15
18	assemblage-945-540	0	98	0	0	0	0	0	0	0	0	0	0	0	0	0	0	0	242	0	0	0	0	0	23	0	0	0	0	0	0	0	0	0	0	0	0	0	0	0	0	0	0	0	11	0	0	32	0	0	0	0	0	0	0	0	0	0	0	0	0	0	0	0	9	58	0	0	0	0	0	0	0	27
18	assemblage-171-856	0	0	0	0	0	112	151	0	0	0	0	0	0	0	0	0	0	0	0	11	0	0	0	93	0	0	0	0	0	0	0	0	0	0	0	0	0	21	0	0	0	0	0	0	0	19	0	0	0	0	0	0	0	81	0	0	0	0	0	0	0	0	0	0	0	0	0	0	0	0	0	0	12

19	assemblage-846-341	0	0	0	0	0	0	0	0	0	0	0	0	0	0	274	0	0	0	0	0	140	0	0	0	0	0	0	0	0	0	0	0	0	57	0	0	0	0	0	0	14	0	0	0	0	0	0	0	0	0	0	0	0	0	0	0	0	0	0	0	0	0	0	0	0	0	0	0	0	0	0	0	15
19	assemblage-945-540	0	98	0	0	0	0	0	0	0	0	0	0	0	0	0	0	0	242	0	0	0	0	0	23	0	0	0	0	0	0	0	0	0	0	0	0	0	0	0	0	0	0	0	11	0	0	32	0	0	0	0	0	0	0	0	0	0	0	0	0	0	0	0	9	58	0	0	0	0	0	0	0	27
19	assemblage-684-767	0	114	0	0	0	0	0	0	0	0	0	0	5	0	0	0	0	231	0	0	0	0	0	20	0	0	0	0	0	4	0	0	0	0	0	0	0	0	0	0	0	0	0	0	0	0	31	0	0	0	0	0	0	0	0	0	0	0	0	0	0	0	0	11	65	0	0	0	0	0	0	0	19

20	assemblage-846-341	0	0	0	0	0	0	0	0	0	0	0	0	0	0	274	0	0	0	0	0	140	0	0	0	0	0	0	0	0	0	0	0	0	57	0	0	0	0	0	0	14	0	0	0	0	0	0	0	0	0	0	0	0	0	0	0	0	0	0	0	0	0	0	0	0	0	0	0	0	0	0	0	15
20	assemblage-945-540	0	98	0	0	0	0	0	0	0	0	0	0	0	0	0	0	0	242	0	0	0	0	0	23	0	0	0	0	0	0	0	0	0	0	0	0	0	0	0	0	0	0	0	11	0	0	32	0	0	0	0	0	0	0	0	0	0	0	0	0	0	0	0	9	58	0	0	0	0	0	0	0	27
20	assemblage-541-439	0	119	0	0	0	0	0	0	0	0	0	0	0	0	0	0	0	242	0	0	0	0	0	25	0	0	0	0	0	0	8	0	0	0	0	0	0	0	0	0	0	0	0	1	0	0	37	0	0	0	0	0	0	0	0	0	0	0	0	0	0	0	0	7	44	0	0	0	0	0	0	0	17

21	assemblage-846-341	0	0	0	0	0	0	0	0	0	0	0	0	0	0	274	0	0	0	0	0	140	0	0	0	0	0	0	0	0	0	0	0	0	57	0	0	0	0	0	0	14	0	0	0	0	0	0	0	0	0	0	0	0	0	0	0	0	0	0	0	0	0	0	0	0	0	0	0	0	0	0	0	15
21	assemblage-945-540	0	98	0	0	0	0	0	0	0	0	0	0	0	0	0	0	0	242	0	0	0	0	0	23	0	0	0	0	0	0	0	0	0	0	0	0	0	0	0	0	0	0	0	11	0	0	32	0	0	0	0	0	0	0	0	0	0	0	0	0	0	0	0	9	58	0	0	0	0	0	0	0	27
21	assemblage-750-626	0	0	0	0	0	249	0	0	0	0	0	0	0	0	0	0	0	0	0	0	0	0	0	209	0	0	0	0	0	0	0	0	0	0	0	0	0	0	0	0	0	0	0	0	0	0	0	0	0	0	0	0	0	0	0	0	0	22	0	0	0	0	0	0	0	0	0	0	0	0	0	0	20

22	assemblage-371-810	0	0	0	0	0	0	120	0	0	0	0	0	0	0	0	0	0	12	0	0	0	0	0	0	0	0	0	18	0	0	0	0	0	0	0	0	0	0	0	0	0	0	0	0	0	0	0	0	0	0	0	0	5	220	0	0	0	0	0	0	0	0	0	0	94	0	0	0	0	22	0	0	9
22	assemblage-684-767	0	114	0	0	0	0	0	0	0	0	0	0	5	0	0	0	0	231	0	0	0	0	0	20	0	0	0	0	0	4	0	0	0	0	0	0	0	0	0	0	0	0	0	0	0	0	31	0	0	0	0	0	0	0	0	0	0	0	0	0	0	0	0	11	65	0	0	0	0	0	0	0	19
22	assemblage-993-198	0	0	0	7	0	0	0	0	0	0	0	0	0	0	0	0	0	307	0	0	0	0	0	5	0	0	0	0	0	0	0	0	0	159	0	7	0	0	0	0	0	0	0	0	0	0	0	0	0	0	0	0	0	0	0	0	0	0	0	0	0	0	0	0	0	0	0	0	0	0	0	0	15

23	assemblage-371-810	0	0	0	0	0	0	120	0	0	0	0	0	0	0	0	0	0	12	0	0	0	0	0	0	0	0	0	18	0	0	0	0	0	0	0	0	0	0	0	0	0	0	0	0	0	0	0	0	0	0	0	0	5	220	0	0	0	0	0	0	0	0	0	0	94	0	0	0	0	22	0	0	9
23	assemblage-541-439	0	119	0	0	0	0	0	0	0	0	0	0	0	0	0	0	0	242	0	0	0	0	0	25	0	0	0	0	0	0	8	0	0	0	0	0	0	0	0	0	0	0	0	1	0	0	37	0	0	0	0	0	0	0	0	0	0	0	0	0	0	0	0	7	44	0	0	0	0	0	0	0	17
23	assemblage-993-198	0	0	0	7	0	0	0	0	0	0	0	0	0	0	0	0	0	307	0	0	0	0	0	5	0	0	0	0	0	0	0	0	0	159	0	7	0	0	0	0	0	0	0	0	0	0	0	0	0	0	0	0	0	0	0	0	0	0	0	0	0	0	0	0	0	0	0	0	0	0	0	0	15

24	assemblage-371-810	0	0	0	0	0	0	120	0	0	0	0	0	0	0	0	0	0	12	0	0	0	0	0	0	0	0	0	18	0	0	0	0	0	0	0	0	0	0	0	0	0	0	0	0	0	0	0	0	0	0	0	0	5	220	0	0	0	0	0	0	0	0	0	0	94	0	0	0	0	22	0	0	9
24	assemblage-945-540	0	98	0	0	0	0	0	0	0	0	0	0	0	0	0	0	0	242	0	0	0	0	0	23	0	0	0	0	0	0	0	0	0	0	0	0	0	0	0	0	0	0	0	11	0	0	32	0	0	0	0	0	0	0	0	0	0	0	0	0	0	0	0	9	58	0	0	0	0	0	0	0	27
24	assemblage-993-198	0	0	0	7	0	0	0	0	0	0	0	0	0	0	0	0	0	307	0	0	0	0	0	5	0	0	0	0	0	0	0	0	0	159	0	7	0	0	0	0	0	0	0	0	0	0	0	0	0	0	0	0	0	0	0	0	0	0	0	0	0	0	0	0	0	0	0	0	0	0	0	0	15

25	assemblage-371-810	0	0	0	0	0	0	120	0	0	0	0	0	0	0	0	0	0	12	0	0	0	0	0	0	0	0	0	18	0	0	0	0	0	0	0	0	0	0	0	0	0	0	0	0	0	0	0	0	0	0	0	0	5	220	0	0	0	0	0	0	0	0	0	0	94	0	0	0	0	22	0	0	9
25	assemblage-945-540	0	98	0	0	0	0	0	0	0	0	0	0	0	0	0	0	0	242	0	0	0	0	0	23	0	0	0	0	0	0	0	0	0	0	0	0	0	0	0	0	0	0	0	11	0	0	32	0	0	0	0	0	0	0	0	0	0	0	0	0	0	0	0	9	58	0	0	0	0	0	0	0	27
25	assemblage-631-942	0	0	0	0	0	0	0	0	0	0	0	0	0	0	0	0	0	0	0	0	0	0	0	109	0	0	0	0	0	0	0	0	0	0	0	240	0	0	0	0	122	0	0	0	0	0	0	0	0	0	0	0	0	0	0	0	0	0	0	0	0	0	0	0	8	0	0	0	0	0	0	0	21

26	assemblage-371-810	0	0	0	0	0	0	120	0	0	0	0	0	0	0	0	0	0	12	0	0	0	0	0	0	0	0	0	18	0	0	0	0	0	0	0	0	0	0	0	0	0	0	0	0	0	0	0	0	0	0	0	0	5	220	0	0	0	0	0	0	0	0	0	0	94	0	0	0	0	22	0	0	9
26	assemblage-945-540	0	98	0	0	0	0	0	0	0	0	0	0	0	0	0	0	0	242	0	0	0	0	0	23	0	0	0	0	0	0	0	0	0	0	0	0	0	0	0	0	0	0	0	11	0	0	32	0	0	0	0	0	0	0	0	0	0	0	0	0	0	0	0	9	58	0	0	0	0	0	0	0	27
26	assemblage-541-439	0	119	0	0	0	0	0	0	0	0	0	0	0	0	0	0	0	242	0	0	0	0	0	25	0	0	0	0	0	0	8	0	0	0	0	0	0	0	0	0	0	0	0	1	0	0	37	0	0	0	0	0	0	0	0	0	0	0	0	0	0	0	0	7	44	0	0	0	0	0	0	0	17

27	assemblage-371-810	0	0	0	0	0	0	120	0	0	0	0	0	0	0	0	0	0	12	0	0	0	0	0	0	0	0	0	18	0	0	0	0	0	0	0	0	0	0	0	0	0	0	0	0	0	0	0	0	0	0	0	0	5	220	0	0	0	0	0	0	0	0	0	0	94	0	0	0	0	22	0	0	9
27	assemblage-945-540	0	98	0	0	0	0	0	0	0	0	0	0	0	0	0	0	0	242	0	0	0	0	0	23	0	0	0	0	0	0	0	0	0	0	0	0	0	0	0	0	0	0	0	11	0	0	32	0	0	0	0	0	0	0	0	0	0	0	0	0	0	0	0	9	58	0	0	0	0	0	0	0	27
27	assemblage-750-626	0	0	0	0	0	249	0	0	0	0	0	0	0	0	0	0	0	0	0	0	0	0	0	209	0	0	0	0	0	0	0	0	0	0	0	0	0	0	0	0	0	0	0	0	0	0	0	0	0	0	0	0	0	0	0	0	0	22	0	0	0	0	0	0	0	0	0	0	0	0	0	0	20

28	assemblage-1011-185	0	0	0	0	0	0	0	0	0	0	0	0	0	0	0	0	0	0	0	0	0	0	0	132	0	0	0	0	0	0	0	6	0	0	0	224	0	0	0	0	127	0	0	0	0	0	0	0	0	0	0	0	0	0	0	0	0	0	0	0	0	0	0	0	4	0	0	0	0	0	0	0	7
28	assemblage-631-942	0	0	0	0	0	0	0	0	0	0	0	0	0	0	0	0	0	0	0	0	0	0	0	109	0	0	0	0	0	0	0	0	0	0	0	240	0	0	0	0	122	0	0	0	0	0	0	0	0	0	0	0	0	0	0	0	0	0	0	0	0	0	0	0	8	0	0	0	0	0	0	0	21
28	assemblage-171-856	0	0	0	0	0	112	151	0	0	0	0	0	0	0	0	0	0	0	0	11	0	0	0	93	0	0	0	0	0	0	0	0	0	0	0	0	0	21	0	0	0	0	0	0	0	19	0	0	0	0	0	0	0	81	0	0	0	0	0	0	0	0	0	0	0	0	0	0	0	0	0	0	12

29	assemblage-1011-185	0	0	0	0	0	0	0	0	0	0	0	0	0	0	0	0	0	0	0	0	0	0	0	132	0	0	0	0	0	0	0	6	0	0	0	224	0	0	0	0	127	0	0	0	0	0	0	0	0	0	0	0	0	0	0	0	0	0	0	0	0	0	0	0	4	0	0	0	0	0	0	0	7
29	assemblage-631-942	0	0	0	0	0	0	0	0	0	0	0	0	0	0	0	0	0	0	0	0	0	0	0	109	0	0	0	0	0	0	0	0	0	0	0	240	0	0	0	0	122	0	0	0	0	0	0	0	0	0	0	0	0	0	0	0	0	0	0	0	0	0	0	0	8	0	0	0	0	0	0	0	21
29	assemblage-993-198	0	0	0	7	0	0	0	0	0	0	0	0	0	0	0	0	0	307	0	0	0	0	0	5	0	0	0	0	0	0	0	0	0	159	0	7	0	0	0	0	0	0	0	0	0	0	0	0	0	0	0	0	0	0	0	0	0	0	0	0	0	0	0	0	0	0	0	0	0	0	0	0	15

30	assemblage-1011-185	0	0	0	0	0	0	0	0	0	0	0	0	0	0	0	0	0	0	0	0	0	0	0	132	0	0	0	0	0	0	0	6	0	0	0	224	0	0	0	0	127	0	0	0	0	0	0	0	0	0	0	0	0	0	0	0	0	0	0	0	0	0	0	0	4	0	0	0	0	0	0	0	7
30	assemblage-631-942	0	0	0	0	0	0	0	0	0	0	0	0	0	0	0	0	0	0	0	0	0	0	0	109	0	0	0	0	0	0	0	0	0	0	0	240	0	0	0	0	122	0	0	0	0	0	0	0	0	0	0	0	0	0	0	0	0	0	0	0	0	0	0	0	8	0	0	0	0	0	0	0	21
30	assemblage-684-767	0	114	0	0	0	0	0	0	0	0	0	0	5	0	0	0	0	231	0	0	0	0	0	20	0	0	0	0	0	4	0	0	0	0	0	0	0	0	0	0	0	0	0	0	0	0	31	0	0	0	0	0	0	0	0	0	0	0	0	0	0	0	0	11	65	0	0	0	0	0	0	0	19

31	assemblage-1011-185	0	0	0	0	0	0	0	0	0	0	0	0	0	0	0	0	0	0	0	0	0	0	0	132	0	0	0	0	0	0	0	6	0	0	0	224	0	0	0	0	127	0	0	0	0	0	0	0	0	0	0	0	0	0	0	0	0	0	0	0	0	0	0	0	4	0	0	0	0	0	0	0	7
31	assemblage-750-626	0	0	0	0	0	249	0	0	0	0	0	0	0	0	0	0	0	0	0	0	0	0	0	209	0	0	0	0	0	0	0	0	0	0	0	0	0	0	0	0	0	0	0	0	0	0	0	0	0	0	0	0	0	0	0	0	0	22	0	0	0	0	0	0	0	0	0	0	0	0	0	0	20
31	assemblage-171-856	0	0	0	0	0	112	151	0	0	0	0	0	0	0	0	0	0	0	0	11	0	0	0	93	0	0	0	0	0	0	0	0	0	0	0	0	0	21	0	0	0	0	0	0	0	19	0	0	0	0	0	0	0	81	0	0	0	0	0	0	0	0	0	0	0	0	0	0	0	0	0	0	12

32	assemblage-1011-185	0	0	0	0	0	0	0	0	0	0	0	0	0	0	0	0	0	0	0	0	0	0	0	132	0	0	0	0	0	0	0	6	0	0	0	224	0	0	0	0	127	0	0	0	0	0	0	0	0	0	0	0	0	0	0	0	0	0	0	0	0	0	0	0	4	0	0	0	0	0	0	0	7
32	assemblage-945-540	0	98	0	0	0	0	0	0	0	0	0	0	0	0	0	0	0	242	0	0	0	0	0	23	0	0	0	0	0	0	0	0	0	0	0	0	0	0	0	0	0	0	0	11	0	0	32	0	0	0	0	0	0	0	0	0	0	0	0	0	0	0	0	9	58	0	0	0	0	0	0	0	27
32	assemblage-684-767	0	114	0	0	0	0	0	0	0	0	0	0	5	0	0	0	0	231	0	0	0	0	0	20	0	0	0	0	0	4	0	0	0	0	0	0	0	0	0	0	0	0	0	0	0	0	31	0	0	0	0	0	0	0	0	0	0	0	0	0	0	0	0	11	65	0	0	0	0	0	0	0	19

33	assemblage-1011-185	0	0	0	0	0	0	0	0	0	0	0	0	0	0	0	0	0	0	0	0	0	0	0	132	0	0	0	0	0	0	0	6	0	0	0	224	0	0	0	0	127	0	0	0	0	0	0	0	0	0	0	0	0	0	0	0	0	0	0	0	0	0	0	0	4	0	0	0	0	0	0	0	7
33	assemblage-945-540	0	98	0	0	0	0	0	0	0	0	0	0	0	0	0	0	0	242	0	0	0	0	0	23	0	0	0	0	0	0	0	0	0	0	0	0	0	0	0	0	0	0	0	11	0	0	32	0	0	0	0	0	0	0	0	0	0	0	0	0	0	0	0	9	58	0	0	0	0	0	0	0	27
33	assemblage-541-439	0	119	0	0	0	0	0	0	0	0	0	0	0	0	0	0	0	242	0	0	0	0	0	25	0	0	0	0	0	0	8	0	0	0	0	0	0	0	0	0	0	0	0	1	0	0	37	0	0	0	0	0	0	0	0	0	0	0	0	0	0	0	0	7	44	0	0	0	0	0	0	0	17

34	assemblage-164-852	0	0	0	0	0	0	14	0	0	0	0	0	0	0	0	0	0	0	0	381	0	0	0	0	0	0	0	0	0	0	0	0	0	0	0	0	0	37	0	0	0	0	0	0	0	0	0	0	9	0	0	0	0	38	0	0	0	0	0	0	0	0	0	0	0	0	0	0	0	0	0	0	21
34	assemblage-684-767	0	114	0	0	0	0	0	0	0	0	0	0	5	0	0	0	0	231	0	0	0	0	0	20	0	0	0	0	0	4	0	0	0	0	0	0	0	0	0	0	0	0	0	0	0	0	31	0	0	0	0	0	0	0	0	0	0	0	0	0	0	0	0	11	65	0	0	0	0	0	0	0	19
34	assemblage-993-198	0	0	0	7	0	0	0	0	0	0	0	0	0	0	0	0	0	307	0	0	0	0	0	5	0	0	0	0	0	0	0	0	0	159	0	7	0	0	0	0	0	0	0	0	0	0	0	0	0	0	0	0	0	0	0	0	0	0	0	0	0	0	0	0	0	0	0	0	0	0	0	0	15

35	assemblage-164-852	0	0	0	0	0	0	14	0	0	0	0	0	0	0	0	0	0	0	0	381	0	0	0	0	0	0	0	0	0	0	0	0	0	0	0	0	0	37	0	0	0	0	0	0	0	0	0	0	9	0	0	0	0	38	0	0	0	0	0	0	0	0	0	0	0	0	0	0	0	0	0	0	21
35	assemblage-631-942	0	0	0	0	0	0	0	0	0	0	0	0	0	0	0	0	0	0	0	0	0	0	0	109	0	0	0	0	0	0	0	0	0	0	0	240	0	0	0	0	122	0	0	0	0	0	0	0	0	0	0	0	0	0	0	0	0	0	0	0	0	0	0	0	8	0	0	0	0	0	0	0	21
35	assemblage-993-198	0	0	0	7	0	0	0	0	0	0	0	0	0	0	0	0	0	307	0	0	0	0	0	5	0	0	0	0	0	0	0	0	0	159	0	7	0	0	0	0	0	0	0	0	0	0	0	0	0	0	0	0	0	0	0	0	0	0	0	0	0	0	0	0	0	0	0	0	0	0	0	0	15

36	assemblage-164-852	0	0	0	0	0	0	14	0	0	0	0	0	0	0	0	0	0	0	0	381	0	0	0	0	0	0	0	0	0	0	0	0	0	0	0	0	0	37	0	0	0	0	0	0	0	0	0	0	9	0	0	0	0	38	0	0	0	0	0	0	0	0	0	0	0	0	0	0	0	0	0	0	21
36	assemblage-631-942	0	0	0	0	0	0	0	0	0	0	0	0	0	0	0	0	0	0	0	0	0	0	0	109	0	0	0	0	0	0	0	0	0	0	0	240	0	0	0	0	122	0	0	0	0	0	0	0	0	0	0	0	0	0	0	0	0	0	0	0	0	0	0	0	8	0	0	0	0	0	0	0	21
36	assemblage-684-767	0	114	0	0	0	0	0	0	0	0	0	0	5	0	0	0	0	231	0	0	0	0	0	20	0	0	0	0	0	4	0	0	0	0	0	0	0	0	0	0	0	0	0	0	0	0	31	0	0	0	0	0	0	0	0	0	0	0	0	0	0	0	0	11	65	0	0	0	0	0	0	0	19

37	assemblage-164-852	0	0	0	0	0	0	14	0	0	0	0	0	0	0	0	0	0	0	0	381	0	0	0	0	0	0	0	0	0	0	0	0	0	0	0	0	0	37	0	0	0	0	0	0	0	0	0	0	9	0	0	0	0	38	0	0	0	0	0	0	0	0	0	0	0	0	0	0	0	0	0	0	21
37	assemblage-541-439	0	119	0	0	0	0	0	0	0	0	0	0	0	0	0	0	0	242	0	0	0	0	0	25	0	0	0	0	0	0	8	0	0	0	0	0	0	0	0	0	0	0	0	1	0	0	37	0	0	0	0	0	0	0	0	0	0	0	0	0	0	0	0	7	44	0	0	0	0	0	0	0	17
37	assemblage-993-198	0	0	0	7	0	0	0	0	0	0	0	0	0	0	0	0	0	307	0	0	0	0	0	5	0	0	0	0	0	0	0	0	0	159	0	7	0	0	0	0	0	0	0	0	0	0	0	0	0	0	0	0	0	0	0	0	0	0	0	0	0	0	0	0	0	0	0	0	0	0	0	0	15

38	assemblage-164-852	0	0	0	0	0	0	14	0	0	0	0	0	0	0	0	0	0	0	0	381	0	0	0	0	0	0	0	0	0	0	0	0	0	0	0	0	0	37	0	0	0	0	0	0	0	0	0	0	9	0	0	0	0	38	0	0	0	0	0	0	0	0	0	0	0	0	0	0	0	0	0	0	21
38	assemblage-750-626	0	0	0	0	0	249	0	0	0	0	0	0	0	0	0	0	0	0	0	0	0	0	0	209	0	0	0	0	0	0	0	0	0	0	0	0	0	0	0	0	0	0	0	0	0	0	0	0	0	0	0	0	0	0	0	0	0	22	0	0	0	0	0	0	0	0	0	0	0	0	0	0	20
38	assemblage-993-198	0	0	0	7	0	0	0	0	0	0	0	0	0	0	0	0	0	307	0	0	0	0	0	5	0	0	0	0	0	0	0	0	0	159	0	7	0	0	0	0	0	0	0	0	0	0	0	0	0	0	0	0	0	0	0	0	0	0	0	0	0	0	0	0	0	0	0	0	0	0	0	0	15

39	assemblage-164-852	0	0	0	0	0	0	14	0	0	0	0	0	0	0	0	0	0	0	0	381	0	0	0	0	0	0	0	0	0	0	0	0	0	0	0	0	0	37	0	0	0	0	0	0	0	0	0	0	9	0	0	0	0	38	0	0	0	0	0	0	0	0	0	0	0	0	0	0	0	0	0	0	21
39	assemblage-750-626	0	0	0	0	0	249	0	0	0	0	0	0	0	0	0	0	0	0	0	0	0	0	0	209	0	0	0	0	0	0	0	0	0	0	0	0	0	0	0	0	0	0	0	0	0	0	0	0	0	0	0	0	0	0	0	0	0	22	0	0	0	0	0	0	0	0	0	0	0	0	0	0	20
39	assemblage-684-767	0	114	0	0	0	0	0	0	0	0	0	0	5	0	0	0	0	231	0	0	0	0	0	20	0	0	0	0	0	4	0	0	0	0	0	0	0	0	0	0	0	0	0	0	0	0	31	0	0	0	0	0	0	0	0	0	0	0	0	0	0	0	0	11	65	0	0	0	0	0	0	0	19

40	assemblage-164-852	0	0	0	0	0	0	14	0	0	0	0	0	0	0	0	0	0	0	0	381	0	0	0	0	0	0	0	0	0	0	0	0	0	0	0	0	0	37	0	0	0	0	0	0	0	0	0	0	9	0	0	0	0	38	0	0	0	0	0	0	0	0	0	0	0	0	0	0	0	0	0	0	21
40	assemblage-750-626	0	0	0	0	0	249	0	0	0	0	0	0	0	0	0	0	0	0	0	0	0	0	0	209	0	0	0	0	0	0	0	0	0	0	0	0	0	0	0	0	0	0	0	0	0	0	0	0	0	0	0	0	0	0	0	0	0	22	0	0	0	0	0	0	0	0	0	0	0	0	0	0	20
40	assemblage-631-942	0	0	0	0	0	0	0	0	0	0	0	0	0	0	0	0	0	0	0	0	0	0	0	109	0	0	0	0	0	0	0	0	0	0	0	240	0	0	0	0	122	0	0	0	0	0	0	0	0	0	0	0	0	0	0	0	0	0	0	0	0	0	0	0	8	0	0	0	0	0	0	0	21

41	assemblage-164-852	0	0	0	0	0	0	14	0	0	0	0	0	0	0	0	0	0	0	0	381	0	0	0	0	0	0	0	0	0	0	0	0	0	0	0	0	0	37	0	0	0	0	0	0	0	0	0	0	9	0	0	0	0	38	0	0	0	0	0	0	0	0	0	0	0	0	0	0	0	0	0	0	21
41	assemblage-750-626	0	0	0	0	0	249	0	0	0	0	0	0	0	0	0	0	0	0	0	0	0	0	0	209	0	0	0	0	0	0	0	0	0	0	0	0	0	0	0	0	0	0	0	0	0	0	0	0	0	0	0	0	0	0	0	0	0	22	0	0	0	0	0	0	0	0	0	0	0	0	0	0	20
41	assemblage-541-439	0	119	0	0	0	0	0	0	0	0	0	0	0	0	0	0	0	242	0	0	0	0	0	25	0	0	0	0	0	0	8	0	0	0	0	0	0	0	0	0	0	0	0	1	0	0	37	0	0	0	0	0	0	0	0	0	0	0	0	0	0	0	0	7	44	0	0	0	0	0	0	0	17

42	assemblage-164-852	0	0	0	0	0	0	14	0	0	0	0	0	0	0	0	0	0	0	0	381	0	0	0	0	0	0	0	0	0	0	0	0	0	0	0	0	0	37	0	0	0	0	0	0	0	0	0	0	9	0	0	0	0	38	0	0	0	0	0	0	0	0	0	0	0	0	0	0	0	0	0	0	21
42	assemblage-945-540	0	98	0	0	0	0	0	0	0	0	0	0	0	0	0	0	0	242	0	0	0	0	0	23	0	0	0	0	0	0	0	0	0	0	0	0	0	0	0	0	0	0	0	11	0	0	32	0	0	0	0	0	0	0	0	0	0	0	0	0	0	0	0	9	58	0	0	0	0	0	0	0	27
42	assemblage-993-198	0	0	0	7	0	0	0	0	0	0	0	0	0	0	0	0	0	307	0	0	0	0	0	5	0	0	0	0	0	0	0	0	0	159	0	7	0	0	0	0	0	0	0	0	0	0	0	0	0	0	0	0	0	0	0	0	0	0	0	0	0	0	0	0	0	0	0	0	0	0	0	0	15

43	assemblage-164-852	0	0	0	0	0	0	14	0	0	0	0	0	0	0	0	0	0	0	0	381	0	0	0	0	0	0	0	0	0	0	0	0	0	0	0	0	0	37	0	0	0	0	0	0	0	0	0	0	9	0	0	0	0	38	0	0	0	0	0	0	0	0	0	0	0	0	0	0	0	0	0	0	21
43	assemblage-945-540	0	98	0	0	0	0	0	0	0	0	0	0	0	0	0	0	0	242	0	0	0	0	0	23	0	0	0	0	0	0	0	0	0	0	0	0	0	0	0	0	0	0	0	11	0	0	32	0	0	0	0	0	0	0	0	0	0	0	0	0	0	0	0	9	58	0	0	0	0	0	0	0	27
43	assemblage-684-767	0	114	0	0	0	0	0	0	0	0	0	0	5	0	0	0	0	231	0	0	0	0	0	20	0	0	0	0	0	4	0	0	0	0	0	0	0	0	0	0	0	0	0	0	0	0	31	0	0	0	0	0	0	0	0	0	0	0	0	0	0	0	0	11	65	0	0	0	0	0	0	0	19

44	assemblage-164-852	0	0	0	0	0	0	14	0	0	0	0	0	0	0	0	0	0	0	0	381	0	0	0	0	0	0	0	0	0	0	0	0	0	0	0	0	0	37	0	0	0	0	0	0	0	0	0	0	9	0	0	0	0	38	0	0	0	0	0	0	0	0	0	0	0	0	0	0	0	0	0	0	21
44	assemblage-945-540	0	98	0	0	0	0	0	0	0	0	0	0	0	0	0	0	0	242	0	0	0	0	0	23	0	0	0	0	0	0	0	0	0	0	0	0	0	0	0	0	0	0	0	11	0	0	32	0	0	0	0	0	0	0	0	0	0	0	0	0	0	0	0	9	58	0	0	0	0	0	0	0	27
44	assemblage-631-942	0	0	0	0	0	0	0	0	0	0	0	0	0	0	0	0	0	0	0	0	0	0	0	109	0	0	0	0	0	0	0	0	0	0	0	240	0	0	0	0	122	0	0	0	0	0	0	0	0	0	0	0	0	0	0	0	0	0	0	0	0	0	0	0	8	0	0	0	0	0	0	0	21

45	assemblage-164-852	0	0	0	0	0	0	14	0	0	0	0	0	0	0	0	0	0	0	0	381	0	0	0	0	0	0	0	0	0	0	0	0	0	0	0	0	0	37	0	0	0	0	0	0	0	0	0	0	9	0	0	0	0	38	0	0	0	0	0	0	0	0	0	0	0	0	0	0	0	0	0	0	21
45	assemblage-945-540	0	98	0	0	0	0	0	0	0	0	0	0	0	0	0	0	0	242	0	0	0	0	0	23	0	0	0	0	0	0	0	0	0	0	0	0	0	0	0	0	0	0	0	11	0	0	32	0	0	0	0	0	0	0	0	0	0	0	0	0	0	0	0	9	58	0	0	0	0	0	0	0	27
45	assemblage-541-439	0	119	0	0	0	0	0	0	0	0	0	0	0	0	0	0	0	242	0	0	0	0	0	25	0	0	0	0	0	0	8	0	0	0	0	0	0	0	0	0	0	0	0	1	0	0	37	0	0	0	0	0	0	0	0	0	0	0	0	0	0	0	0	7	44	0	0	0	0	0	0	0	17

46	assemblage-164-852	0	0	0	0	0	0	14	0	0	0	0	0	0	0	0	0	0	0	0	381	0	0	0	0	0	0	0	0	0	0	0	0	0	0	0	0	0	37	0	0	0	0	0	0	0	0	0	0	9	0	0	0	0	38	0	0	0	0	0	0	0	0	0	0	0	0	0	0	0	0	0	0	21
46	assemblage-945-540	0	98	0	0	0	0	0	0	0	0	0	0	0	0	0	0	0	242	0	0	0	0	0	23	0	0	0	0	0	0	0	0	0	0	0	0	0	0	0	0	0	0	0	11	0	0	32	0	0	0	0	0	0	0	0	0	0	0	0	0	0	0	0	9	58	0	0	0	0	0	0	0	27
46	assemblage-750-626	0	0	0	0	0	249	0	0	0	0	0	0	0	0	0	0	0	0	0	0	0	0	0	209	0	0	0	0	0	0	0	0	0	0	0	0	0	0	0	0	0	0	0	0	0	0	0	0	0	0	0	0	0	0	0	0	0	22	0	0	0	0	0	0	0	0	0	0	0	0	0	0	20

47	assemblage-164-852	0	0	0	0	0	0	14	0	0	0	0	0	0	0	0	0	0	0	0	381	0	0	0	0	0	0	0	0	0	0	0	0	0	0	0	0	0	37	0	0	0	0	0	0	0	0	0	0	9	0	0	0	0	38	0	0	0	0	0	0	0	0	0	0	0	0	0	0	0	0	0	0	21
47	assemblage-846-341	0	0	0	0	0	0	0	0	0	0	0	0	0	0	274	0	0	0	0	0	140	0	0	0	0	0	0	0	0	0	0	0	0	57	0	0	0	0	0	0	14	0	0	0	0	0	0	0	0	0	0	0	0	0	0	0	0	0	0	0	0	0	0	0	0	0	0	0	0	0	0	0	15
47	assemblage-993-198	0	0	0	7	0	0	0	0	0	0	0	0	0	0	0	0	0	307	0	0	0	0	0	5	0	0	0	0	0	0	0	0	0	159	0	7	0	0	0	0	0	0	0	0	0	0	0	0	0	0	0	0	0	0	0	0	0	0	0	0	0	0	0	0	0	0	0	0	0	0	0	0	15

48	assemblage-701-469	0	213	0	0	0	0	18	0	0	0	0	0	0	0	0	0	0	0	0	14	0	7	0	0	0	0	0	0	0	0	0	0	0	0	0	0	0	0	0	0	0	0	0	0	0	0	0	0	0	0	0	0	0	237	0	0	0	0	0	0	0	0	0	0	0	0	0	0	0	0	0	0	11
48	assemblage-684-767	0	114	0	0	0	0	0	0	0	0	0	0	5	0	0	0	0	231	0	0	0	0	0	20	0	0	0	0	0	4	0	0	0	0	0	0	0	0	0	0	0	0	0	0	0	0	31	0	0	0	0	0	0	0	0	0	0	0	0	0	0	0	0	11	65	0	0	0	0	0	0	0	19
48	assemblage-993-198	0	0	0	7	0	0	0	0	0	0	0	0	0	0	0	0	0	307	0	0	0	0	0	5	0	0	0	0	0	0	0	0	0	159	0	7	0	0	0	0	0	0	0	0	0	0	0	0	0	0	0	0	0	0	0	0	0	0	0	0	0	0	0	0	0	0	0	0	0	0	0	0	15

49	assemblage-701-469	0	213	0	0	0	0	18	0	0	0	0	0	0	0	0	0	0	0	0	14	0	7	0	0	0	0	0	0	0	0	0	0	0	0	0	0	0	0	0	0	0	0	0	0	0	0	0	0	0	0	0	0	0	237	0	0	0	0	0	0	0	0	0	0	0	0	0	0	0	0	0	0	11
49	assemblage-631-942	0	0	0	0	0	0	0	0	0	0	0	0	0	0	0	0	0	0	0	0	0	0	0	109	0	0	0	0	0	0	0	0	0	0	0	240	0	0	0	0	122	0	0	0	0	0	0	0	0	0	0	0	0	0	0	0	0	0	0	0	0	0	0	0	8	0	0	0	0	0	0	0	21
49	assemblage-993-198	0	0	0	7	0	0	0	0	0	0	0	0	0	0	0	0	0	307	0	0	0	0	0	5	0	0	0	0	0	0	0	0	0	159	0	7	0	0	0	0	0	0	0	0	0	0	0	0	0	0	0	0	0	0	0	0	0	0	0	0	0	0	0	0	0	0	0	0	0	0	0	0	15

50	assemblage-701-469	0	213	0	0	0	0	18	0	0	0	0	0	0	0	0	0	0	0	0	14	0	7	0	0	0	0	0	0	0	0	0	0	0	0	0	0	0	0	0	0	0	0	0	0	0	0	0	0	0	0	0	0	0	237	0	0	0	0	0	0	0	0	0	0	0	0	0	0	0	0	0	0	11
50	assemblage-541-439	0	119	0	0	0	0	0	0	0	0	0	0	0	0	0	0	0	242	0	0	0	0	0	25	0	0	0	0	0	0	8	0	0	0	0	0	0	0	0	0	0	0	0	1	0	0	37	0	0	0	0	0	0	0	0	0	0	0	0	0	0	0	0	7	44	0	0	0	0	0	0	0	17
50	assemblage-993-198	0	0	0	7	0	0	0	0	0	0	0	0	0	0	0	0	0	307	0	0	0	0	0	5	0	0	0	0	0	0	0	0	0	159	0	7	0	0	0	0	0	0	0	0	0	0	0	0	0	0	0	0	0	0	0	0	0	0	0	0	0	0	0	0	0	0	0	0	0	0	0	0	15

51	assemblage-701-469	0	213	0	0	0	0	18	0	0	0	0	0	0	0	0	0	0	0	0	14	0	7	0	0	0	0	0	0	0	0	0	0	0	0	0	0	0	0	0	0	0	0	0	0	0	0	0	0	0	0	0	0	0	237	0	0	0	0	0	0	0	0	0	0	0	0	0	0	0	0	0	0	11
51	assemblage-750-626	0	0	0	0	0	249	0	0	0	0	0	0	0	0	0	0	0	0	0	0	0	0	0	209	0	0	0	0	0	0	0	0	0	0	0	0	0	0	0	0	0	0	0	0	0	0	0	0	0	0	0	0	0	0	0	0	0	22	0	0	0	0	0	0	0	0	0	0	0	0	0	0	20
51	assemblage-993-198	0	0	0	7	0	0	0	0	0	0	0	0	0	0	0	0	0	307	0	0	0	0	0	5	0	0	0	0	0	0	0	0	0	159	0	7	0	0	0	0	0	0	0	0	0	0	0	0	0	0	0	0	0	0	0	0	0	0	0	0	0	0	0	0	0	0	0	0	0	0	0	0	15

52	assemblage-701-469	0	213	0	0	0	0	18	0	0	0	0	0	0	0	0	0	0	0	0	14	0	7	0	0	0	0	0	0	0	0	0	0	0	0	0	0	0	0	0	0	0	0	0	0	0	0	0	0	0	0	0	0	0	237	0	0	0	0	0	0	0	0	0	0	0	0	0	0	0	0	0	0	11
52	assemblage-750-626	0	0	0	0	0	249	0	0	0	0	0	0	0	0	0	0	0	0	0	0	0	0	0	209	0	0	0	0	0	0	0	0	0	0	0	0	0	0	0	0	0	0	0	0	0	0	0	0	0	0	0	0	0	0	0	0	0	22	0	0	0	0	0	0	0	0	0	0	0	0	0	0	20
52	assemblage-631-942	0	0	0	0	0	0	0	0	0	0	0	0	0	0	0	0	0	0	0	0	0	0	0	109	0	0	0	0	0	0	0	0	0	0	0	240	0	0	0	0	122	0	0	0	0	0	0	0	0	0	0	0	0	0	0	0	0	0	0	0	0	0	0	0	8	0	0	0	0	0	0	0	21

53	assemblage-701-469	0	213	0	0	0	0	18	0	0	0	0	0	0	0	0	0	0	0	0	14	0	7	0	0	0	0	0	0	0	0	0	0	0	0	0	0	0	0	0	0	0	0	0	0	0	0	0	0	0	0	0	0	0	237	0	0	0	0	0	0	0	0	0	0	0	0	0	0	0	0	0	0	11
53	assemblage-945-540	0	98	0	0	0	0	0	0	0	0	0	0	0	0	0	0	0	242	0	0	0	0	0	23	0	0	0	0	0	0	0	0	0	0	0	0	0	0	0	0	0	0	0	11	0	0	32	0	0	0	0	0	0	0	0	0	0	0	0	0	0	0	0	9	58	0	0	0	0	0	0	0	27
53	assemblage-993-198	0	0	0	7	0	0	0	0	0	0	0	0	0	0	0	0	0	307	0	0	0	0	0	5	0	0	0	0	0	0	0	0	0	159	0	7	0	0	0	0	0	0	0	0	0	0	0	0	0	0	0	0	0	0	0	0	0	0	0	0	0	0	0	0	0	0	0	0	0	0	0	0	15

54	assemblage-701-469	0	213	0	0	0	0	18	0	0	0	0	0	0	0	0	0	0	0	0	14	0	7	0	0	0	0	0	0	0	0	0	0	0	0	0	0	0	0	0	0	0	0	0	0	0	0	0	0	0	0	0	0	0	237	0	0	0	0	0	0	0	0	0	0	0	0	0	0	0	0	0	0	11
54	assemblage-945-540	0	98	0	0	0	0	0	0	0	0	0	0	0	0	0	0	0	242	0	0	0	0	0	23	0	0	0	0	0	0	0	0	0	0	0	0	0	0	0	0	0	0	0	11	0	0	32	0	0	0	0	0	0	0	0	0	0	0	0	0	0	0	0	9	58	0	0	0	0	0	0	0	27
54	assemblage-631-942	0	0	0	0	0	0	0	0	0	0	0	0	0	0	0	0	0	0	0	0	0	0	0	109	0	0	0	0	0	0	0	0	0	0	0	240	0	0	0	0	122	0	0	0	0	0	0	0	0	0	0	0	0	0	0	0	0	0	0	0	0	0	0	0	8	0	0	0	0	0	0	0	21

55	assemblage-701-469	0	213	0	0	0	0	18	0	0	0	0	0	0	0	0	0	0	0	0	14	0	7	0	0	0	0	0	0	0	0	0	0	0	0	0	0	0	0	0	0	0	0	0	0	0	0	0	0	0	0	0	0	0	237	0	0	0	0	0	0	0	0	0	0	0	0	0	0	0	0	0	0	11
55	assemblage-945-540	0	98	0	0	0	0	0	0	0	0	0	0	0	0	0	0	0	242	0	0	0	0	0	23	0	0	0	0	0	0	0	0	0	0	0	0	0	0	0	0	0	0	0	11	0	0	32	0	0	0	0	0	0	0	0	0	0	0	0	0	0	0	0	9	58	0	0	0	0	0	0	0	27
55	assemblage-750-626	0	0	0	0	0	249	0	0	0	0	0	0	0	0	0	0	0	0	0	0	0	0	0	209	0	0	0	0	0	0	0	0	0	0	0	0	0	0	0	0	0	0	0	0	0	0	0	0	0	0	0	0	0	0	0	0	0	22	0	0	0	0	0	0	0	0	0	0	0	0	0	0	20

56	assemblage-701-469	0	213	0	0	0	0	18	0	0	0	0	0	0	0	0	0	0	0	0	14	0	7	0	0	0	0	0	0	0	0	0	0	0	0	0	0	0	0	0	0	0	0	0	0	0	0	0	0	0	0	0	0	0	237	0	0	0	0	0	0	0	0	0	0	0	0	0	0	0	0	0	0	11
56	assemblage-846-341	0	0	0	0	0	0	0	0	0	0	0	0	0	0	274	0	0	0	0	0	140	0	0	0	0	0	0	0	0	0	0	0	0	57	0	0	0	0	0	0	14	0	0	0	0	0	0	0	0	0	0	0	0	0	0	0	0	0	0	0	0	0	0	0	0	0	0	0	0	0	0	0	15
56	assemblage-993-198	0	0	0	7	0	0	0	0	0	0	0	0	0	0	0	0	0	307	0	0	0	0	0	5	0	0	0	0	0	0	0	0	0	159	0	7	0	0	0	0	0	0	0	0	0	0	0	0	0	0	0	0	0	0	0	0	0	0	0	0	0	0	0	0	0	0	0	0	0	0	0	0	15

57	assemblage-701-469	0	213	0	0	0	0	18	0	0	0	0	0	0	0	0	0	0	0	0	14	0	7	0	0	0	0	0	0	0	0	0	0	0	0	0	0	0	0	0	0	0	0	0	0	0	0	0	0	0	0	0	0	0	237	0	0	0	0	0	0	0	0	0	0	0	0	0	0	0	0	0	0	11
57	assemblage-164-852	0	0	0	0	0	0	14	0	0	0	0	0	0	0	0	0	0	0	0	381	0	0	0	0	0	0	0	0	0	0	0	0	0	0	0	0	0	37	0	0	0	0	0	0	0	0	0	0	9	0	0	0	0	38	0	0	0	0	0	0	0	0	0	0	0	0	0	0	0	0	0	0	21
57	assemblage-993-198	0	0	0	7	0	0	0	0	0	0	0	0	0	0	0	0	0	307	0	0	0	0	0	5	0	0	0	0	0	0	0	0	0	159	0	7	0	0	0	0	0	0	0	0	0	0	0	0	0	0	0	0	0	0	0	0	0	0	0	0	0	0	0	0	0	0	0	0	0	0	0	0	15

58	assemblage-701-469	0	213	0	0	0	0	18	0	0	0	0	0	0	0	0	0	0	0	0	14	0	7	0	0	0	0	0	0	0	0	0	0	0	0	0	0	0	0	0	0	0	0	0	0	0	0	0	0	0	0	0	0	0	237	0	0	0	0	0	0	0	0	0	0	0	0	0	0	0	0	0	0	11
58	assemblage-164-852	0	0	0	0	0	0	14	0	0	0	0	0	0	0	0	0	0	0	0	381	0	0	0	0	0	0	0	0	0	0	0	0	0	0	0	0	0	37	0	0	0	0	0	0	0	0	0	0	9	0	0	0	0	38	0	0	0	0	0	0	0	0	0	0	0	0	0	0	0	0	0	0	21
58	assemblage-631-942	0	0	0	0	0	0	0	0	0	0	0	0	0	0	0	0	0	0	0	0	0	0	0	109	0	0	0	0	0	0	0	0	0	0	0	240	0	0	0	0	122	0	0	0	0	0	0	0	0	0	0	0	0	0	0	0	0	0	0	0	0	0	0	0	8	0	0	0	0	0	0	0	21

59	assemblage-701-469	0	213	0	0	0	0	18	0	0	0	0	0	0	0	0	0	0	0	0	14	0	7	0	0	0	0	0	0	0	0	0	0	0	0	0	0	0	0	0	0	0	0	0	0	0	0	0	0	0	0	0	0	0	237	0	0	0	0	0	0	0	0	0	0	0	0	0	0	0	0	0	0	11
59	assemblage-164-852	0	0	0	0	0	0	14	0	0	0	0	0	0	0	0	0	0	0	0	381	0	0	0	0	0	0	0	0	0	0	0	0	0	0	0	0	0	37	0	0	0	0	0	0	0	0	0	0	9	0	0	0	0	38	0	0	0	0	0	0	0	0	0	0	0	0	0	0	0	0	0	0	21
59	assemblage-750-626	0	0	0	0	0	249	0	0	0	0	0	0	0	0	0	0	0	0	0	0	0	0	0	209	0	0	0	0	0	0	0	0	0	0	0	0	0	0	0	0	0	0	0	0	0	0	0	0	0	0	0	0	0	0	0	0	0	22	0	0	0	0	0	0	0	0	0	0	0	0	0	0	20

60	assemblage-701-469	0	213	0	0	0	0	18	0	0	0	0	0	0	0	0	0	0	0	0	14	0	7	0	0	0	0	0	0	0	0	0	0	0	0	0	0	0	0	0	0	0	0	0	0	0	0	0	0	0	0	0	0	0	237	0	0	0	0	0	0	0	0	0	0	0	0	0	0	0	0	0	0	11
60	assemblage-164-852	0	0	0	0	0	0	14	0	0	0	0	0	0	0	0	0	0	0	0	381	0	0	0	0	0	0	0	0	0	0	0	0	0	0	0	0	0	37	0	0	0	0	0	0	0	0	0	0	9	0	0	0	0	38	0	0	0	0	0	0	0	0	0	0	0	0	0	0	0	0	0	0	21
60	assemblage-846-341	0	0	0	0	0	0	0	0	0	0	0	0	0	0	274	0	0	0	0	0	140	0	0	0	0	0	0	0	0	0	0	0	0	57	0	0	0	0	0	0	14	0	0	0	0	0	0	0	0	0	0	0	0	0	0	0	0	0	0	0	0	0	0	0	0	0	0	0	0	0	0	0	15

61	assemblage-701-469	0	213	0	0	0	0	18	0	0	0	0	0	0	0	0	0	0	0	0	14	0	7	0	0	0	0	0	0	0	0	0	0	0	0	0	0	0	0	0	0	0	0	0	0	0	0	0	0	0	0	0	0	0	237	0	0	0	0	0	0	0	0	0	0	0	0	0	0	0	0	0	0	11
61	assemblage-164-852	0	0	0	0	0	0	14	0	0	0	0	0	0	0	0	0	0	0	0	381	0	0	0	0	0	0	0	0	0	0	0	0	0	0	0	0	0	37	0	0	0	0	0	0	0	0	0	0	9	0	0	0	0	38	0	0	0	0	0	0	0	0	0	0	0	0	0	0	0	0	0	0	21
61	assemblage-1011-185	0	0	0	0	0	0	0	0	0	0	0	0	0	0	0	0	0	0	0	0	0	0	0	132	0	0	0	0	0	0	0	6	0	0	0	224	0	0	0	0	127	0	0	0	0	0	0	0	0	0	0	0	0	0	0	0	0	0	0	0	0	0	0	0	4	0	0	0	0	0	0	0	7

62	assemblage-838-351	0	0	0	0	0	0	0	0	0	0	0	0	0	0	73	0	14	0	0	0	18	0	0	0	0	0	0	0	0	0	0	0	0	0	0	268	0	0	0	17	99	0	0	0	0	0	0	0	0	0	0	0	0	0	0	0	0	0	0	0	0	0	0	0	0	0	0	0	0	0	0	0	11
62	assemblage-993-198	0	0	0	7	0	0	0	0	0	0	0	0	0	0	0	0	0	307	0	0	0	0	0	5	0	0	0	0	0	0	0	0	0	159	0	7	0	0	0	0	0	0	0	0	0	0	0	0	0	0	0	0	0	0	0	0	0	0	0	0	0	0	0	0	0	0	0	0	0	0	0	0	15
62	assemblage-171-856	0	0	0	0	0	112	151	0	0	0	0	0	0	0	0	0	0	0	0	11	0	0	0	93	0	0	0	0	0	0	0	0	0	0	0	0	0	21	0	0	0	0	0	0	0	19	0	0	0	0	0	0	0	81	0	0	0	0	0	0	0	0	0	0	0	0	0	0	0	0	0	0	12

63	assemblage-838-351	0	0	0	0	0	0	0	0	0	0	0	0	0	0	73	0	14	0	0	0	18	0	0	0	0	0	0	0	0	0	0	0	0	0	0	268	0	0	0	17	99	0	0	0	0	0	0	0	0	0	0	0	0	0	0	0	0	0	0	0	0	0	0	0	0	0	0	0	0	0	0	0	11
63	assemblage-684-767	0	114	0	0	0	0	0	0	0	0	0	0	5	0	0	0	0	231	0	0	0	0	0	20	0	0	0	0	0	4	0	0	0	0	0	0	0	0	0	0	0	0	0	0	0	0	31	0	0	0	0	0	0	0	0	0	0	0	0	0	0	0	0	11	65	0	0	0	0	0	0	0	19
63	assemblage-171-856	0	0	0	0	0	112	151	0	0	0	0	0	0	0	0	0	0	0	0	11	0	0	0	93	0	0	0	0	0	0	0	0	0	0	0	0	0	21	0	0	0	0	0	0	0	19	0	0	0	0	0	0	0	81	0	0	0	0	0	0	0	0	0	0	0	0	0	0	0	0	0	0	12

64	assemblage-838-351	0	0	0	0	0	0	0	0	0	0	0	0	0	0	73	0	14	0	0	0	18	0	0	0	0	0	0	0	0	0	0	0	0	0	0	268	0	0	0	17	99	0	0	0	0	0	0	0	0	0	0	0	0	0	0	0	0	0	0	0	0	0	0	0	0	0	0	0	0	0	0	0	11
64	assemblage-631-942	0	0	0	0	0	0	0	0	0	0	0	0	0	0	0	0	0	0	0	0	0	0	0	109	0	0	0	0	0	0	0	0	0	0	0	240	0	0	0	0	122	0	0	0	0	0	0	0	0	0	0	0	0	0	0	0	0	0	0	0	0	0	0	0	8	0	0	0	0	0	0	0	21
64	assemblage-171-856	0	0	0	0	0	112	151	0	0	0	0	0	0	0	0	0	0	0	0	11	0	0	0	93	0	0	0	0	0	0	0	0	0	0	0	0	0	21	0	0	0	0	0	0	0	19	0	0	0	0	0	0	0	81	0	0	0	0	0	0	0	0	0	0	0	0	0	0	0	0	0	0	12

65	assemblage-838-351	0	0	0	0	0	0	0	0	0	0	0	0	0	0	73	0	14	0	0	0	18	0	0	0	0	0	0	0	0	0	0	0	0	0	0	268	0	0	0	17	99	0	0	0	0	0	0	0	0	0	0	0	0	0	0	0	0	0	0	0	0	0	0	0	0	0	0	0	0	0	0	0	11
65	assemblage-631-942	0	0	0	0	0	0	0	0	0	0	0	0	0	0	0	0	0	0	0	0	0	0	0	109	0	0	0	0	0	0	0	0	0	0	0	240	0	0	0	0	122	0	0	0	0	0	0	0	0	0	0	0	0	0	0	0	0	0	0	0	0	0	0	0	8	0	0	0	0	0	0	0	21
65	assemblage-993-198	0	0	0	7	0	0	0	0	0	0	0	0	0	0	0	0	0	307	0	0	0	0	0	5	0	0	0	0	0	0	0	0	0	159	0	7	0	0	0	0	0	0	0	0	0	0	0	0	0	0	0	0	0	0	0	0	0	0	0	0	0	0	0	0	0	0	0	0	0	0	0	0	15

66	assemblage-838-351	0	0	0	0	0	0	0	0	0	0	0	0	0	0	73	0	14	0	0	0	18	0	0	0	0	0	0	0	0	0	0	0	0	0	0	268	0	0	0	17	99	0	0	0	0	0	0	0	0	0	0	0	0	0	0	0	0	0	0	0	0	0	0	0	0	0	0	0	0	0	0	0	11
66	assemblage-631-942	0	0	0	0	0	0	0	0	0	0	0	0	0	0	0	0	0	0	0	0	0	0	0	109	0	0	0	0	0	0	0	0	0	0	0	240	0	0	0	0	122	0	0	0	0	0	0	0	0	0	0	0	0	0	0	0	0	0	0	0	0	0	0	0	8	0	0	0	0	0	0	0	21
66	assemblage-684-767	0	114	0	0	0	0	0	0	0	0	0	0	5	0	0	0	0	231	0	0	0	0	0	20	0	0	0	0	0	4	0	0	0	0	0	0	0	0	0	0	0	0	0	0	0	0	31	0	0	0	0	0	0	0	0	0	0	0	0	0	0	0	0	11	65	0	0	0	0	0	0	0	19

67	assemblage-838-351	0	0	0	0	0	0	0	0	0	0	0	0	0	0	73	0	14	0	0	0	18	0	0	0	0	0	0	0	0	0	0	0	0	0	0	268	0	0	0	17	99	0	0	0	0	0	0	0	0	0	0	0	0	0	0	0	0	0	0	0	0	0	0	0	0	0	0	0	0	0	0	0	11
67	assemblage-541-439	0	119	0	0	0	0	0	0	0	0	0	0	0	0	0	0	0	242	0	0	0	0	0	25	0	0	0	0	0	0	8	0	0	0	0	0	0	0	0	0	0	0	0	1	0	0	37	0	0	0	0	0	0	0	0	0	0	0	0	0	0	0	0	7	44	0	0	0	0	0	0	0	17
67	assemblage-171-856	0	0	0	0	0	112	151	0	0	0	0	0	0	0	0	0	0	0	0	11	0	0	0	93	0	0	0	0	0	0	0	0	0	0	0	0	0	21	0	0	0	0	0	0	0	19	0	0	0	0	0	0	0	81	0	0	0	0	0	0	0	0	0	0	0	0	0	0	0	0	0	0	12

68	assemblage-838-351	0	0	0	0	0	0	0	0	0	0	0	0	0	0	73	0	14	0	0	0	18	0	0	0	0	0	0	0	0	0	0	0	0	0	0	268	0	0	0	17	99	0	0	0	0	0	0	0	0	0	0	0	0	0	0	0	0	0	0	0	0	0	0	0	0	0	0	0	0	0	0	0	11
68	assemblage-750-626	0	0	0	0	0	249	0	0	0	0	0	0	0	0	0	0	0	0	0	0	0	0	0	209	0	0	0	0	0	0	0	0	0	0	0	0	0	0	0	0	0	0	0	0	0	0	0	0	0	0	0	0	0	0	0	0	0	22	0	0	0	0	0	0	0	0	0	0	0	0	0	0	20
68	assemblage-171-856	0	0	0	0	0	112	151	0	0	0	0	0	0	0	0	0	0	0	0	11	0	0	0	93	0	0	0	0	0	0	0	0	0	0	0	0	0	21	0	0	0	0	0	0	0	19	0	0	0	0	0	0	0	81	0	0	0	0	0	0	0	0	0	0	0	0	0	0	0	0	0	0	12

69	assemblage-838-351	0	0	0	0	0	0	0	0	0	0	0	0	0	0	73	0	14	0	0	0	18	0	0	0	0	0	0	0	0	0	0	0	0	0	0	268	0	0	0	17	99	0	0	0	0	0	0	0	0	0	0	0	0	0	0	0	0	0	0	0	0	0	0	0	0	0	0	0	0	0	0	0	11
69	assemblage-750-626	0	0	0	0	0	249	0	0	0	0	0	0	0	0	0	0	0	0	0	0	0	0	0	209	0	0	0	0	0	0	0	0	0	0	0	0	0	0	0	0	0	0	0	0	0	0	0	0	0	0	0	0	0	0	0	0	0	22	0	0	0	0	0	0	0	0	0	0	0	0	0	0	20
69	assemblage-684-767	0	114	0	0	0	0	0	0	0	0	0	0	5	0	0	0	0	231	0	0	0	0	0	20	0	0	0	0	0	4	0	0	0	0	0	0	0	0	0	0	0	0	0	0	0	0	31	0	0	0	0	0	0	0	0	0	0	0	0	0	0	0	0	11	65	0	0	0	0	0	0	0	19

70	assemblage-838-351	0	0	0	0	0	0	0	0	0	0	0	0	0	0	73	0	14	0	0	0	18	0	0	0	0	0	0	0	0	0	0	0	0	0	0	268	0	0	0	17	99	0	0	0	0	0	0	0	0	0	0	0	0	0	0	0	0	0	0	0	0	0	0	0	0	0	0	0	0	0	0	0	11
70	assemblage-750-626	0	0	0	0	0	249	0	0	0	0	0	0	0	0	0	0	0	0	0	0	0	0	0	209	0	0	0	0	0	0	0	0	0	0	0	0	0	0	0	0	0	0	0	0	0	0	0	0	0	0	0	0	0	0	0	0	0	22	0	0	0	0	0	0	0	0	0	0	0	0	0	0	20
70	assemblage-541-439	0	119	0	0	0	0	0	0	0	0	0	0	0	0	0	0	0	242	0	0	0	0	0	25	0	0	0	0	0	0	8	0	0	0	0	0	0	0	0	0	0	0	0	1	0	0	37	0	0	0	0	0	0	0	0	0	0	0	0	0	0	0	0	7	44	0	0	0	0	0	0	0	17

71	assemblage-838-351	0	0	0	0	0	0	0	0	0	0	0	0	0	0	73	0	14	0	0	0	18	0	0	0	0	0	0	0	0	0	0	0	0	0	0	268	0	0	0	17	99	0	0	0	0	0	0	0	0	0	0	0	0	0	0	0	0	0	0	0	0	0	0	0	0	0	0	0	0	0	0	0	11
71	assemblage-945-540	0	98	0	0	0	0	0	0	0	0	0	0	0	0	0	0	0	242	0	0	0	0	0	23	0	0	0	0	0	0	0	0	0	0	0	0	0	0	0	0	0	0	0	11	0	0	32	0	0	0	0	0	0	0	0	0	0	0	0	0	0	0	0	9	58	0	0	0	0	0	0	0	27
71	assemblage-171-856	0	0	0	0	0	112	151	0	0	0	0	0	0	0	0	0	0	0	0	11	0	0	0	93	0	0	0	0	0	0	0	0	0	0	0	0	0	21	0	0	0	0	0	0	0	19	0	0	0	0	0	0	0	81	0	0	0	0	0	0	0	0	0	0	0	0	0	0	0	0	0	0	12

72	assemblage-838-351	0	0	0	0	0	0	0	0	0	0	0	0	0	0	73	0	14	0	0	0	18	0	0	0	0	0	0	0	0	0	0	0	0	0	0	268	0	0	0	17	99	0	0	0	0	0	0	0	0	0	0	0	0	0	0	0	0	0	0	0	0	0	0	0	0	0	0	0	0	0	0	0	11
72	assemblage-945-540	0	98	0	0	0	0	0	0	0	0	0	0	0	0	0	0	0	242	0	0	0	0	0	23	0	0	0	0	0	0	0	0	0	0	0	0	0	0	0	0	0	0	0	11	0	0	32	0	0	0	0	0	0	0	0	0	0	0	0	0	0	0	0	9	58	0	0	0	0	0	0	0	27
72	assemblage-684-767	0	114	0	0	0	0	0	0	0	0	0	0	5	0	0	0	0	231	0	0	0	0	0	20	0	0	0	0	0	4	0	0	0	0	0	0	0	0	0	0	0	0	0	0	0	0	31	0	0	0	0	0	0	0	0	0	0	0	0	0	0	0	0	11	65	0	0	0	0	0	0	0	19

73	assemblage-838-351	0	0	0	0	0	0	0	0	0	0	0	0	0	0	73	0	14	0	0	0	18	0	0	0	0	0	0	0	0	0	0	0	0	0	0	268	0	0	0	17	99	0	0	0	0	0	0	0	0	0	0	0	0	0	0	0	0	0	0	0	0	0	0	0	0	0	0	0	0	0	0	0	11
73	assemblage-945-540	0	98	0	0	0	0	0	0	0	0	0	0	0	0	0	0	0	242	0	0	0	0	0	23	0	0	0	0	0	0	0	0	0	0	0	0	0	0	0	0	0	0	0	11	0	0	32	0	0	0	0	0	0	0	0	0	0	0	0	0	0	0	0	9	58	0	0	0	0	0	0	0	27
73	assemblage-541-439	0	119	0	0	0	0	0	0	0	0	0	0	0	0	0	0	0	242	0	0	0	0	0	25	0	0	0	0	0	0	8	0	0	0	0	0	0	0	0	0	0	0	0	1	0	0	37	0	0	0	0	0	0	0	0	0	0	0	0	0	0	0	0	7	44	0	0	0	0	0	0	0	17

74	assemblage-838-351	0	0	0	0	0	0	0	0	0	0	0	0	0	0	73	0	14	0	0	0	18	0	0	0	0	0	0	0	0	0	0	0	0	0	0	268	0	0	0	17	99	0	0	0	0	0	0	0	0	0	0	0	0	0	0	0	0	0	0	0	0	0	0	0	0	0	0	0	0	0	0	0	11
74	assemblage-945-540	0	98	0	0	0	0	0	0	0	0	0	0	0	0	0	0	0	242	0	0	0	0	0	23	0	0	0	0	0	0	0	0	0	0	0	0	0	0	0	0	0	0	0	11	0	0	32	0	0	0	0	0	0	0	0	0	0	0	0	0	0	0	0	9	58	0	0	0	0	0	0	0	27
74	assemblage-750-626	0	0	0	0	0	249	0	0	0	0	0	0	0	0	0	0	0	0	0	0	0	0	0	209	0	0	0	0	0	0	0	0	0	0	0	0	0	0	0	0	0	0	0	0	0	0	0	0	0	0	0	0	0	0	0	0	0	22	0	0	0	0	0	0	0	0	0	0	0	0	0	0	20

75	assemblage-838-351	0	0	0	0	0	0	0	0	0	0	0	0	0	0	73	0	14	0	0	0	18	0	0	0	0	0	0	0	0	0	0	0	0	0	0	268	0	0	0	17	99	0	0	0	0	0	0	0	0	0	0	0	0	0	0	0	0	0	0	0	0	0	0	0	0	0	0	0	0	0	0	0	11
75	assemblage-846-341	0	0	0	0	0	0	0	0	0	0	0	0	0	0	274	0	0	0	0	0	140	0	0	0	0	0	0	0	0	0	0	0	0	57	0	0	0	0	0	0	14	0	0	0	0	0	0	0	0	0	0	0	0	0	0	0	0	0	0	0	0	0	0	0	0	0	0	0	0	0	0	0	15
75	assemblage-171-856	0	0	0	0	0	112	151	0	0	0	0	0	0	0	0	0	0	0	0	11	0	0	0	93	0	0	0	0	0	0	0	0	0	0	0	0	0	21	0	0	0	0	0	0	0	19	0	0	0	0	0	0	0	81	0	0	0	0	0	0	0	0	0	0	0	0	0	0	0	0	0	0	12

76	assemblage-838-351	0	0	0	0	0	0	0	0	0	0	0	0	0	0	73	0	14	0	0	0	18	0	0	0	0	0	0	0	0	0	0	0	0	0	0	268	0	0	0	17	99	0	0	0	0	0	0	0	0	0	0	0	0	0	0	0	0	0	0	0	0	0	0	0	0	0	0	0	0	0	0	0	11
76	assemblage-164-852	0	0	0	0	0	0	14	0	0	0	0	0	0	0	0	0	0	0	0	381	0	0	0	0	0	0	0	0	0	0	0	0	0	0	0	0	0	37	0	0	0	0	0	0	0	0	0	0	9	0	0	0	0	38	0	0	0	0	0	0	0	0	0	0	0	0	0	0	0	0	0	0	21
76	assemblage-171-856	0	0	0	0	0	112	151	0	0	0	0	0	0	0	0	0	0	0	0	11	0	0	0	93	0	0	0	0	0	0	0	0	0	0	0	0	0	21	0	0	0	0	0	0	0	19	0	0	0	0	0	0	0	81	0	0	0	0	0	0	0	0	0	0	0	0	0	0	0	0	0	0	12

77	assemblage-838-351	0	0	0	0	0	0	0	0	0	0	0	0	0	0	73	0	14	0	0	0	18	0	0	0	0	0	0	0	0	0	0	0	0	0	0	268	0	0	0	17	99	0	0	0	0	0	0	0	0	0	0	0	0	0	0	0	0	0	0	0	0	0	0	0	0	0	0	0	0	0	0	0	11
77	assemblage-164-852	0	0	0	0	0	0	14	0	0	0	0	0	0	0	0	0	0	0	0	381	0	0	0	0	0	0	0	0	0	0	0	0	0	0	0	0	0	37	0	0	0	0	0	0	0	0	0	0	9	0	0	0	0	38	0	0	0	0	0	0	0	0	0	0	0	0	0	0	0	0	0	0	21
77	assemblage-684-767	0	114	0	0	0	0	0	0	0	0	0	0	5	0	0	0	0	231	0	0	0	0	0	20	0	0	0	0	0	4	0	0	0	0	0	0	0	0	0	0	0	0	0	0	0	0	31	0	0	0	0	0	0	0	0	0	0	0	0	0	0	0	0	11	65	0	0	0	0	0	0	0	19

78	assemblage-838-351	0	0	0	0	0	0	0	0	0	0	0	0	0	0	73	0	14	0	0	0	18	0	0	0	0	0	0	0	0	0	0	0	0	0	0	268	0	0	0	17	99	0	0	0	0	0	0	0	0	0	0	0	0	0	0	0	0	0	0	0	0	0	0	0	0	0	0	0	0	0	0	0	11
78	assemblage-164-852	0	0	0	0	0	0	14	0	0	0	0	0	0	0	0	0	0	0	0	381	0	0	0	0	0	0	0	0	0	0	0	0	0	0	0	0	0	37	0	0	0	0	0	0	0	0	0	0	9	0	0	0	0	38	0	0	0	0	0	0	0	0	0	0	0	0	0	0	0	0	0	0	21
78	assemblage-541-439	0	119	0	0	0	0	0	0	0	0	0	0	0	0	0	0	0	242	0	0	0	0	0	25	0	0	0	0	0	0	8	0	0	0	0	0	0	0	0	0	0	0	0	1	0	0	37	0	0	0	0	0	0	0	0	0	0	0	0	0	0	0	0	7	44	0	0	0	0	0	0	0	17

79	assemblage-838-351	0	0	0	0	0	0	0	0	0	0	0	0	0	0	73	0	14	0	0	0	18	0	0	0	0	0	0	0	0	0	0	0	0	0	0	268	0	0	0	17	99	0	0	0	0	0	0	0	0	0	0	0	0	0	0	0	0	0	0	0	0	0	0	0	0	0	0	0	0	0	0	0	11
79	assemblage-164-852	0	0	0	0	0	0	14	0	0	0	0	0	0	0	0	0	0	0	0	381	0	0	0	0	0	0	0	0	0	0	0	0	0	0	0	0	0	37	0	0	0	0	0	0	0	0	0	0	9	0	0	0	0	38	0	0	0	0	0	0	0	0	0	0	0	0	0	0	0	0	0	0	21
79	assemblage-750-626	0	0	0	0	0	249	0	0	0	0	0	0	0	0	0	0	0	0	0	0	0	0	0	209	0	0	0	0	0	0	0	0	0	0	0	0	0	0	0	0	0	0	0	0	0	0	0	0	0	0	0	0	0	0	0	0	0	22	0	0	0	0	0	0	0	0	0	0	0	0	0	0	20

80	assemblage-838-351	0	0	0	0	0	0	0	0	0	0	0	0	0	0	73	0	14	0	0	0	18	0	0	0	0	0	0	0	0	0	0	0	0	0	0	268	0	0	0	17	99	0	0	0	0	0	0	0	0	0	0	0	0	0	0	0	0	0	0	0	0	0	0	0	0	0	0	0	0	0	0	0	11
80	assemblage-164-852	0	0	0	0	0	0	14	0	0	0	0	0	0	0	0	0	0	0	0	381	0	0	0	0	0	0	0	0	0	0	0	0	0	0	0	0	0	37	0	0	0	0	0	0	0	0	0	0	9	0	0	0	0	38	0	0	0	0	0	0	0	0	0	0	0	0	0	0	0	0	0	0	21
80	assemblage-371-810	0	0	0	0	0	0	120	0	0	0	0	0	0	0	0	0	0	12	0	0	0	0	0	0	0	0	0	18	0	0	0	0	0	0	0	0	0	0	0	0	0	0	0	0	0	0	0	0	0	0	0	0	5	220	0	0	0	0	0	0	0	0	0	0	94	0	0	0	0	22	0	0	9

81	assemblage-838-351	0	0	0	0	0	0	0	0	0	0	0	0	0	0	73	0	14	0	0	0	18	0	0	0	0	0	0	0	0	0	0	0	0	0	0	268	0	0	0	17	99	0	0	0	0	0	0	0	0	0	0	0	0	0	0	0	0	0	0	0	0	0	0	0	0	0	0	0	0	0	0	0	11
81	assemblage-701-469	0	213	0	0	0	0	18	0	0	0	0	0	0	0	0	0	0	0	0	14	0	7	0	0	0	0	0	0	0	0	0	0	0	0	0	0	0	0	0	0	0	0	0	0	0	0	0	0	0	0	0	0	0	237	0	0	0	0	0	0	0	0	0	0	0	0	0	0	0	0	0	0	11
81	assemblage-171-856	0	0	0	0	0	112	151	0	0	0	0	0	0	0	0	0	0	0	0	11	0	0	0	93	0	0	0	0	0	0	0	0	0	0	0	0	0	21	0	0	0	0	0	0	0	19	0	0	0	0	0	0	0	81	0	0	0	0	0	0	0	0	0	0	0	0	0	0	0	0	0	0	12

82	assemblage-838-351	0	0	0	0	0	0	0	0	0	0	0	0	0	0	73	0	14	0	0	0	18	0	0	0	0	0	0	0	0	0	0	0	0	0	0	268	0	0	0	17	99	0	0	0	0	0	0	0	0	0	0	0	0	0	0	0	0	0	0	0	0	0	0	0	0	0	0	0	0	0	0	0	11
82	assemblage-701-469	0	213	0	0	0	0	18	0	0	0	0	0	0	0	0	0	0	0	0	14	0	7	0	0	0	0	0	0	0	0	0	0	0	0	0	0	0	0	0	0	0	0	0	0	0	0	0	0	0	0	0	0	0	237	0	0	0	0	0	0	0	0	0	0	0	0	0	0	0	0	0	0	11
82	assemblage-684-767	0	114	0	0	0	0	0	0	0	0	0	0	5	0	0	0	0	231	0	0	0	0	0	20	0	0	0	0	0	4	0	0	0	0	0	0	0	0	0	0	0	0	0	0	0	0	31	0	0	0	0	0	0	0	0	0	0	0	0	0	0	0	0	11	65	0	0	0	0	0	0	0	19

83	assemblage-838-351	0	0	0	0	0	0	0	0	0	0	0	0	0	0	73	0	14	0	0	0	18	0	0	0	0	0	0	0	0	0	0	0	0	0	0	268	0	0	0	17	99	0	0	0	0	0	0	0	0	0	0	0	0	0	0	0	0	0	0	0	0	0	0	0	0	0	0	0	0	0	0	0	11
83	assemblage-701-469	0	213	0	0	0	0	18	0	0	0	0	0	0	0	0	0	0	0	0	14	0	7	0	0	0	0	0	0	0	0	0	0	0	0	0	0	0	0	0	0	0	0	0	0	0	0	0	0	0	0	0	0	0	237	0	0	0	0	0	0	0	0	0	0	0	0	0	0	0	0	0	0	11
83	assemblage-541-439	0	119	0	0	0	0	0	0	0	0	0	0	0	0	0	0	0	242	0	0	0	0	0	25	0	0	0	0	0	0	8	0	0	0	0	0	0	0	0	0	0	0	0	1	0	0	37	0	0	0	0	0	0	0	0	0	0	0	0	0	0	0	0	7	44	0	0	0	0	0	0	0	17

84	assemblage-838-351	0	0	0	0	0	0	0	0	0	0	0	0	0	0	73	0	14	0	0	0	18	0	0	0	0	0	0	0	0	0	0	0	0	0	0	268	0	0	0	17	99	0	0	0	0	0	0	0	0	0	0	0	0	0	0	0	0	0	0	0	0	0	0	0	0	0	0	0	0	0	0	0	11
84	assemblage-701-469	0	213	0	0	0	0	18	0	0	0	0	0	0	0	0	0	0	0	0	14	0	7	0	0	0	0	0	0	0	0	0	0	0	0	0	0	0	0	0	0	0	0	0	0	0	0	0	0	0	0	0	0	0	237	0	0	0	0	0	0	0	0	0	0	0	0	0	0	0	0	0	0	11
84	assemblage-750-626	0	0	0	0	0	249	0	0	0	0	0	0	0	0	0	0	0	0	0	0	0	0	0	209	0	0	0	0	0	0	0	0	0	0	0	0	0	0	0	0	0	0	0	0	0	0	0	0	0	0	0	0	0	0	0	0	0	22	0	0	0	0	0	0	0	0	0	0	0	0	0	0	20

85	assemblage-838-351	0	0	0	0	0	0	0	0	0	0	0	0	0	0	73	0	14	0	0	0	18	0	0	0	0	0	0	0	0	0	0	0	0	0	0	268	0	0	0	17	99	0	0	0	0	0	0	0	0	0	0	0	0	0	0	0	0	0	0	0	0	0	0	0	0	0	0	0	0	0	0	0	11
85	assemblage-701-469	0	213	0	0	0	0	18	0	0	0	0	0	0	0	0	0	0	0	0	14	0	7	0	0	0	0	0	0	0	0	0	0	0	0	0	0	0	0	0	0	0	0	0	0	0	0	0	0	0	0	0	0	0	237	0	0	0	0	0	0	0	0	0	0	0	0	0	0	0	0	0	0	11
85	assemblage-945-540	0	98	0	0	0	0	0	0	0	0	0	0	0	0	0	0	0	242	0	0	0	0	0	23	0	0	0	0	0	0	0	0	0	0	0	0	0	0	0	0	0	0	0	11	0	0	32	0	0	0	0	0	0	0	0	0	0	0	0	0	0	0	0	9	58	0	0	0	0	0	0	0	27

86	assemblage-838-351	0	0	0	0	0	0	0	0	0	0	0	0	0	0	73	0	14	0	0	0	18	0	0	0	0	0	0	0	0	0	0	0	0	0	0	268	0	0	0	17	99	0	0	0	0	0	0	0	0	0	0	0	0	0	0	0	0	0	0	0	0	0	0	0	0	0	0	0	0	0	0	0	11
86	assemblage-701-469	0	213	0	0	0	0	18	0	0	0	0	0	0	0	0	0	0	0	0	14	0	7	0	0	0	0	0	0	0	0	0	0	0	0	0	0	0	0	0	0	0	0	0	0	0	0	0	0	0	0	0	0	0	237	0	0	0	0	0	0	0	0	0	0	0	0	0	0	0	0	0	0	11
86	assemblage-371-810	0	0	0	0	0	0	120	0	0	0	0	0	0	0	0	0	0	12	0	0	0	0	0	0	0	0	0	18	0	0	0	0	0	0	0	0	0	0	0	0	0	0	0	0	0	0	0	0	0	0	0	0	5	220	0	0	0	0	0	0	0	0	0	0	94	0	0	0	0	22	0	0	9

87	assemblage-838-351	0	0	0	0	0	0	0	0	0	0	0	0	0	0	73	0	14	0	0	0	18	0	0	0	0	0	0	0	0	0	0	0	0	0	0	268	0	0	0	17	99	0	0	0	0	0	0	0	0	0	0	0	0	0	0	0	0	0	0	0	0	0	0	0	0	0	0	0	0	0	0	0	11
87	assemblage-701-469	0	213	0	0	0	0	18	0	0	0	0	0	0	0	0	0	0	0	0	14	0	7	0	0	0	0	0	0	0	0	0	0	0	0	0	0	0	0	0	0	0	0	0	0	0	0	0	0	0	0	0	0	0	237	0	0	0	0	0	0	0	0	0	0	0	0	0	0	0	0	0	0	11
87	assemblage-164-852	0	0	0	0	0	0	14	0	0	0	0	0	0	0	0	0	0	0	0	381	0	0	0	0	0	0	0	0	0	0	0	0	0	0	0	0	0	37	0	0	0	0	0	0	0	0	0	0	9	0	0	0	0	38	0	0	0	0	0	0	0	0	0	0	0	0	0	0	0	0	0	0	21

88	assemblage-648-341	0	0	0	0	0	112	158	0	0	0	0	0	0	0	0	0	0	0	0	0	0	0	0	84	0	0	0	0	0	0	0	0	0	0	0	0	0	15	0	0	0	0	0	0	0	13	0	0	0	0	0	0	0	106	0	0	0	0	0	0	0	0	0	0	0	0	0	0	0	0	0	0	12
88	assemblage-684-767	0	114	0	0	0	0	0	0	0	0	0	0	5	0	0	0	0	231	0	0	0	0	0	20	0	0	0	0	0	4	0	0	0	0	0	0	0	0	0	0	0	0	0	0	0	0	31	0	0	0	0	0	0	0	0	0	0	0	0	0	0	0	0	11	65	0	0	0	0	0	0	0	19
88	assemblage-993-198	0	0	0	7	0	0	0	0	0	0	0	0	0	0	0	0	0	307	0	0	0	0	0	5	0	0	0	0	0	0	0	0	0	159	0	7	0	0	0	0	0	0	0	0	0	0	0	0	0	0	0	0	0	0	0	0	0	0	0	0	0	0	0	0	0	0	0	0	0	0	0	0	15

89	assemblage-648-341	0	0	0	0	0	112	158	0	0	0	0	0	0	0	0	0	0	0	0	0	0	0	0	84	0	0	0	0	0	0	0	0	0	0	0	0	0	15	0	0	0	0	0	0	0	13	0	0	0	0	0	0	0	106	0	0	0	0	0	0	0	0	0	0	0	0	0	0	0	0	0	0	12
89	assemblage-631-942	0	0	0	0	0	0	0	0	0	0	0	0	0	0	0	0	0	0	0	0	0	0	0	109	0	0	0	0	0	0	0	0	0	0	0	240	0	0	0	0	122	0	0	0	0	0	0	0	0	0	0	0	0	0	0	0	0	0	0	0	0	0	0	0	8	0	0	0	0	0	0	0	21
89	assemblage-993-198	0	0	0	7	0	0	0	0	0	0	0	0	0	0	0	0	0	307	0	0	0	0	0	5	0	0	0	0	0	0	0	0	0	159	0	7	0	0	0	0	0	0	0	0	0	0	0	0	0	0	0	0	0	0	0	0	0	0	0	0	0	0	0	0	0	0	0	0	0	0	0	0	15

90	assemblage-648-341	0	0	0	0	0	112	158	0	0	0	0	0	0	0	0	0	0	0	0	0	0	0	0	84	0	0	0	0	0	0	0	0	0	0	0	0	0	15	0	0	0	0	0	0	0	13	0	0	0	0	0	0	0	106	0	0	0	0	0	0	0	0	0	0	0	0	0	0	0	0	0	0	12
90	assemblage-631-942	0	0	0	0	0	0	0	0	0	0	0	0	0	0	0	0	0	0	0	0	0	0	0	109	0	0	0	0	0	0	0	0	0	0	0	240	0	0	0	0	122	0	0	0	0	0	0	0	0	0	0	0	0	0	0	0	0	0	0	0	0	0	0	0	8	0	0	0	0	0	0	0	21
90	assemblage-684-767	0	114	0	0	0	0	0	0	0	0	0	0	5	0	0	0	0	231	0	0	0	0	0	20	0	0	0	0	0	4	0	0	0	0	0	0	0	0	0	0	0	0	0	0	0	0	31	0	0	0	0	0	0	0	0	0	0	0	0	0	0	0	0	11	65	0	0	0	0	0	0	0	19

91	assemblage-648-341	0	0	0	0	0	112	158	0	0	0	0	0	0	0	0	0	0	0	0	0	0	0	0	84	0	0	0	0	0	0	0	0	0	0	0	0	0	15	0	0	0	0	0	0	0	13	0	0	0	0	0	0	0	106	0	0	0	0	0	0	0	0	0	0	0	0	0	0	0	0	0	0	12
91	assemblage-541-439	0	119	0	0	0	0	0	0	0	0	0	0	0	0	0	0	0	242	0	0	0	0	0	25	0	0	0	0	0	0	8	0	0	0	0	0	0	0	0	0	0	0	0	1	0	0	37	0	0	0	0	0	0	0	0	0	0	0	0	0	0	0	0	7	44	0	0	0	0	0	0	0	17
91	assemblage-993-198	0	0	0	7	0	0	0	0	0	0	0	0	0	0	0	0	0	307	0	0	0	0	0	5	0	0	0	0	0	0	0	0	0	159	0	7	0	0	0	0	0	0	0	0	0	0	0	0	0	0	0	0	0	0	0	0	0	0	0	0	0	0	0	0	0	0	0	0	0	0	0	0	15

92	assemblage-648-341	0	0	0	0	0	112	158	0	0	0	0	0	0	0	0	0	0	0	0	0	0	0	0	84	0	0	0	0	0	0	0	0	0	0	0	0	0	15	0	0	0	0	0	0	0	13	0	0	0	0	0	0	0	106	0	0	0	0	0	0	0	0	0	0	0	0	0	0	0	0	0	0	12
92	assemblage-750-626	0	0	0	0	0	249	0	0	0	0	0	0	0	0	0	0	0	0	0	0	0	0	0	209	0	0	0	0	0	0	0	0	0	0	0	0	0	0	0	0	0	0	0	0	0	0	0	0	0	0	0	0	0	0	0	0	0	22	0	0	0	0	0	0	0	0	0	0	0	0	0	0	20
92	assemblage-993-198	0	0	0	7	0	0	0	0	0	0	0	0	0	0	0	0	0	307	0	0	0	0	0	5	0	0	0	0	0	0	0	0	0	159	0	7	0	0	0	0	0	0	0	0	0	0	0	0	0	0	0	0	0	0	0	0	0	0	0	0	0	0	0	0	0	0	0	0	0	0	0	0	15

93	assemblage-648-341	0	0	0	0	0	112	158	0	0	0	0	0	0	0	0	0	0	0	0	0	0	0	0	84	0	0	0	0	0	0	0	0	0	0	0	0	0	15	0	0	0	0	0	0	0	13	0	0	0	0	0	0	0	106	0	0	0	0	0	0	0	0	0	0	0	0	0	0	0	0	0	0	12
93	assemblage-750-626	0	0	0	0	0	249	0	0	0	0	0	0	0	0	0	0	0	0	0	0	0	0	0	209	0	0	0	0	0	0	0	0	0	0	0	0	0	0	0	0	0	0	0	0	0	0	0	0	0	0	0	0	0	0	0	0	0	22	0	0	0	0	0	0	0	0	0	0	0	0	0	0	20
93	assemblage-684-767	0	114	0	0	0	0	0	0	0	0	0	0	5	0	0	0	0	231	0	0	0	0	0	20	0	0	0	0	0	4	0	0	0	0	0	0	0	0	0	0	0	0	0	0	0	0	31	0	0	0	0	0	0	0	0	0	0	0	0	0	0	0	0	11	65	0	0	0	0	0	0	0	19

94	assemblage-648-341	0	0	0	0	0	112	158	0	0	0	0	0	0	0	0	0	0	0	0	0	0	0	0	84	0	0	0	0	0	0	0	0	0	0	0	0	0	15	0	0	0	0	0	0	0	13	0	0	0	0	0	0	0	106	0	0	0	0	0	0	0	0	0	0	0	0	0	0	0	0	0	0	12
94	assemblage-750-626	0	0	0	0	0	249	0	0	0	0	0	0	0	0	0	0	0	0	0	0	0	0	0	209	0	0	0	0	0	0	0	0	0	0	0	0	0	0	0	0	0	0	0	0	0	0	0	0	0	0	0	0	0	0	0	0	0	22	0	0	0	0	0	0	0	0	0	0	0	0	0	0	20
94	assemblage-631-942	0	0	0	0	0	0	0	0	0	0	0	0	0	0	0	0	0	0	0	0	0	0	0	109	0	0	0	0	0	0	0	0	0	0	0	240	0	0	0	0	122	0	0	0	0	0	0	0	0	0	0	0	0	0	0	0	0	0	0	0	0	0	0	0	8	0	0	0	0	0	0	0	21

95	assemblage-648-341	0	0	0	0	0	112	158	0	0	0	0	0	0	0	0	0	0	0	0	0	0	0	0	84	0	0	0	0	0	0	0	0	0	0	0	0	0	15	0	0	0	0	0	0	0	13	0	0	0	0	0	0	0	106	0	0	0	0	0	0	0	0	0	0	0	0	0	0	0	0	0	0	12
95	assemblage-750-626	0	0	0	0	0	249	0	0	0	0	0	0	0	0	0	0	0	0	0	0	0	0	0	209	0	0	0	0	0	0	0	0	0	0	0	0	0	0	0	0	0	0	0	0	0	0	0	0	0	0	0	0	0	0	0	0	0	22	0	0	0	0	0	0	0	0	0	0	0	0	0	0	20
95	assemblage-541-439	0	119	0	0	0	0	0	0	0	0	0	0	0	0	0	0	0	242	0	0	0	0	0	25	0	0	0	0	0	0	8	0	0	0	0	0	0	0	0	0	0	0	0	1	0	0	37	0	0	0	0	0	0	0	0	0	0	0	0	0	0	0	0	7	44	0	0	0	0	0	0	0	17

96	assemblage-648-341	0	0	0	0	0	112	158	0	0	0	0	0	0	0	0	0	0	0	0	0	0	0	0	84	0	0	0	0	0	0	0	0	0	0	0	0	0	15	0	0	0	0	0	0	0	13	0	0	0	0	0	0	0	106	0	0	0	0	0	0	0	0	0	0	0	0	0	0	0	0	0	0	12
96	assemblage-945-540	0	98	0	0	0	0	0	0	0	0	0	0	0	0	0	0	0	242	0	0	0	0	0	23	0	0	0	0	0	0	0	0	0	0	0	0	0	0	0	0	0	0	0	11	0	0	32	0	0	0	0	0	0	0	0	0	0	0	0	0	0	0	0	9	58	0	0	0	0	0	0	0	27
96	assemblage-993-198	0	0	0	7	0	0	0	0	0	0	0	0	0	0	0	0	0	307	0	0	0	0	0	5	0	0	0	0	0	0	0	0	0	159	0	7	0	0	0	0	0	0	0	0	0	0	0	0	0	0	0	0	0	0	0	0	0	0	0	0	0	0	0	0	0	0	0	0	0	0	0	0	15

97	assemblage-648-341	0	0	0	0	0	112	158	0	0	0	0	0	0	0	0	0	0	0	0	0	0	0	0	84	0	0	0	0	0	0	0	0	0	0	0	0	0	15	0	0	0	0	0	0	0	13	0	0	0	0	0	0	0	106	0	0	0	0	0	0	0	0	0	0	0	0	0	0	0	0	0	0	12
97	assemblage-945-540	0	98	0	0	0	0	0	0	0	0	0	0	0	0	0	0	0	242	0	0	0	0	0	23	0	0	0	0	0	0	0	0	0	0	0	0	0	0	0	0	0	0	0	11	0	0	32	0	0	0	0	0	0	0	0	0	0	0	0	0	0	0	0	9	58	0	0	0	0	0	0	0	27
97	assemblage-684-767	0	114	0	0	0	0	0	0	0	0	0	0	5	0	0	0	0	231	0	0	0	0	0	20	0	0	0	0	0	4	0	0	0	0	0	0	0	0	0	0	0	0	0	0	0	0	31	0	0	0	0	0	0	0	0	0	0	0	0	0	0	0	0	11	65	0	0	0	0	0	0	0	19

98	assemblage-648-341	0	0	0	0	0	112	158	0	0	0	0	0	0	0	0	0	0	0	0	0	0	0	0	84	0	0	0	0	0	0	0	0	0	0	0	0	0	15	0	0	0	0	0	0	0	13	0	0	0	0	0	0	0	106	0	0	0	0	0	0	0	0	0	0	0	0	0	0	0	0	0	0	12
98	assemblage-945-540	0	98	0	0	0	0	0	0	0	0	0	0	0	0	0	0	0	242	0	0	0	0	0	23	0	0	0	0	0	0	0	0	0	0	0	0	0	0	0	0	0	0	0	11	0	0	32	0	0	0	0	0	0	0	0	0	0	0	0	0	0	0	0	9	58	0	0	0	0	0	0	0	27
98	assemblage-541-439	0	119	0	0	0	0	0	0	0	0	0	0	0	0	0	0	0	242	0	0	0	0	0	25	0	0	0	0	0	0	8	0	0	0	0	0	0	0	0	0	0	0	0	1	0	0	37	0	0	0	0	0	0	0	0	0	0	0	0	0	0	0	0	7	44	0	0	0	0	0	0	0	17

99	assemblage-648-341	0	0	0	0	0	112	158	0	0	0	0	0	0	0	0	0	0	0	0	0	0	0	0	84	0	0	0	0	0	0	0	0	0	0	0	0	0	15	0	0	0	0	0	0	0	13	0	0	0	0	0	0	0	106	0	0	0	0	0	0	0	0	0	0	0	0	0	0	0	0	0	0	12
99	assemblage-164-852	0	0	0	0	0	0	14	0	0	0	0	0	0	0	0	0	0	0	0	381	0	0	0	0	0	0	0	0	0	0	0	0	0	0	0	0	0	37	0	0	0	0	0	0	0	0	0	0	9	0	0	0	0	38	0	0	0	0	0	0	0	0	0	0	0	0	0	0	0	0	0	0	21
99	assemblage-846-341	0	0	0	0	0	0	0	0	0	0	0	0	0	0	274	0	0	0	0	0	140	0	0	0	0	0	0	0	0	0	0	0	0	57	0	0	0	0	0	0	14	0	0	0	0	0	0	0	0	0	0	0	0	0	0	0	0	0	0	0	0	0	0	0	0	0	0	0	0	0	0	0	15

100	assemblage-648-341	0	0	0	0	0	112	158	0	0	0	0	0	0	0	0	0	0	0	0	0	0	0	0	84	0	0	0	0	0	0	0	0	0	0	0	0	0	15	0	0	0	0	0	0	0	13	0	0	0	0	0	0	0	106	0	0	0	0	0	0	0	0	0	0	0	0	0	0	0	0	0	0	12
100	assemblage-701-469	0	213	0	0	0	0	18	0	0	0	0	0	0	0	0	0	0	0	0	14	0	7	0	0	0	0	0	0	0	0	0	0	0	0	0	0	0	0	0	0	0	0	0	0	0	0	0	0	0	0	0	0	0	237	0	0	0	0	0	0	0	0	0	0	0	0	0	0	0	0	0	0	11
100	assemblage-846-341	0	0	0	0	0	0	0	0	0	0	0	0	0	0	274	0	0	0	0	0	140	0	0	0	0	0	0	0	0	0	0	0	0	57	0	0	0	0	0	0	14	0	0	0	0	0	0	0	0	0	0	0	0	0	0	0	0	0	0	0	0	0	0	0	0	0	0	0	0	0	0	0	15

101	assemblage-648-341	0	0	0	0	0	112	158	0	0	0	0	0	0	0	0	0	0	0	0	0	0	0	0	84	0	0	0	0	0	0	0	0	0	0	0	0	0	15	0	0	0	0	0	0	0	13	0	0	0	0	0	0	0	106	0	0	0	0	0	0	0	0	0	0	0	0	0	0	0	0	0	0	12
101	assemblage-838-351	0	0	0	0	0	0	0	0	0	0	0	0	0	0	73	0	14	0	0	0	18	0	0	0	0	0	0	0	0	0	0	0	0	0	0	268	0	0	0	17	99	0	0	0	0	0	0	0	0	0	0	0	0	0	0	0	0	0	0	0	0	0	0	0	0	0	0	0	0	0	0	0	11
101	assemblage-846-341	0	0	0	0	0	0	0	0	0	0	0	0	0	0	274	0	0	0	0	0	140	0	0	0	0	0	0	0	0	0	0	0	0	57	0	0	0	0	0	0	14	0	0	0	0	0	0	0	0	0	0	0	0	0	0	0	0	0	0	0	0	0	0	0	0	0	0	0	0	0	0	0	15

102	assemblage-948-531	0	0	0	0	0	0	0	0	0	0	0	0	0	0	0	0	0	0	0	11	0	0	0	253	0	10	0	0	0	0	0	0	0	0	0	0	0	0	0	0	0	2	0	0	0	0	0	0	0	0	0	0	0	3	0	0	0	0	0	0	0	0	0	0	205	0	0	0	0	0	0	0	16
102	assemblage-684-767	0	114	0	0	0	0	0	0	0	0	0	0	5	0	0	0	0	231	0	0	0	0	0	20	0	0	0	0	0	4	0	0	0	0	0	0	0	0	0	0	0	0	0	0	0	0	31	0	0	0	0	0	0	0	0	0	0	0	0	0	0	0	0	11	65	0	0	0	0	0	0	0	19
102	assemblage-993-198	0	0	0	7	0	0	0	0	0	0	0	0	0	0	0	0	0	307	0	0	0	0	0	5	0	0	0	0	0	0	0	0	0	159	0	7	0	0	0	0	0	0	0	0	0	0	0	0	0	0	0	0	0	0	0	0	0	0	0	0	0	0	0	0	0	0	0	0	0	0	0	0	15

103	assemblage-948-531	0	0	0	0	0	0	0	0	0	0	0	0	0	0	0	0	0	0	0	11	0	0	0	253	0	10	0	0	0	0	0	0	0	0	0	0	0	0	0	0	0	2	0	0	0	0	0	0	0	0	0	0	0	3	0	0	0	0	0	0	0	0	0	0	205	0	0	0	0	0	0	0	16
103	assemblage-631-942	0	0	0	0	0	0	0	0	0	0	0	0	0	0	0	0	0	0	0	0	0	0	0	109	0	0	0	0	0	0	0	0	0	0	0	240	0	0	0	0	122	0	0	0	0	0	0	0	0	0	0	0	0	0	0	0	0	0	0	0	0	0	0	0	8	0	0	0	0	0	0	0	21
103	assemblage-993-198	0	0	0	7	0	0	0	0	0	0	0	0	0	0	0	0	0	307	0	0	0	0	0	5	0	0	0	0	0	0	0	0	0	159	0	7	0	0	0	0	0	0	0	0	0	0	0	0	0	0	0	0	0	0	0	0	0	0	0	0	0	0	0	0	0	0	0	0	0	0	0	0	15

104	assemblage-948-531	0	0	0	0	0	0	0	0	0	0	0	0	0	0	0	0	0	0	0	11	0	0	0	253	0	10	0	0	0	0	0	0	0	0	0	0	0	0	0	0	0	2	0	0	0	0	0	0	0	0	0	0	0	3	0	0	0	0	0	0	0	0	0	0	205	0	0	0	0	0	0	0	16
104	assemblage-541-439	0	119	0	0	0	0	0	0	0	0	0	0	0	0	0	0	0	242	0	0	0	0	0	25	0	0	0	0	0	0	8	0	0	0	0	0	0	0	0	0	0	0	0	1	0	0	37	0	0	0	0	0	0	0	0	0	0	0	0	0	0	0	0	7	44	0	0	0	0	0	0	0	17
104	assemblage-993-198	0	0	0	7	0	0	0	0	0	0	0	0	0	0	0	0	0	307	0	0	0	0	0	5	0	0	0	0	0	0	0	0	0	159	0	7	0	0	0	0	0	0	0	0	0	0	0	0	0	0	0	0	0	0	0	0	0	0	0	0	0	0	0	0	0	0	0	0	0	0	0	0	15

105	assemblage-948-531	0	0	0	0	0	0	0	0	0	0	0	0	0	0	0	0	0	0	0	11	0	0	0	253	0	10	0	0	0	0	0	0	0	0	0	0	0	0	0	0	0	2	0	0	0	0	0	0	0	0	0	0	0	3	0	0	0	0	0	0	0	0	0	0	205	0	0	0	0	0	0	0	16
105	assemblage-750-626	0	0	0	0	0	249	0	0	0	0	0	0	0	0	0	0	0	0	0	0	0	0	0	209	0	0	0	0	0	0	0	0	0	0	0	0	0	0	0	0	0	0	0	0	0	0	0	0	0	0	0	0	0	0	0	0	0	22	0	0	0	0	0	0	0	0	0	0	0	0	0	0	20
105	assemblage-993-198	0	0	0	7	0	0	0	0	0	0	0	0	0	0	0	0	0	307	0	0	0	0	0	5	0	0	0	0	0	0	0	0	0	159	0	7	0	0	0	0	0	0	0	0	0	0	0	0	0	0	0	0	0	0	0	0	0	0	0	0	0	0	0	0	0	0	0	0	0	0	0	0	15

106	assemblage-948-531	0	0	0	0	0	0	0	0	0	0	0	0	0	0	0	0	0	0	0	11	0	0	0	253	0	10	0	0	0	0	0	0	0	0	0	0	0	0	0	0	0	2	0	0	0	0	0	0	0	0	0	0	0	3	0	0	0	0	0	0	0	0	0	0	205	0	0	0	0	0	0	0	16
106	assemblage-945-540	0	98	0	0	0	0	0	0	0	0	0	0	0	0	0	0	0	242	0	0	0	0	0	23	0	0	0	0	0	0	0	0	0	0	0	0	0	0	0	0	0	0	0	11	0	0	32	0	0	0	0	0	0	0	0	0	0	0	0	0	0	0	0	9	58	0	0	0	0	0	0	0	27
106	assemblage-993-198	0	0	0	7	0	0	0	0	0	0	0	0	0	0	0	0	0	307	0	0	0	0	0	5	0	0	0	0	0	0	0	0	0	159	0	7	0	0	0	0	0	0	0	0	0	0	0	0	0	0	0	0	0	0	0	0	0	0	0	0	0	0	0	0	0	0	0	0	0	0	0	0	15

107	assemblage-948-531	0	0	0	0	0	0	0	0	0	0	0	0	0	0	0	0	0	0	0	11	0	0	0	253	0	10	0	0	0	0	0	0	0	0	0	0	0	0	0	0	0	2	0	0	0	0	0	0	0	0	0	0	0	3	0	0	0	0	0	0	0	0	0	0	205	0	0	0	0	0	0	0	16
107	assemblage-945-540	0	98	0	0	0	0	0	0	0	0	0	0	0	0	0	0	0	242	0	0	0	0	0	23	0	0	0	0	0	0	0	0	0	0	0	0	0	0	0	0	0	0	0	11	0	0	32	0	0	0	0	0	0	0	0	0	0	0	0	0	0	0	0	9	58	0	0	0	0	0	0	0	27
107	assemblage-541-439	0	119	0	0	0	0	0	0	0	0	0	0	0	0	0	0	0	242	0	0	0	0	0	25	0	0	0	0	0	0	8	0	0	0	0	0	0	0	0	0	0	0	0	1	0	0	37	0	0	0	0	0	0	0	0	0	0	0	0	0	0	0	0	7	44	0	0	0	0	0	0	0	17

108	assemblage-948-531	0	0	0	0	0	0	0	0	0	0	0	0	0	0	0	0	0	0	0	11	0	0	0	253	0	10	0	0	0	0	0	0	0	0	0	0	0	0	0	0	0	2	0	0	0	0	0	0	0	0	0	0	0	3	0	0	0	0	0	0	0	0	0	0	205	0	0	0	0	0	0	0	16
108	assemblage-164-852	0	0	0	0	0	0	14	0	0	0	0	0	0	0	0	0	0	0	0	381	0	0	0	0	0	0	0	0	0	0	0	0	0	0	0	0	0	37	0	0	0	0	0	0	0	0	0	0	9	0	0	0	0	38	0	0	0	0	0	0	0	0	0	0	0	0	0	0	0	0	0	0	21
108	assemblage-846-341	0	0	0	0	0	0	0	0	0	0	0	0	0	0	274	0	0	0	0	0	140	0	0	0	0	0	0	0	0	0	0	0	0	57	0	0	0	0	0	0	14	0	0	0	0	0	0	0	0	0	0	0	0	0	0	0	0	0	0	0	0	0	0	0	0	0	0	0	0	0	0	0	15

109	assemblage-948-531	0	0	0	0	0	0	0	0	0	0	0	0	0	0	0	0	0	0	0	11	0	0	0	253	0	10	0	0	0	0	0	0	0	0	0	0	0	0	0	0	0	2	0	0	0	0	0	0	0	0	0	0	0	3	0	0	0	0	0	0	0	0	0	0	205	0	0	0	0	0	0	0	16
109	assemblage-648-341	0	0	0	0	0	112	158	0	0	0	0	0	0	0	0	0	0	0	0	0	0	0	0	84	0	0	0	0	0	0	0	0	0	0	0	0	0	15	0	0	0	0	0	0	0	13	0	0	0	0	0	0	0	106	0	0	0	0	0	0	0	0	0	0	0	0	0	0	0	0	0	0	12
109	assemblage-838-351	0	0	0	0	0	0	0	0	0	0	0	0	0	0	73	0	14	0	0	0	18	0	0	0	0	0	0	0	0	0	0	0	0	0	0	268	0	0	0	17	99	0	0	0	0	0	0	0	0	0	0	0	0	0	0	0	0	0	0	0	0	0	0	0	0	0	0	0	0	0	0	0	11

110	assemblage-730-776	0	0	0	0	0	0	0	0	0	0	0	0	0	0	0	0	0	0	0	0	0	0	0	0	0	0	0	0	0	0	0	0	0	0	151	0	0	0	0	0	0	0	0	0	0	0	0	0	0	0	0	0	0	296	0	0	0	0	0	0	0	14	0	0	0	0	0	14	0	0	0	0	25
110	assemblage-684-767	0	114	0	0	0	0	0	0	0	0	0	0	5	0	0	0	0	231	0	0	0	0	0	20	0	0	0	0	0	4	0	0	0	0	0	0	0	0	0	0	0	0	0	0	0	0	31	0	0	0	0	0	0	0	0	0	0	0	0	0	0	0	0	11	65	0	0	0	0	0	0	0	19
110	assemblage-993-198	0	0	0	7	0	0	0	0	0	0	0	0	0	0	0	0	0	307	0	0	0	0	0	5	0	0	0	0	0	0	0	0	0	159	0	7	0	0	0	0	0	0	0	0	0	0	0	0	0	0	0	0	0	0	0	0	0	0	0	0	0	0	0	0	0	0	0	0	0	0	0	0	15

111	assemblage-730-776	0	0	0	0	0	0	0	0	0	0	0	0	0	0	0	0	0	0	0	0	0	0	0	0	0	0	0	0	0	0	0	0	0	0	151	0	0	0	0	0	0	0	0	0	0	0	0	0	0	0	0	0	0	296	0	0	0	0	0	0	0	14	0	0	0	0	0	14	0	0	0	0	25
111	assemblage-631-942	0	0	0	0	0	0	0	0	0	0	0	0	0	0	0	0	0	0	0	0	0	0	0	109	0	0	0	0	0	0	0	0	0	0	0	240	0	0	0	0	122	0	0	0	0	0	0	0	0	0	0	0	0	0	0	0	0	0	0	0	0	0	0	0	8	0	0	0	0	0	0	0	21
111	assemblage-993-198	0	0	0	7	0	0	0	0	0	0	0	0	0	0	0	0	0	307	0	0	0	0	0	5	0	0	0	0	0	0	0	0	0	159	0	7	0	0	0	0	0	0	0	0	0	0	0	0	0	0	0	0	0	0	0	0	0	0	0	0	0	0	0	0	0	0	0	0	0	0	0	0	15

112	assemblage-730-776	0	0	0	0	0	0	0	0	0	0	0	0	0	0	0	0	0	0	0	0	0	0	0	0	0	0	0	0	0	0	0	0	0	0	151	0	0	0	0	0	0	0	0	0	0	0	0	0	0	0	0	0	0	296	0	0	0	0	0	0	0	14	0	0	0	0	0	14	0	0	0	0	25
112	assemblage-631-942	0	0	0	0	0	0	0	0	0	0	0	0	0	0	0	0	0	0	0	0	0	0	0	109	0	0	0	0	0	0	0	0	0	0	0	240	0	0	0	0	122	0	0	0	0	0	0	0	0	0	0	0	0	0	0	0	0	0	0	0	0	0	0	0	8	0	0	0	0	0	0	0	21
112	assemblage-684-767	0	114	0	0	0	0	0	0	0	0	0	0	5	0	0	0	0	231	0	0	0	0	0	20	0	0	0	0	0	4	0	0	0	0	0	0	0	0	0	0	0	0	0	0	0	0	31	0	0	0	0	0	0	0	0	0	0	0	0	0	0	0	0	11	65	0	0	0	0	0	0	0	19

113	assemblage-730-776	0	0	0	0	0	0	0	0	0	0	0	0	0	0	0	0	0	0	0	0	0	0	0	0	0	0	0	0	0	0	0	0	0	0	151	0	0	0	0	0	0	0	0	0	0	0	0	0	0	0	0	0	0	296	0	0	0	0	0	0	0	14	0	0	0	0	0	14	0	0	0	0	25
113	assemblage-541-439	0	119	0	0	0	0	0	0	0	0	0	0	0	0	0	0	0	242	0	0	0	0	0	25	0	0	0	0	0	0	8	0	0	0	0	0	0	0	0	0	0	0	0	1	0	0	37	0	0	0	0	0	0	0	0	0	0	0	0	0	0	0	0	7	44	0	0	0	0	0	0	0	17
113	assemblage-993-198	0	0	0	7	0	0	0	0	0	0	0	0	0	0	0	0	0	307	0	0	0	0	0	5	0	0	0	0	0	0	0	0	0	159	0	7	0	0	0	0	0	0	0	0	0	0	0	0	0	0	0	0	0	0	0	0	0	0	0	0	0	0	0	0	0	0	0	0	0	0	0	0	15

114	assemblage-730-776	0	0	0	0	0	0	0	0	0	0	0	0	0	0	0	0	0	0	0	0	0	0	0	0	0	0	0	0	0	0	0	0	0	0	151	0	0	0	0	0	0	0	0	0	0	0	0	0	0	0	0	0	0	296	0	0	0	0	0	0	0	14	0	0	0	0	0	14	0	0	0	0	25
114	assemblage-750-626	0	0	0	0	0	249	0	0	0	0	0	0	0	0	0	0	0	0	0	0	0	0	0	209	0	0	0	0	0	0	0	0	0	0	0	0	0	0	0	0	0	0	0	0	0	0	0	0	0	0	0	0	0	0	0	0	0	22	0	0	0	0	0	0	0	0	0	0	0	0	0	0	20
114	assemblage-993-198	0	0	0	7	0	0	0	0	0	0	0	0	0	0	0	0	0	307	0	0	0	0	0	5	0	0	0	0	0	0	0	0	0	159	0	7	0	0	0	0	0	0	0	0	0	0	0	0	0	0	0	0	0	0	0	0	0	0	0	0	0	0	0	0	0	0	0	0	0	0	0	0	15

115	assemblage-730-776	0	0	0	0	0	0	0	0	0	0	0	0	0	0	0	0	0	0	0	0	0	0	0	0	0	0	0	0	0	0	0	0	0	0	151	0	0	0	0	0	0	0	0	0	0	0	0	0	0	0	0	0	0	296	0	0	0	0	0	0	0	14	0	0	0	0	0	14	0	0	0	0	25
115	assemblage-750-626	0	0	0	0	0	249	0	0	0	0	0	0	0	0	0	0	0	0	0	0	0	0	0	209	0	0	0	0	0	0	0	0	0	0	0	0	0	0	0	0	0	0	0	0	0	0	0	0	0	0	0	0	0	0	0	0	0	22	0	0	0	0	0	0	0	0	0	0	0	0	0	0	20
115	assemblage-684-767	0	114	0	0	0	0	0	0	0	0	0	0	5	0	0	0	0	231	0	0	0	0	0	20	0	0	0	0	0	4	0	0	0	0	0	0	0	0	0	0	0	0	0	0	0	0	31	0	0	0	0	0	0	0	0	0	0	0	0	0	0	0	0	11	65	0	0	0	0	0	0	0	19

116	assemblage-730-776	0	0	0	0	0	0	0	0	0	0	0	0	0	0	0	0	0	0	0	0	0	0	0	0	0	0	0	0	0	0	0	0	0	0	151	0	0	0	0	0	0	0	0	0	0	0	0	0	0	0	0	0	0	296	0	0	0	0	0	0	0	14	0	0	0	0	0	14	0	0	0	0	25
116	assemblage-750-626	0	0	0	0	0	249	0	0	0	0	0	0	0	0	0	0	0	0	0	0	0	0	0	209	0	0	0	0	0	0	0	0	0	0	0	0	0	0	0	0	0	0	0	0	0	0	0	0	0	0	0	0	0	0	0	0	0	22	0	0	0	0	0	0	0	0	0	0	0	0	0	0	20
116	assemblage-631-942	0	0	0	0	0	0	0	0	0	0	0	0	0	0	0	0	0	0	0	0	0	0	0	109	0	0	0	0	0	0	0	0	0	0	0	240	0	0	0	0	122	0	0	0	0	0	0	0	0	0	0	0	0	0	0	0	0	0	0	0	0	0	0	0	8	0	0	0	0	0	0	0	21

117	assemblage-730-776	0	0	0	0	0	0	0	0	0	0	0	0	0	0	0	0	0	0	0	0	0	0	0	0	0	0	0	0	0	0	0	0	0	0	151	0	0	0	0	0	0	0	0	0	0	0	0	0	0	0	0	0	0	296	0	0	0	0	0	0	0	14	0	0	0	0	0	14	0	0	0	0	25
117	assemblage-750-626	0	0	0	0	0	249	0	0	0	0	0	0	0	0	0	0	0	0	0	0	0	0	0	209	0	0	0	0	0	0	0	0	0	0	0	0	0	0	0	0	0	0	0	0	0	0	0	0	0	0	0	0	0	0	0	0	0	22	0	0	0	0	0	0	0	0	0	0	0	0	0	0	20
117	assemblage-541-439	0	119	0	0	0	0	0	0	0	0	0	0	0	0	0	0	0	242	0	0	0	0	0	25	0	0	0	0	0	0	8	0	0	0	0	0	0	0	0	0	0	0	0	1	0	0	37	0	0	0	0	0	0	0	0	0	0	0	0	0	0	0	0	7	44	0	0	0	0	0	0	0	17

118	assemblage-730-776	0	0	0	0	0	0	0	0	0	0	0	0	0	0	0	0	0	0	0	0	0	0	0	0	0	0	0	0	0	0	0	0	0	0	151	0	0	0	0	0	0	0	0	0	0	0	0	0	0	0	0	0	0	296	0	0	0	0	0	0	0	14	0	0	0	0	0	14	0	0	0	0	25
118	assemblage-945-540	0	98	0	0	0	0	0	0	0	0	0	0	0	0	0	0	0	242	0	0	0	0	0	23	0	0	0	0	0	0	0	0	0	0	0	0	0	0	0	0	0	0	0	11	0	0	32	0	0	0	0	0	0	0	0	0	0	0	0	0	0	0	0	9	58	0	0	0	0	0	0	0	27
118	assemblage-993-198	0	0	0	7	0	0	0	0	0	0	0	0	0	0	0	0	0	307	0	0	0	0	0	5	0	0	0	0	0	0	0	0	0	159	0	7	0	0	0	0	0	0	0	0	0	0	0	0	0	0	0	0	0	0	0	0	0	0	0	0	0	0	0	0	0	0	0	0	0	0	0	0	15

119	assemblage-730-776	0	0	0	0	0	0	0	0	0	0	0	0	0	0	0	0	0	0	0	0	0	0	0	0	0	0	0	0	0	0	0	0	0	0	151	0	0	0	0	0	0	0	0	0	0	0	0	0	0	0	0	0	0	296	0	0	0	0	0	0	0	14	0	0	0	0	0	14	0	0	0	0	25
119	assemblage-945-540	0	98	0	0	0	0	0	0	0	0	0	0	0	0	0	0	0	242	0	0	0	0	0	23	0	0	0	0	0	0	0	0	0	0	0	0	0	0	0	0	0	0	0	11	0	0	32	0	0	0	0	0	0	0	0	0	0	0	0	0	0	0	0	9	58	0	0	0	0	0	0	0	27
119	assemblage-684-767	0	114	0	0	0	0	0	0	0	0	0	0	5	0	0	0	0	231	0	0	0	0	0	20	0	0	0	0	0	4	0	0	0	0	0	0	0	0	0	0	0	0	0	0	0	0	31	0	0	0	0	0	0	0	0	0	0	0	0	0	0	0	0	11	65	0	0	0	0	0	0	0	19

120	assemblage-730-776	0	0	0	0	0	0	0	0	0	0	0	0	0	0	0	0	0	0	0	0	0	0	0	0	0	0	0	0	0	0	0	0	0	0	151	0	0	0	0	0	0	0	0	0	0	0	0	0	0	0	0	0	0	296	0	0	0	0	0	0	0	14	0	0	0	0	0	14	0	0	0	0	25
120	assemblage-945-540	0	98	0	0	0	0	0	0	0	0	0	0	0	0	0	0	0	242	0	0	0	0	0	23	0	0	0	0	0	0	0	0	0	0	0	0	0	0	0	0	0	0	0	11	0	0	32	0	0	0	0	0	0	0	0	0	0	0	0	0	0	0	0	9	58	0	0	0	0	0	0	0	27
120	assemblage-631-942	0	0	0	0	0	0	0	0	0	0	0	0	0	0	0	0	0	0	0	0	0	0	0	109	0	0	0	0	0	0	0	0	0	0	0	240	0	0	0	0	122	0	0	0	0	0	0	0	0	0	0	0	0	0	0	0	0	0	0	0	0	0	0	0	8	0	0	0	0	0	0	0	21

121	assemblage-730-776	0	0	0	0	0	0	0	0	0	0	0	0	0	0	0	0	0	0	0	0	0	0	0	0	0	0	0	0	0	0	0	0	0	0	151	0	0	0	0	0	0	0	0	0	0	0	0	0	0	0	0	0	0	296	0	0	0	0	0	0	0	14	0	0	0	0	0	14	0	0	0	0	25
121	assemblage-945-540	0	98	0	0	0	0	0	0	0	0	0	0	0	0	0	0	0	242	0	0	0	0	0	23	0	0	0	0	0	0	0	0	0	0	0	0	0	0	0	0	0	0	0	11	0	0	32	0	0	0	0	0	0	0	0	0	0	0	0	0	0	0	0	9	58	0	0	0	0	0	0	0	27
121	assemblage-541-439	0	119	0	0	0	0	0	0	0	0	0	0	0	0	0	0	0	242	0	0	0	0	0	25	0	0	0	0	0	0	8	0	0	0	0	0	0	0	0	0	0	0	0	1	0	0	37	0	0	0	0	0	0	0	0	0	0	0	0	0	0	0	0	7	44	0	0	0	0	0	0	0	17

122	assemblage-730-776	0	0	0	0	0	0	0	0	0	0	0	0	0	0	0	0	0	0	0	0	0	0	0	0	0	0	0	0	0	0	0	0	0	0	151	0	0	0	0	0	0	0	0	0	0	0	0	0	0	0	0	0	0	296	0	0	0	0	0	0	0	14	0	0	0	0	0	14	0	0	0	0	25
122	assemblage-945-540	0	98	0	0	0	0	0	0	0	0	0	0	0	0	0	0	0	242	0	0	0	0	0	23	0	0	0	0	0	0	0	0	0	0	0	0	0	0	0	0	0	0	0	11	0	0	32	0	0	0	0	0	0	0	0	0	0	0	0	0	0	0	0	9	58	0	0	0	0	0	0	0	27
122	assemblage-750-626	0	0	0	0	0	249	0	0	0	0	0	0	0	0	0	0	0	0	0	0	0	0	0	209	0	0	0	0	0	0	0	0	0	0	0	0	0	0	0	0	0	0	0	0	0	0	0	0	0	0	0	0	0	0	0	0	0	22	0	0	0	0	0	0	0	0	0	0	0	0	0	0	20

123	assemblage-730-776	0	0	0	0	0	0	0	0	0	0	0	0	0	0	0	0	0	0	0	0	0	0	0	0	0	0	0	0	0	0	0	0	0	0	151	0	0	0	0	0	0	0	0	0	0	0	0	0	0	0	0	0	0	296	0	0	0	0	0	0	0	14	0	0	0	0	0	14	0	0	0	0	25
123	assemblage-846-341	0	0	0	0	0	0	0	0	0	0	0	0	0	0	274	0	0	0	0	0	140	0	0	0	0	0	0	0	0	0	0	0	0	57	0	0	0	0	0	0	14	0	0	0	0	0	0	0	0	0	0	0	0	0	0	0	0	0	0	0	0	0	0	0	0	0	0	0	0	0	0	0	15
123	assemblage-993-198	0	0	0	7	0	0	0	0	0	0	0	0	0	0	0	0	0	307	0	0	0	0	0	5	0	0	0	0	0	0	0	0	0	159	0	7	0	0	0	0	0	0	0	0	0	0	0	0	0	0	0	0	0	0	0	0	0	0	0	0	0	0	0	0	0	0	0	0	0	0	0	0	15

124	assemblage-730-776	0	0	0	0	0	0	0	0	0	0	0	0	0	0	0	0	0	0	0	0	0	0	0	0	0	0	0	0	0	0	0	0	0	0	151	0	0	0	0	0	0	0	0	0	0	0	0	0	0	0	0	0	0	296	0	0	0	0	0	0	0	14	0	0	0	0	0	14	0	0	0	0	25
124	assemblage-164-852	0	0	0	0	0	0	14	0	0	0	0	0	0	0	0	0	0	0	0	381	0	0	0	0	0	0	0	0	0	0	0	0	0	0	0	0	0	37	0	0	0	0	0	0	0	0	0	0	9	0	0	0	0	38	0	0	0	0	0	0	0	0	0	0	0	0	0	0	0	0	0	0	21
124	assemblage-993-198	0	0	0	7	0	0	0	0	0	0	0	0	0	0	0	0	0	307	0	0	0	0	0	5	0	0	0	0	0	0	0	0	0	159	0	7	0	0	0	0	0	0	0	0	0	0	0	0	0	0	0	0	0	0	0	0	0	0	0	0	0	0	0	0	0	0	0	0	0	0	0	0	15

125	assemblage-730-776	0	0	0	0	0	0	0	0	0	0	0	0	0	0	0	0	0	0	0	0	0	0	0	0	0	0	0	0	0	0	0	0	0	0	151	0	0	0	0	0	0	0	0	0	0	0	0	0	0	0	0	0	0	296	0	0	0	0	0	0	0	14	0	0	0	0	0	14	0	0	0	0	25
125	assemblage-164-852	0	0	0	0	0	0	14	0	0	0	0	0	0	0	0	0	0	0	0	381	0	0	0	0	0	0	0	0	0	0	0	0	0	0	0	0	0	37	0	0	0	0	0	0	0	0	0	0	9	0	0	0	0	38	0	0	0	0	0	0	0	0	0	0	0	0	0	0	0	0	0	0	21
125	assemblage-684-767	0	114	0	0	0	0	0	0	0	0	0	0	5	0	0	0	0	231	0	0	0	0	0	20	0	0	0	0	0	4	0	0	0	0	0	0	0	0	0	0	0	0	0	0	0	0	31	0	0	0	0	0	0	0	0	0	0	0	0	0	0	0	0	11	65	0	0	0	0	0	0	0	19

126	assemblage-730-776	0	0	0	0	0	0	0	0	0	0	0	0	0	0	0	0	0	0	0	0	0	0	0	0	0	0	0	0	0	0	0	0	0	0	151	0	0	0	0	0	0	0	0	0	0	0	0	0	0	0	0	0	0	296	0	0	0	0	0	0	0	14	0	0	0	0	0	14	0	0	0	0	25
126	assemblage-164-852	0	0	0	0	0	0	14	0	0	0	0	0	0	0	0	0	0	0	0	381	0	0	0	0	0	0	0	0	0	0	0	0	0	0	0	0	0	37	0	0	0	0	0	0	0	0	0	0	9	0	0	0	0	38	0	0	0	0	0	0	0	0	0	0	0	0	0	0	0	0	0	0	21
126	assemblage-631-942	0	0	0	0	0	0	0	0	0	0	0	0	0	0	0	0	0	0	0	0	0	0	0	109	0	0	0	0	0	0	0	0	0	0	0	240	0	0	0	0	122	0	0	0	0	0	0	0	0	0	0	0	0	0	0	0	0	0	0	0	0	0	0	0	8	0	0	0	0	0	0	0	21

127	assemblage-730-776	0	0	0	0	0	0	0	0	0	0	0	0	0	0	0	0	0	0	0	0	0	0	0	0	0	0	0	0	0	0	0	0	0	0	151	0	0	0	0	0	0	0	0	0	0	0	0	0	0	0	0	0	0	296	0	0	0	0	0	0	0	14	0	0	0	0	0	14	0	0	0	0	25
127	assemblage-164-852	0	0	0	0	0	0	14	0	0	0	0	0	0	0	0	0	0	0	0	381	0	0	0	0	0	0	0	0	0	0	0	0	0	0	0	0	0	37	0	0	0	0	0	0	0	0	0	0	9	0	0	0	0	38	0	0	0	0	0	0	0	0	0	0	0	0	0	0	0	0	0	0	21
127	assemblage-541-439	0	119	0	0	0	0	0	0	0	0	0	0	0	0	0	0	0	242	0	0	0	0	0	25	0	0	0	0	0	0	8	0	0	0	0	0	0	0	0	0	0	0	0	1	0	0	37	0	0	0	0	0	0	0	0	0	0	0	0	0	0	0	0	7	44	0	0	0	0	0	0	0	17

128	assemblage-730-776	0	0	0	0	0	0	0	0	0	0	0	0	0	0	0	0	0	0	0	0	0	0	0	0	0	0	0	0	0	0	0	0	0	0	151	0	0	0	0	0	0	0	0	0	0	0	0	0	0	0	0	0	0	296	0	0	0	0	0	0	0	14	0	0	0	0	0	14	0	0	0	0	25
128	assemblage-164-852	0	0	0	0	0	0	14	0	0	0	0	0	0	0	0	0	0	0	0	381	0	0	0	0	0	0	0	0	0	0	0	0	0	0	0	0	0	37	0	0	0	0	0	0	0	0	0	0	9	0	0	0	0	38	0	0	0	0	0	0	0	0	0	0	0	0	0	0	0	0	0	0	21
128	assemblage-750-626	0	0	0	0	0	249	0	0	0	0	0	0	0	0	0	0	0	0	0	0	0	0	0	209	0	0	0	0	0	0	0	0	0	0	0	0	0	0	0	0	0	0	0	0	0	0	0	0	0	0	0	0	0	0	0	0	0	22	0	0	0	0	0	0	0	0	0	0	0	0	0	0	20

129	assemblage-730-776	0	0	0	0	0	0	0	0	0	0	0	0	0	0	0	0	0	0	0	0	0	0	0	0	0	0	0	0	0	0	0	0	0	0	151	0	0	0	0	0	0	0	0	0	0	0	0	0	0	0	0	0	0	296	0	0	0	0	0	0	0	14	0	0	0	0	0	14	0	0	0	0	25
129	assemblage-164-852	0	0	0	0	0	0	14	0	0	0	0	0	0	0	0	0	0	0	0	381	0	0	0	0	0	0	0	0	0	0	0	0	0	0	0	0	0	37	0	0	0	0	0	0	0	0	0	0	9	0	0	0	0	38	0	0	0	0	0	0	0	0	0	0	0	0	0	0	0	0	0	0	21
129	assemblage-846-341	0	0	0	0	0	0	0	0	0	0	0	0	0	0	274	0	0	0	0	0	140	0	0	0	0	0	0	0	0	0	0	0	0	57	0	0	0	0	0	0	14	0	0	0	0	0	0	0	0	0	0	0	0	0	0	0	0	0	0	0	0	0	0	0	0	0	0	0	0	0	0	0	15

130	assemblage-730-776	0	0	0	0	0	0	0	0	0	0	0	0	0	0	0	0	0	0	0	0	0	0	0	0	0	0	0	0	0	0	0	0	0	0	151	0	0	0	0	0	0	0	0	0	0	0	0	0	0	0	0	0	0	296	0	0	0	0	0	0	0	14	0	0	0	0	0	14	0	0	0	0	25
130	assemblage-164-852	0	0	0	0	0	0	14	0	0	0	0	0	0	0	0	0	0	0	0	381	0	0	0	0	0	0	0	0	0	0	0	0	0	0	0	0	0	37	0	0	0	0	0	0	0	0	0	0	9	0	0	0	0	38	0	0	0	0	0	0	0	0	0	0	0	0	0	0	0	0	0	0	21
130	assemblage-1011-185	0	0	0	0	0	0	0	0	0	0	0	0	0	0	0	0	0	0	0	0	0	0	0	132	0	0	0	0	0	0	0	6	0	0	0	224	0	0	0	0	127	0	0	0	0	0	0	0	0	0	0	0	0	0	0	0	0	0	0	0	0	0	0	0	4	0	0	0	0	0	0	0	7

131	assemblage-730-776	0	0	0	0	0	0	0	0	0	0	0	0	0	0	0	0	0	0	0	0	0	0	0	0	0	0	0	0	0	0	0	0	0	0	151	0	0	0	0	0	0	0	0	0	0	0	0	0	0	0	0	0	0	296	0	0	0	0	0	0	0	14	0	0	0	0	0	14	0	0	0	0	25
131	assemblage-701-469	0	213	0	0	0	0	18	0	0	0	0	0	0	0	0	0	0	0	0	14	0	7	0	0	0	0	0	0	0	0	0	0	0	0	0	0	0	0	0	0	0	0	0	0	0	0	0	0	0	0	0	0	0	237	0	0	0	0	0	0	0	0	0	0	0	0	0	0	0	0	0	0	11
131	assemblage-371-810	0	0	0	0	0	0	120	0	0	0	0	0	0	0	0	0	0	12	0	0	0	0	0	0	0	0	0	18	0	0	0	0	0	0	0	0	0	0	0	0	0	0	0	0	0	0	0	0	0	0	0	0	5	220	0	0	0	0	0	0	0	0	0	0	94	0	0	0	0	22	0	0	9

132	assemblage-730-776	0	0	0	0	0	0	0	0	0	0	0	0	0	0	0	0	0	0	0	0	0	0	0	0	0	0	0	0	0	0	0	0	0	0	151	0	0	0	0	0	0	0	0	0	0	0	0	0	0	0	0	0	0	296	0	0	0	0	0	0	0	14	0	0	0	0	0	14	0	0	0	0	25
132	assemblage-701-469	0	213	0	0	0	0	18	0	0	0	0	0	0	0	0	0	0	0	0	14	0	7	0	0	0	0	0	0	0	0	0	0	0	0	0	0	0	0	0	0	0	0	0	0	0	0	0	0	0	0	0	0	0	237	0	0	0	0	0	0	0	0	0	0	0	0	0	0	0	0	0	0	11
132	assemblage-1011-185	0	0	0	0	0	0	0	0	0	0	0	0	0	0	0	0	0	0	0	0	0	0	0	132	0	0	0	0	0	0	0	6	0	0	0	224	0	0	0	0	127	0	0	0	0	0	0	0	0	0	0	0	0	0	0	0	0	0	0	0	0	0	0	0	4	0	0	0	0	0	0	0	7

133	assemblage-730-776	0	0	0	0	0	0	0	0	0	0	0	0	0	0	0	0	0	0	0	0	0	0	0	0	0	0	0	0	0	0	0	0	0	0	151	0	0	0	0	0	0	0	0	0	0	0	0	0	0	0	0	0	0	296	0	0	0	0	0	0	0	14	0	0	0	0	0	14	0	0	0	0	25
133	assemblage-838-351	0	0	0	0	0	0	0	0	0	0	0	0	0	0	73	0	14	0	0	0	18	0	0	0	0	0	0	0	0	0	0	0	0	0	0	268	0	0	0	17	99	0	0	0	0	0	0	0	0	0	0	0	0	0	0	0	0	0	0	0	0	0	0	0	0	0	0	0	0	0	0	0	11
133	assemblage-1011-185	0	0	0	0	0	0	0	0	0	0	0	0	0	0	0	0	0	0	0	0	0	0	0	132	0	0	0	0	0	0	0	6	0	0	0	224	0	0	0	0	127	0	0	0	0	0	0	0	0	0	0	0	0	0	0	0	0	0	0	0	0	0	0	0	4	0	0	0	0	0	0	0	7

134	assemblage-730-776	0	0	0	0	0	0	0	0	0	0	0	0	0	0	0	0	0	0	0	0	0	0	0	0	0	0	0	0	0	0	0	0	0	0	151	0	0	0	0	0	0	0	0	0	0	0	0	0	0	0	0	0	0	296	0	0	0	0	0	0	0	14	0	0	0	0	0	14	0	0	0	0	25
134	assemblage-648-341	0	0	0	0	0	112	158	0	0	0	0	0	0	0	0	0	0	0	0	0	0	0	0	84	0	0	0	0	0	0	0	0	0	0	0	0	0	15	0	0	0	0	0	0	0	13	0	0	0	0	0	0	0	106	0	0	0	0	0	0	0	0	0	0	0	0	0	0	0	0	0	0	12
134	assemblage-171-856	0	0	0	0	0	112	151	0	0	0	0	0	0	0	0	0	0	0	0	11	0	0	0	93	0	0	0	0	0	0	0	0	0	0	0	0	0	21	0	0	0	0	0	0	0	19	0	0	0	0	0	0	0	81	0	0	0	0	0	0	0	0	0	0	0	0	0	0	0	0	0	0	12

135	assemblage-730-776	0	0	0	0	0	0	0	0	0	0	0	0	0	0	0	0	0	0	0	0	0	0	0	0	0	0	0	0	0	0	0	0	0	0	151	0	0	0	0	0	0	0	0	0	0	0	0	0	0	0	0	0	0	296	0	0	0	0	0	0	0	14	0	0	0	0	0	14	0	0	0	0	25
135	assemblage-648-341	0	0	0	0	0	112	158	0	0	0	0	0	0	0	0	0	0	0	0	0	0	0	0	84	0	0	0	0	0	0	0	0	0	0	0	0	0	15	0	0	0	0	0	0	0	13	0	0	0	0	0	0	0	106	0	0	0	0	0	0	0	0	0	0	0	0	0	0	0	0	0	0	12
135	assemblage-1011-185	0	0	0	0	0	0	0	0	0	0	0	0	0	0	0	0	0	0	0	0	0	0	0	132	0	0	0	0	0	0	0	6	0	0	0	224	0	0	0	0	127	0	0	0	0	0	0	0	0	0	0	0	0	0	0	0	0	0	0	0	0	0	0	0	4	0	0	0	0	0	0	0	7

136	assemblage-730-776	0	0	0	0	0	0	0	0	0	0	0	0	0	0	0	0	0	0	0	0	0	0	0	0	0	0	0	0	0	0	0	0	0	0	151	0	0	0	0	0	0	0	0	0	0	0	0	0	0	0	0	0	0	296	0	0	0	0	0	0	0	14	0	0	0	0	0	14	0	0	0	0	25
136	assemblage-648-341	0	0	0	0	0	112	158	0	0	0	0	0	0	0	0	0	0	0	0	0	0	0	0	84	0	0	0	0	0	0	0	0	0	0	0	0	0	15	0	0	0	0	0	0	0	13	0	0	0	0	0	0	0	106	0	0	0	0	0	0	0	0	0	0	0	0	0	0	0	0	0	0	12
136	assemblage-838-351	0	0	0	0	0	0	0	0	0	0	0	0	0	0	73	0	14	0	0	0	18	0	0	0	0	0	0	0	0	0	0	0	0	0	0	268	0	0	0	17	99	0	0	0	0	0	0	0	0	0	0	0	0	0	0	0	0	0	0	0	0	0	0	0	0	0	0	0	0	0	0	0	11

137	assemblage-730-776	0	0	0	0	0	0	0	0	0	0	0	0	0	0	0	0	0	0	0	0	0	0	0	0	0	0	0	0	0	0	0	0	0	0	151	0	0	0	0	0	0	0	0	0	0	0	0	0	0	0	0	0	0	296	0	0	0	0	0	0	0	14	0	0	0	0	0	14	0	0	0	0	25
137	assemblage-948-531	0	0	0	0	0	0	0	0	0	0	0	0	0	0	0	0	0	0	0	11	0	0	0	253	0	10	0	0	0	0	0	0	0	0	0	0	0	0	0	0	0	2	0	0	0	0	0	0	0	0	0	0	0	3	0	0	0	0	0	0	0	0	0	0	205	0	0	0	0	0	0	0	16
137	assemblage-993-198	0	0	0	7	0	0	0	0	0	0	0	0	0	0	0	0	0	307	0	0	0	0	0	5	0	0	0	0	0	0	0	0	0	159	0	7	0	0	0	0	0	0	0	0	0	0	0	0	0	0	0	0	0	0	0	0	0	0	0	0	0	0	0	0	0	0	0	0	0	0	0	0	15

138	assemblage-730-776	0	0	0	0	0	0	0	0	0	0	0	0	0	0	0	0	0	0	0	0	0	0	0	0	0	0	0	0	0	0	0	0	0	0	151	0	0	0	0	0	0	0	0	0	0	0	0	0	0	0	0	0	0	296	0	0	0	0	0	0	0	14	0	0	0	0	0	14	0	0	0	0	25
138	assemblage-948-531	0	0	0	0	0	0	0	0	0	0	0	0	0	0	0	0	0	0	0	11	0	0	0	253	0	10	0	0	0	0	0	0	0	0	0	0	0	0	0	0	0	2	0	0	0	0	0	0	0	0	0	0	0	3	0	0	0	0	0	0	0	0	0	0	205	0	0	0	0	0	0	0	16
138	assemblage-541-439	0	119	0	0	0	0	0	0	0	0	0	0	0	0	0	0	0	242	0	0	0	0	0	25	0	0	0	0	0	0	8	0	0	0	0	0	0	0	0	0	0	0	0	1	0	0	37	0	0	0	0	0	0	0	0	0	0	0	0	0	0	0	0	7	44	0	0	0	0	0	0	0	17

139	assemblage-730-776	0	0	0	0	0	0	0	0	0	0	0	0	0	0	0	0	0	0	0	0	0	0	0	0	0	0	0	0	0	0	0	0	0	0	151	0	0	0	0	0	0	0	0	0	0	0	0	0	0	0	0	0	0	296	0	0	0	0	0	0	0	14	0	0	0	0	0	14	0	0	0	0	25
139	assemblage-948-531	0	0	0	0	0	0	0	0	0	0	0	0	0	0	0	0	0	0	0	11	0	0	0	253	0	10	0	0	0	0	0	0	0	0	0	0	0	0	0	0	0	2	0	0	0	0	0	0	0	0	0	0	0	3	0	0	0	0	0	0	0	0	0	0	205	0	0	0	0	0	0	0	16
139	assemblage-846-341	0	0	0	0	0	0	0	0	0	0	0	0	0	0	274	0	0	0	0	0	140	0	0	0	0	0	0	0	0	0	0	0	0	57	0	0	0	0	0	0	14	0	0	0	0	0	0	0	0	0	0	0	0	0	0	0	0	0	0	0	0	0	0	0	0	0	0	0	0	0	0	0	15

140	assemblage-730-776	0	0	0	0	0	0	0	0	0	0	0	0	0	0	0	0	0	0	0	0	0	0	0	0	0	0	0	0	0	0	0	0	0	0	151	0	0	0	0	0	0	0	0	0	0	0	0	0	0	0	0	0	0	296	0	0	0	0	0	0	0	14	0	0	0	0	0	14	0	0	0	0	25
140	assemblage-948-531	0	0	0	0	0	0	0	0	0	0	0	0	0	0	0	0	0	0	0	11	0	0	0	253	0	10	0	0	0	0	0	0	0	0	0	0	0	0	0	0	0	2	0	0	0	0	0	0	0	0	0	0	0	3	0	0	0	0	0	0	0	0	0	0	205	0	0	0	0	0	0	0	16
140	assemblage-1011-185	0	0	0	0	0	0	0	0	0	0	0	0	0	0	0	0	0	0	0	0	0	0	0	132	0	0	0	0	0	0	0	6	0	0	0	224	0	0	0	0	127	0	0	0	0	0	0	0	0	0	0	0	0	0	0	0	0	0	0	0	0	0	0	0	4	0	0	0	0	0	0	0	7

141	assemblage-730-776	0	0	0	0	0	0	0	0	0	0	0	0	0	0	0	0	0	0	0	0	0	0	0	0	0	0	0	0	0	0	0	0	0	0	151	0	0	0	0	0	0	0	0	0	0	0	0	0	0	0	0	0	0	296	0	0	0	0	0	0	0	14	0	0	0	0	0	14	0	0	0	0	25
141	assemblage-948-531	0	0	0	0	0	0	0	0	0	0	0	0	0	0	0	0	0	0	0	11	0	0	0	253	0	10	0	0	0	0	0	0	0	0	0	0	0	0	0	0	0	2	0	0	0	0	0	0	0	0	0	0	0	3	0	0	0	0	0	0	0	0	0	0	205	0	0	0	0	0	0	0	16
141	assemblage-838-351	0	0	0	0	0	0	0	0	0	0	0	0	0	0	73	0	14	0	0	0	18	0	0	0	0	0	0	0	0	0	0	0	0	0	0	268	0	0	0	17	99	0	0	0	0	0	0	0	0	0	0	0	0	0	0	0	0	0	0	0	0	0	0	0	0	0	0	0	0	0	0	0	11

