Seriation_Number	Assemblage	6290433-195482-3	0-5743483-3	0-5524256-6612528	3-7342081-6589441	0-8306395-3	3-2-5630330	2-2186270-3	3-6130860-4	0-5909510-3	1-2-3224084	5018466-4008915-5605897	2-2186270-2605362	3-2-1772264	3-6074349-4	0-4633653-3	2605777-200991-4124307	3-2-4	5035609-8306395-3	5018466-192050-1553007	5018466-192050-5605897	6293359-2-3	0-2-6612528	6985373-192050-5605897	2605777-200991-3	2-1040221-9155278	303886-1-6589441	0-200991-3	2-8233150-3	3301815-2-0	3301815-8416474-0	3-2-1097000	1-2-0	5018466-192050-3501361	4-4-4703712	3-4890700-2	1-195482-3	1-1354182-8559978	0-2776862-3	0-2-3	2-1040221-3	4-6246654-4703712	4669997-2-0	3-2-5502200	8265585-3-5605897	1-7022586-3	0-8306395-3320686	0-4531276-3	7918018-2-8231550	3855835-2-3	0-6336606-3	8268503-2-4	3-1-5488901	3-2-2801112	8453124-2-0	3-3-8550218	1-2-6043999	1-7826657-3	3-1-6589441	2-1040221-5103772	2-2186270-8899505	8453124-1072530-0	3-2-3326910	1-2-8231550	1-3144409-0	0-8306395-8525846	3-0-1	2875055-2186270-9642726	3-8214520-1772264	5018466-3-5605897	0-5877989-8525846	0-2-3299762
1	assemblage-386-638	0	0	0	0	6	0	0	0	0	0	0	0	23	0	0	0	200	0	0	0	0	29	0	0	0	0	0	0	129	12	29	0	0	0	0	0	0	0	31	0	0	0	0	0	0	0	0	0	0	0	0	0	0	0	0	0	0	0	0	0	11	0	0	0	0	0	0	0	0	0	30
1	assemblage-397-507	0	0	0	0	14	0	0	0	0	0	0	0	0	0	0	0	99	0	0	7	0	0	6	0	0	0	0	0	43	0	0	256	0	0	0	7	0	0	42	0	0	0	0	0	0	0	0	0	0	0	0	0	3	0	0	0	0	0	0	0	0	0	0	0	0	0	0	0	0	0	23
1	assemblage-610-1007	0	0	0	0	0	0	218	0	0	0	0	0	0	0	0	0	0	0	0	0	0	0	0	0	0	0	0	143	0	0	0	0	0	0	54	0	0	0	0	57	0	0	0	0	0	0	0	0	0	0	0	0	0	0	0	0	0	0	0	6	0	0	0	0	0	0	9	0	0	0	13

2	assemblage-668-723	0	0	0	0	17	0	0	0	0	0	0	0	139	0	0	0	68	0	0	0	0	0	0	0	0	0	34	0	0	0	0	26	0	0	0	16	31	0	5	0	0	0	0	0	0	0	0	0	0	0	0	0	0	122	0	0	0	0	0	0	28	0	0	0	0	0	0	0	0	0	14
2	assemblage-397-507	0	0	0	0	14	0	0	0	0	0	0	0	0	0	0	0	99	0	0	7	0	0	6	0	0	0	0	0	43	0	0	256	0	0	0	7	0	0	42	0	0	0	0	0	0	0	0	0	0	0	0	0	3	0	0	0	0	0	0	0	0	0	0	0	0	0	0	0	0	0	23
2	assemblage-610-1007	0	0	0	0	0	0	218	0	0	0	0	0	0	0	0	0	0	0	0	0	0	0	0	0	0	0	0	143	0	0	0	0	0	0	54	0	0	0	0	57	0	0	0	0	0	0	0	0	0	0	0	0	0	0	0	0	0	0	0	6	0	0	0	0	0	0	9	0	0	0	13

3	assemblage-668-723	0	0	0	0	17	0	0	0	0	0	0	0	139	0	0	0	68	0	0	0	0	0	0	0	0	0	34	0	0	0	0	26	0	0	0	16	31	0	5	0	0	0	0	0	0	0	0	0	0	0	0	0	0	122	0	0	0	0	0	0	28	0	0	0	0	0	0	0	0	0	14
3	assemblage-386-638	0	0	0	0	6	0	0	0	0	0	0	0	23	0	0	0	200	0	0	0	0	29	0	0	0	0	0	0	129	12	29	0	0	0	0	0	0	0	31	0	0	0	0	0	0	0	0	0	0	0	0	0	0	0	0	0	0	0	0	0	11	0	0	0	0	0	0	0	0	0	30
3	assemblage-610-1007	0	0	0	0	0	0	218	0	0	0	0	0	0	0	0	0	0	0	0	0	0	0	0	0	0	0	0	143	0	0	0	0	0	0	54	0	0	0	0	57	0	0	0	0	0	0	0	0	0	0	0	0	0	0	0	0	0	0	0	6	0	0	0	0	0	0	9	0	0	0	13

4	assemblage-357-802	7	0	0	0	0	0	0	0	0	0	0	0	0	0	0	0	23	0	0	0	0	0	28	0	0	0	0	0	0	0	0	9	0	0	0	239	0	0	54	0	0	0	0	0	0	0	0	0	0	0	36	0	18	64	0	0	0	0	0	0	0	0	0	0	0	0	0	0	0	0	22
4	assemblage-397-507	0	0	0	0	14	0	0	0	0	0	0	0	0	0	0	0	99	0	0	7	0	0	6	0	0	0	0	0	43	0	0	256	0	0	0	7	0	0	42	0	0	0	0	0	0	0	0	0	0	0	0	0	3	0	0	0	0	0	0	0	0	0	0	0	0	0	0	0	0	0	23
4	assemblage-610-1007	0	0	0	0	0	0	218	0	0	0	0	0	0	0	0	0	0	0	0	0	0	0	0	0	0	0	0	143	0	0	0	0	0	0	54	0	0	0	0	57	0	0	0	0	0	0	0	0	0	0	0	0	0	0	0	0	0	0	0	6	0	0	0	0	0	0	9	0	0	0	13

5	assemblage-357-802	7	0	0	0	0	0	0	0	0	0	0	0	0	0	0	0	23	0	0	0	0	0	28	0	0	0	0	0	0	0	0	9	0	0	0	239	0	0	54	0	0	0	0	0	0	0	0	0	0	0	36	0	18	64	0	0	0	0	0	0	0	0	0	0	0	0	0	0	0	0	22
5	assemblage-386-638	0	0	0	0	6	0	0	0	0	0	0	0	23	0	0	0	200	0	0	0	0	29	0	0	0	0	0	0	129	12	29	0	0	0	0	0	0	0	31	0	0	0	0	0	0	0	0	0	0	0	0	0	0	0	0	0	0	0	0	0	11	0	0	0	0	0	0	0	0	0	30
5	assemblage-610-1007	0	0	0	0	0	0	218	0	0	0	0	0	0	0	0	0	0	0	0	0	0	0	0	0	0	0	0	143	0	0	0	0	0	0	54	0	0	0	0	57	0	0	0	0	0	0	0	0	0	0	0	0	0	0	0	0	0	0	0	6	0	0	0	0	0	0	9	0	0	0	13

6	assemblage-357-802	7	0	0	0	0	0	0	0	0	0	0	0	0	0	0	0	23	0	0	0	0	0	28	0	0	0	0	0	0	0	0	9	0	0	0	239	0	0	54	0	0	0	0	0	0	0	0	0	0	0	36	0	18	64	0	0	0	0	0	0	0	0	0	0	0	0	0	0	0	0	22
6	assemblage-668-723	0	0	0	0	17	0	0	0	0	0	0	0	139	0	0	0	68	0	0	0	0	0	0	0	0	0	34	0	0	0	0	26	0	0	0	16	31	0	5	0	0	0	0	0	0	0	0	0	0	0	0	0	0	122	0	0	0	0	0	0	28	0	0	0	0	0	0	0	0	0	14
6	assemblage-610-1007	0	0	0	0	0	0	218	0	0	0	0	0	0	0	0	0	0	0	0	0	0	0	0	0	0	0	0	143	0	0	0	0	0	0	54	0	0	0	0	57	0	0	0	0	0	0	0	0	0	0	0	0	0	0	0	0	0	0	0	6	0	0	0	0	0	0	9	0	0	0	13

7	assemblage-835-586	0	0	0	0	94	0	0	0	0	0	0	0	0	0	0	0	110	0	0	0	0	0	0	0	0	0	0	0	164	0	0	13	0	0	0	0	0	0	8	0	0	0	0	0	0	0	0	0	48	0	0	0	0	10	0	0	0	0	0	0	0	34	0	0	0	0	0	0	0	0	19
7	assemblage-397-507	0	0	0	0	14	0	0	0	0	0	0	0	0	0	0	0	99	0	0	7	0	0	6	0	0	0	0	0	43	0	0	256	0	0	0	7	0	0	42	0	0	0	0	0	0	0	0	0	0	0	0	0	3	0	0	0	0	0	0	0	0	0	0	0	0	0	0	0	0	0	23
7	assemblage-610-1007	0	0	0	0	0	0	218	0	0	0	0	0	0	0	0	0	0	0	0	0	0	0	0	0	0	0	0	143	0	0	0	0	0	0	54	0	0	0	0	57	0	0	0	0	0	0	0	0	0	0	0	0	0	0	0	0	0	0	0	6	0	0	0	0	0	0	9	0	0	0	13

8	assemblage-835-586	0	0	0	0	94	0	0	0	0	0	0	0	0	0	0	0	110	0	0	0	0	0	0	0	0	0	0	0	164	0	0	13	0	0	0	0	0	0	8	0	0	0	0	0	0	0	0	0	48	0	0	0	0	10	0	0	0	0	0	0	0	34	0	0	0	0	0	0	0	0	19
8	assemblage-386-638	0	0	0	0	6	0	0	0	0	0	0	0	23	0	0	0	200	0	0	0	0	29	0	0	0	0	0	0	129	12	29	0	0	0	0	0	0	0	31	0	0	0	0	0	0	0	0	0	0	0	0	0	0	0	0	0	0	0	0	0	11	0	0	0	0	0	0	0	0	0	30
8	assemblage-610-1007	0	0	0	0	0	0	218	0	0	0	0	0	0	0	0	0	0	0	0	0	0	0	0	0	0	0	0	143	0	0	0	0	0	0	54	0	0	0	0	57	0	0	0	0	0	0	0	0	0	0	0	0	0	0	0	0	0	0	0	6	0	0	0	0	0	0	9	0	0	0	13

9	assemblage-835-586	0	0	0	0	94	0	0	0	0	0	0	0	0	0	0	0	110	0	0	0	0	0	0	0	0	0	0	0	164	0	0	13	0	0	0	0	0	0	8	0	0	0	0	0	0	0	0	0	48	0	0	0	0	10	0	0	0	0	0	0	0	34	0	0	0	0	0	0	0	0	19
9	assemblage-668-723	0	0	0	0	17	0	0	0	0	0	0	0	139	0	0	0	68	0	0	0	0	0	0	0	0	0	34	0	0	0	0	26	0	0	0	16	31	0	5	0	0	0	0	0	0	0	0	0	0	0	0	0	0	122	0	0	0	0	0	0	28	0	0	0	0	0	0	0	0	0	14
9	assemblage-610-1007	0	0	0	0	0	0	218	0	0	0	0	0	0	0	0	0	0	0	0	0	0	0	0	0	0	0	0	143	0	0	0	0	0	0	54	0	0	0	0	57	0	0	0	0	0	0	0	0	0	0	0	0	0	0	0	0	0	0	0	6	0	0	0	0	0	0	9	0	0	0	13

10	assemblage-835-586	0	0	0	0	94	0	0	0	0	0	0	0	0	0	0	0	110	0	0	0	0	0	0	0	0	0	0	0	164	0	0	13	0	0	0	0	0	0	8	0	0	0	0	0	0	0	0	0	48	0	0	0	0	10	0	0	0	0	0	0	0	34	0	0	0	0	0	0	0	0	19
10	assemblage-357-802	7	0	0	0	0	0	0	0	0	0	0	0	0	0	0	0	23	0	0	0	0	0	28	0	0	0	0	0	0	0	0	9	0	0	0	239	0	0	54	0	0	0	0	0	0	0	0	0	0	0	36	0	18	64	0	0	0	0	0	0	0	0	0	0	0	0	0	0	0	0	22
10	assemblage-610-1007	0	0	0	0	0	0	218	0	0	0	0	0	0	0	0	0	0	0	0	0	0	0	0	0	0	0	0	143	0	0	0	0	0	0	54	0	0	0	0	57	0	0	0	0	0	0	0	0	0	0	0	0	0	0	0	0	0	0	0	6	0	0	0	0	0	0	9	0	0	0	13

11	assemblage-239-581	0	0	0	0	70	0	0	0	0	0	0	0	0	0	0	0	0	0	0	0	0	0	0	0	0	0	0	0	0	0	0	0	0	23	0	236	0	0	147	0	12	0	0	0	0	0	0	0	0	0	0	0	0	0	0	0	0	0	0	0	0	0	0	0	5	0	0	0	0	0	7
11	assemblage-397-507	0	0	0	0	14	0	0	0	0	0	0	0	0	0	0	0	99	0	0	7	0	0	6	0	0	0	0	0	43	0	0	256	0	0	0	7	0	0	42	0	0	0	0	0	0	0	0	0	0	0	0	0	3	0	0	0	0	0	0	0	0	0	0	0	0	0	0	0	0	0	23
11	assemblage-610-1007	0	0	0	0	0	0	218	0	0	0	0	0	0	0	0	0	0	0	0	0	0	0	0	0	0	0	0	143	0	0	0	0	0	0	54	0	0	0	0	57	0	0	0	0	0	0	0	0	0	0	0	0	0	0	0	0	0	0	0	6	0	0	0	0	0	0	9	0	0	0	13

12	assemblage-239-581	0	0	0	0	70	0	0	0	0	0	0	0	0	0	0	0	0	0	0	0	0	0	0	0	0	0	0	0	0	0	0	0	0	23	0	236	0	0	147	0	12	0	0	0	0	0	0	0	0	0	0	0	0	0	0	0	0	0	0	0	0	0	0	0	5	0	0	0	0	0	7
12	assemblage-386-638	0	0	0	0	6	0	0	0	0	0	0	0	23	0	0	0	200	0	0	0	0	29	0	0	0	0	0	0	129	12	29	0	0	0	0	0	0	0	31	0	0	0	0	0	0	0	0	0	0	0	0	0	0	0	0	0	0	0	0	0	11	0	0	0	0	0	0	0	0	0	30
12	assemblage-610-1007	0	0	0	0	0	0	218	0	0	0	0	0	0	0	0	0	0	0	0	0	0	0	0	0	0	0	0	143	0	0	0	0	0	0	54	0	0	0	0	57	0	0	0	0	0	0	0	0	0	0	0	0	0	0	0	0	0	0	0	6	0	0	0	0	0	0	9	0	0	0	13

13	assemblage-239-581	0	0	0	0	70	0	0	0	0	0	0	0	0	0	0	0	0	0	0	0	0	0	0	0	0	0	0	0	0	0	0	0	0	23	0	236	0	0	147	0	12	0	0	0	0	0	0	0	0	0	0	0	0	0	0	0	0	0	0	0	0	0	0	0	5	0	0	0	0	0	7
13	assemblage-668-723	0	0	0	0	17	0	0	0	0	0	0	0	139	0	0	0	68	0	0	0	0	0	0	0	0	0	34	0	0	0	0	26	0	0	0	16	31	0	5	0	0	0	0	0	0	0	0	0	0	0	0	0	0	122	0	0	0	0	0	0	28	0	0	0	0	0	0	0	0	0	14
13	assemblage-610-1007	0	0	0	0	0	0	218	0	0	0	0	0	0	0	0	0	0	0	0	0	0	0	0	0	0	0	0	143	0	0	0	0	0	0	54	0	0	0	0	57	0	0	0	0	0	0	0	0	0	0	0	0	0	0	0	0	0	0	0	6	0	0	0	0	0	0	9	0	0	0	13

14	assemblage-239-581	0	0	0	0	70	0	0	0	0	0	0	0	0	0	0	0	0	0	0	0	0	0	0	0	0	0	0	0	0	0	0	0	0	23	0	236	0	0	147	0	12	0	0	0	0	0	0	0	0	0	0	0	0	0	0	0	0	0	0	0	0	0	0	0	5	0	0	0	0	0	7
14	assemblage-357-802	7	0	0	0	0	0	0	0	0	0	0	0	0	0	0	0	23	0	0	0	0	0	28	0	0	0	0	0	0	0	0	9	0	0	0	239	0	0	54	0	0	0	0	0	0	0	0	0	0	0	36	0	18	64	0	0	0	0	0	0	0	0	0	0	0	0	0	0	0	0	22
14	assemblage-610-1007	0	0	0	0	0	0	218	0	0	0	0	0	0	0	0	0	0	0	0	0	0	0	0	0	0	0	0	143	0	0	0	0	0	0	54	0	0	0	0	57	0	0	0	0	0	0	0	0	0	0	0	0	0	0	0	0	0	0	0	6	0	0	0	0	0	0	9	0	0	0	13

15	assemblage-239-581	0	0	0	0	70	0	0	0	0	0	0	0	0	0	0	0	0	0	0	0	0	0	0	0	0	0	0	0	0	0	0	0	0	23	0	236	0	0	147	0	12	0	0	0	0	0	0	0	0	0	0	0	0	0	0	0	0	0	0	0	0	0	0	0	5	0	0	0	0	0	7
15	assemblage-835-586	0	0	0	0	94	0	0	0	0	0	0	0	0	0	0	0	110	0	0	0	0	0	0	0	0	0	0	0	164	0	0	13	0	0	0	0	0	0	8	0	0	0	0	0	0	0	0	0	48	0	0	0	0	10	0	0	0	0	0	0	0	34	0	0	0	0	0	0	0	0	19
15	assemblage-610-1007	0	0	0	0	0	0	218	0	0	0	0	0	0	0	0	0	0	0	0	0	0	0	0	0	0	0	0	143	0	0	0	0	0	0	54	0	0	0	0	57	0	0	0	0	0	0	0	0	0	0	0	0	0	0	0	0	0	0	0	6	0	0	0	0	0	0	9	0	0	0	13

16	assemblage-252-585	0	0	0	0	65	0	0	0	0	0	0	0	0	0	0	0	0	0	0	0	0	0	0	0	0	0	0	0	0	0	0	0	0	22	0	222	0	0	169	0	8	0	0	0	0	0	0	0	0	0	0	0	0	0	0	0	0	0	0	0	0	0	0	0	5	0	0	0	0	0	9
16	assemblage-397-507	0	0	0	0	14	0	0	0	0	0	0	0	0	0	0	0	99	0	0	7	0	0	6	0	0	0	0	0	43	0	0	256	0	0	0	7	0	0	42	0	0	0	0	0	0	0	0	0	0	0	0	0	3	0	0	0	0	0	0	0	0	0	0	0	0	0	0	0	0	0	23
16	assemblage-610-1007	0	0	0	0	0	0	218	0	0	0	0	0	0	0	0	0	0	0	0	0	0	0	0	0	0	0	0	143	0	0	0	0	0	0	54	0	0	0	0	57	0	0	0	0	0	0	0	0	0	0	0	0	0	0	0	0	0	0	0	6	0	0	0	0	0	0	9	0	0	0	13

17	assemblage-252-585	0	0	0	0	65	0	0	0	0	0	0	0	0	0	0	0	0	0	0	0	0	0	0	0	0	0	0	0	0	0	0	0	0	22	0	222	0	0	169	0	8	0	0	0	0	0	0	0	0	0	0	0	0	0	0	0	0	0	0	0	0	0	0	0	5	0	0	0	0	0	9
17	assemblage-386-638	0	0	0	0	6	0	0	0	0	0	0	0	23	0	0	0	200	0	0	0	0	29	0	0	0	0	0	0	129	12	29	0	0	0	0	0	0	0	31	0	0	0	0	0	0	0	0	0	0	0	0	0	0	0	0	0	0	0	0	0	11	0	0	0	0	0	0	0	0	0	30
17	assemblage-610-1007	0	0	0	0	0	0	218	0	0	0	0	0	0	0	0	0	0	0	0	0	0	0	0	0	0	0	0	143	0	0	0	0	0	0	54	0	0	0	0	57	0	0	0	0	0	0	0	0	0	0	0	0	0	0	0	0	0	0	0	6	0	0	0	0	0	0	9	0	0	0	13

18	assemblage-252-585	0	0	0	0	65	0	0	0	0	0	0	0	0	0	0	0	0	0	0	0	0	0	0	0	0	0	0	0	0	0	0	0	0	22	0	222	0	0	169	0	8	0	0	0	0	0	0	0	0	0	0	0	0	0	0	0	0	0	0	0	0	0	0	0	5	0	0	0	0	0	9
18	assemblage-668-723	0	0	0	0	17	0	0	0	0	0	0	0	139	0	0	0	68	0	0	0	0	0	0	0	0	0	34	0	0	0	0	26	0	0	0	16	31	0	5	0	0	0	0	0	0	0	0	0	0	0	0	0	0	122	0	0	0	0	0	0	28	0	0	0	0	0	0	0	0	0	14
18	assemblage-610-1007	0	0	0	0	0	0	218	0	0	0	0	0	0	0	0	0	0	0	0	0	0	0	0	0	0	0	0	143	0	0	0	0	0	0	54	0	0	0	0	57	0	0	0	0	0	0	0	0	0	0	0	0	0	0	0	0	0	0	0	6	0	0	0	0	0	0	9	0	0	0	13

19	assemblage-252-585	0	0	0	0	65	0	0	0	0	0	0	0	0	0	0	0	0	0	0	0	0	0	0	0	0	0	0	0	0	0	0	0	0	22	0	222	0	0	169	0	8	0	0	0	0	0	0	0	0	0	0	0	0	0	0	0	0	0	0	0	0	0	0	0	5	0	0	0	0	0	9
19	assemblage-357-802	7	0	0	0	0	0	0	0	0	0	0	0	0	0	0	0	23	0	0	0	0	0	28	0	0	0	0	0	0	0	0	9	0	0	0	239	0	0	54	0	0	0	0	0	0	0	0	0	0	0	36	0	18	64	0	0	0	0	0	0	0	0	0	0	0	0	0	0	0	0	22
19	assemblage-610-1007	0	0	0	0	0	0	218	0	0	0	0	0	0	0	0	0	0	0	0	0	0	0	0	0	0	0	0	143	0	0	0	0	0	0	54	0	0	0	0	57	0	0	0	0	0	0	0	0	0	0	0	0	0	0	0	0	0	0	0	6	0	0	0	0	0	0	9	0	0	0	13

20	assemblage-252-585	0	0	0	0	65	0	0	0	0	0	0	0	0	0	0	0	0	0	0	0	0	0	0	0	0	0	0	0	0	0	0	0	0	22	0	222	0	0	169	0	8	0	0	0	0	0	0	0	0	0	0	0	0	0	0	0	0	0	0	0	0	0	0	0	5	0	0	0	0	0	9
20	assemblage-835-586	0	0	0	0	94	0	0	0	0	0	0	0	0	0	0	0	110	0	0	0	0	0	0	0	0	0	0	0	164	0	0	13	0	0	0	0	0	0	8	0	0	0	0	0	0	0	0	0	48	0	0	0	0	10	0	0	0	0	0	0	0	34	0	0	0	0	0	0	0	0	19
20	assemblage-610-1007	0	0	0	0	0	0	218	0	0	0	0	0	0	0	0	0	0	0	0	0	0	0	0	0	0	0	0	143	0	0	0	0	0	0	54	0	0	0	0	57	0	0	0	0	0	0	0	0	0	0	0	0	0	0	0	0	0	0	0	6	0	0	0	0	0	0	9	0	0	0	13

21	assemblage-671-734	0	0	0	0	49	8	0	0	0	0	0	0	0	0	0	65	216	0	0	11	0	0	0	11	0	0	15	0	0	0	0	48	0	0	0	0	0	0	0	0	0	0	0	0	0	0	63	0	0	0	0	0	0	0	0	0	0	0	0	0	0	0	0	0	0	0	0	0	0	0	14
21	assemblage-397-507	0	0	0	0	14	0	0	0	0	0	0	0	0	0	0	0	99	0	0	7	0	0	6	0	0	0	0	0	43	0	0	256	0	0	0	7	0	0	42	0	0	0	0	0	0	0	0	0	0	0	0	0	3	0	0	0	0	0	0	0	0	0	0	0	0	0	0	0	0	0	23
21	assemblage-610-1007	0	0	0	0	0	0	218	0	0	0	0	0	0	0	0	0	0	0	0	0	0	0	0	0	0	0	0	143	0	0	0	0	0	0	54	0	0	0	0	57	0	0	0	0	0	0	0	0	0	0	0	0	0	0	0	0	0	0	0	6	0	0	0	0	0	0	9	0	0	0	13

22	assemblage-671-734	0	0	0	0	49	8	0	0	0	0	0	0	0	0	0	65	216	0	0	11	0	0	0	11	0	0	15	0	0	0	0	48	0	0	0	0	0	0	0	0	0	0	0	0	0	0	63	0	0	0	0	0	0	0	0	0	0	0	0	0	0	0	0	0	0	0	0	0	0	0	14
22	assemblage-386-638	0	0	0	0	6	0	0	0	0	0	0	0	23	0	0	0	200	0	0	0	0	29	0	0	0	0	0	0	129	12	29	0	0	0	0	0	0	0	31	0	0	0	0	0	0	0	0	0	0	0	0	0	0	0	0	0	0	0	0	0	11	0	0	0	0	0	0	0	0	0	30
22	assemblage-610-1007	0	0	0	0	0	0	218	0	0	0	0	0	0	0	0	0	0	0	0	0	0	0	0	0	0	0	0	143	0	0	0	0	0	0	54	0	0	0	0	57	0	0	0	0	0	0	0	0	0	0	0	0	0	0	0	0	0	0	0	6	0	0	0	0	0	0	9	0	0	0	13

23	assemblage-671-734	0	0	0	0	49	8	0	0	0	0	0	0	0	0	0	65	216	0	0	11	0	0	0	11	0	0	15	0	0	0	0	48	0	0	0	0	0	0	0	0	0	0	0	0	0	0	63	0	0	0	0	0	0	0	0	0	0	0	0	0	0	0	0	0	0	0	0	0	0	0	14
23	assemblage-668-723	0	0	0	0	17	0	0	0	0	0	0	0	139	0	0	0	68	0	0	0	0	0	0	0	0	0	34	0	0	0	0	26	0	0	0	16	31	0	5	0	0	0	0	0	0	0	0	0	0	0	0	0	0	122	0	0	0	0	0	0	28	0	0	0	0	0	0	0	0	0	14
23	assemblage-610-1007	0	0	0	0	0	0	218	0	0	0	0	0	0	0	0	0	0	0	0	0	0	0	0	0	0	0	0	143	0	0	0	0	0	0	54	0	0	0	0	57	0	0	0	0	0	0	0	0	0	0	0	0	0	0	0	0	0	0	0	6	0	0	0	0	0	0	9	0	0	0	13

24	assemblage-671-734	0	0	0	0	49	8	0	0	0	0	0	0	0	0	0	65	216	0	0	11	0	0	0	11	0	0	15	0	0	0	0	48	0	0	0	0	0	0	0	0	0	0	0	0	0	0	63	0	0	0	0	0	0	0	0	0	0	0	0	0	0	0	0	0	0	0	0	0	0	0	14
24	assemblage-357-802	7	0	0	0	0	0	0	0	0	0	0	0	0	0	0	0	23	0	0	0	0	0	28	0	0	0	0	0	0	0	0	9	0	0	0	239	0	0	54	0	0	0	0	0	0	0	0	0	0	0	36	0	18	64	0	0	0	0	0	0	0	0	0	0	0	0	0	0	0	0	22
24	assemblage-610-1007	0	0	0	0	0	0	218	0	0	0	0	0	0	0	0	0	0	0	0	0	0	0	0	0	0	0	0	143	0	0	0	0	0	0	54	0	0	0	0	57	0	0	0	0	0	0	0	0	0	0	0	0	0	0	0	0	0	0	0	6	0	0	0	0	0	0	9	0	0	0	13

25	assemblage-671-734	0	0	0	0	49	8	0	0	0	0	0	0	0	0	0	65	216	0	0	11	0	0	0	11	0	0	15	0	0	0	0	48	0	0	0	0	0	0	0	0	0	0	0	0	0	0	63	0	0	0	0	0	0	0	0	0	0	0	0	0	0	0	0	0	0	0	0	0	0	0	14
25	assemblage-835-586	0	0	0	0	94	0	0	0	0	0	0	0	0	0	0	0	110	0	0	0	0	0	0	0	0	0	0	0	164	0	0	13	0	0	0	0	0	0	8	0	0	0	0	0	0	0	0	0	48	0	0	0	0	10	0	0	0	0	0	0	0	34	0	0	0	0	0	0	0	0	19
25	assemblage-610-1007	0	0	0	0	0	0	218	0	0	0	0	0	0	0	0	0	0	0	0	0	0	0	0	0	0	0	0	143	0	0	0	0	0	0	54	0	0	0	0	57	0	0	0	0	0	0	0	0	0	0	0	0	0	0	0	0	0	0	0	6	0	0	0	0	0	0	9	0	0	0	13

26	assemblage-671-734	0	0	0	0	49	8	0	0	0	0	0	0	0	0	0	65	216	0	0	11	0	0	0	11	0	0	15	0	0	0	0	48	0	0	0	0	0	0	0	0	0	0	0	0	0	0	63	0	0	0	0	0	0	0	0	0	0	0	0	0	0	0	0	0	0	0	0	0	0	0	14
26	assemblage-252-585	0	0	0	0	65	0	0	0	0	0	0	0	0	0	0	0	0	0	0	0	0	0	0	0	0	0	0	0	0	0	0	0	0	22	0	222	0	0	169	0	8	0	0	0	0	0	0	0	0	0	0	0	0	0	0	0	0	0	0	0	0	0	0	0	5	0	0	0	0	0	9
26	assemblage-239-581	0	0	0	0	70	0	0	0	0	0	0	0	0	0	0	0	0	0	0	0	0	0	0	0	0	0	0	0	0	0	0	0	0	23	0	236	0	0	147	0	12	0	0	0	0	0	0	0	0	0	0	0	0	0	0	0	0	0	0	0	0	0	0	0	5	0	0	0	0	0	7

27	assemblage-564-211	0	11	0	0	0	0	0	0	0	0	0	0	84	0	0	12	14	0	0	0	0	77	0	0	0	0	45	0	0	0	0	0	0	0	0	0	0	0	230	0	0	0	0	0	0	0	0	0	0	0	0	0	0	0	0	0	0	0	0	0	0	0	0	0	0	0	0	0	0	0	27
27	assemblage-397-507	0	0	0	0	14	0	0	0	0	0	0	0	0	0	0	0	99	0	0	7	0	0	6	0	0	0	0	0	43	0	0	256	0	0	0	7	0	0	42	0	0	0	0	0	0	0	0	0	0	0	0	0	3	0	0	0	0	0	0	0	0	0	0	0	0	0	0	0	0	0	23
27	assemblage-610-1007	0	0	0	0	0	0	218	0	0	0	0	0	0	0	0	0	0	0	0	0	0	0	0	0	0	0	0	143	0	0	0	0	0	0	54	0	0	0	0	57	0	0	0	0	0	0	0	0	0	0	0	0	0	0	0	0	0	0	0	6	0	0	0	0	0	0	9	0	0	0	13

28	assemblage-564-211	0	11	0	0	0	0	0	0	0	0	0	0	84	0	0	12	14	0	0	0	0	77	0	0	0	0	45	0	0	0	0	0	0	0	0	0	0	0	230	0	0	0	0	0	0	0	0	0	0	0	0	0	0	0	0	0	0	0	0	0	0	0	0	0	0	0	0	0	0	0	27
28	assemblage-386-638	0	0	0	0	6	0	0	0	0	0	0	0	23	0	0	0	200	0	0	0	0	29	0	0	0	0	0	0	129	12	29	0	0	0	0	0	0	0	31	0	0	0	0	0	0	0	0	0	0	0	0	0	0	0	0	0	0	0	0	0	11	0	0	0	0	0	0	0	0	0	30
28	assemblage-610-1007	0	0	0	0	0	0	218	0	0	0	0	0	0	0	0	0	0	0	0	0	0	0	0	0	0	0	0	143	0	0	0	0	0	0	54	0	0	0	0	57	0	0	0	0	0	0	0	0	0	0	0	0	0	0	0	0	0	0	0	6	0	0	0	0	0	0	9	0	0	0	13

29	assemblage-564-211	0	11	0	0	0	0	0	0	0	0	0	0	84	0	0	12	14	0	0	0	0	77	0	0	0	0	45	0	0	0	0	0	0	0	0	0	0	0	230	0	0	0	0	0	0	0	0	0	0	0	0	0	0	0	0	0	0	0	0	0	0	0	0	0	0	0	0	0	0	0	27
29	assemblage-668-723	0	0	0	0	17	0	0	0	0	0	0	0	139	0	0	0	68	0	0	0	0	0	0	0	0	0	34	0	0	0	0	26	0	0	0	16	31	0	5	0	0	0	0	0	0	0	0	0	0	0	0	0	0	122	0	0	0	0	0	0	28	0	0	0	0	0	0	0	0	0	14
29	assemblage-610-1007	0	0	0	0	0	0	218	0	0	0	0	0	0	0	0	0	0	0	0	0	0	0	0	0	0	0	0	143	0	0	0	0	0	0	54	0	0	0	0	57	0	0	0	0	0	0	0	0	0	0	0	0	0	0	0	0	0	0	0	6	0	0	0	0	0	0	9	0	0	0	13

30	assemblage-564-211	0	11	0	0	0	0	0	0	0	0	0	0	84	0	0	12	14	0	0	0	0	77	0	0	0	0	45	0	0	0	0	0	0	0	0	0	0	0	230	0	0	0	0	0	0	0	0	0	0	0	0	0	0	0	0	0	0	0	0	0	0	0	0	0	0	0	0	0	0	0	27
30	assemblage-357-802	7	0	0	0	0	0	0	0	0	0	0	0	0	0	0	0	23	0	0	0	0	0	28	0	0	0	0	0	0	0	0	9	0	0	0	239	0	0	54	0	0	0	0	0	0	0	0	0	0	0	36	0	18	64	0	0	0	0	0	0	0	0	0	0	0	0	0	0	0	0	22
30	assemblage-610-1007	0	0	0	0	0	0	218	0	0	0	0	0	0	0	0	0	0	0	0	0	0	0	0	0	0	0	0	143	0	0	0	0	0	0	54	0	0	0	0	57	0	0	0	0	0	0	0	0	0	0	0	0	0	0	0	0	0	0	0	6	0	0	0	0	0	0	9	0	0	0	13

31	assemblage-564-211	0	11	0	0	0	0	0	0	0	0	0	0	84	0	0	12	14	0	0	0	0	77	0	0	0	0	45	0	0	0	0	0	0	0	0	0	0	0	230	0	0	0	0	0	0	0	0	0	0	0	0	0	0	0	0	0	0	0	0	0	0	0	0	0	0	0	0	0	0	0	27
31	assemblage-835-586	0	0	0	0	94	0	0	0	0	0	0	0	0	0	0	0	110	0	0	0	0	0	0	0	0	0	0	0	164	0	0	13	0	0	0	0	0	0	8	0	0	0	0	0	0	0	0	0	48	0	0	0	0	10	0	0	0	0	0	0	0	34	0	0	0	0	0	0	0	0	19
31	assemblage-610-1007	0	0	0	0	0	0	218	0	0	0	0	0	0	0	0	0	0	0	0	0	0	0	0	0	0	0	0	143	0	0	0	0	0	0	54	0	0	0	0	57	0	0	0	0	0	0	0	0	0	0	0	0	0	0	0	0	0	0	0	6	0	0	0	0	0	0	9	0	0	0	13

32	assemblage-564-211	0	11	0	0	0	0	0	0	0	0	0	0	84	0	0	12	14	0	0	0	0	77	0	0	0	0	45	0	0	0	0	0	0	0	0	0	0	0	230	0	0	0	0	0	0	0	0	0	0	0	0	0	0	0	0	0	0	0	0	0	0	0	0	0	0	0	0	0	0	0	27
32	assemblage-252-585	0	0	0	0	65	0	0	0	0	0	0	0	0	0	0	0	0	0	0	0	0	0	0	0	0	0	0	0	0	0	0	0	0	22	0	222	0	0	169	0	8	0	0	0	0	0	0	0	0	0	0	0	0	0	0	0	0	0	0	0	0	0	0	0	5	0	0	0	0	0	9
32	assemblage-239-581	0	0	0	0	70	0	0	0	0	0	0	0	0	0	0	0	0	0	0	0	0	0	0	0	0	0	0	0	0	0	0	0	0	23	0	236	0	0	147	0	12	0	0	0	0	0	0	0	0	0	0	0	0	0	0	0	0	0	0	0	0	0	0	0	5	0	0	0	0	0	7

33	assemblage-564-211	0	11	0	0	0	0	0	0	0	0	0	0	84	0	0	12	14	0	0	0	0	77	0	0	0	0	45	0	0	0	0	0	0	0	0	0	0	0	230	0	0	0	0	0	0	0	0	0	0	0	0	0	0	0	0	0	0	0	0	0	0	0	0	0	0	0	0	0	0	0	27
33	assemblage-671-734	0	0	0	0	49	8	0	0	0	0	0	0	0	0	0	65	216	0	0	11	0	0	0	11	0	0	15	0	0	0	0	48	0	0	0	0	0	0	0	0	0	0	0	0	0	0	63	0	0	0	0	0	0	0	0	0	0	0	0	0	0	0	0	0	0	0	0	0	0	0	14
33	assemblage-610-1007	0	0	0	0	0	0	218	0	0	0	0	0	0	0	0	0	0	0	0	0	0	0	0	0	0	0	0	143	0	0	0	0	0	0	54	0	0	0	0	57	0	0	0	0	0	0	0	0	0	0	0	0	0	0	0	0	0	0	0	6	0	0	0	0	0	0	9	0	0	0	13

34	assemblage-393-512	0	0	0	0	179	0	0	0	0	0	0	26	0	0	0	0	83	0	0	20	0	0	0	0	0	0	0	0	0	0	0	57	0	0	0	9	0	0	96	0	0	0	0	0	0	0	0	0	0	0	5	0	0	0	0	0	0	0	0	0	0	0	0	0	0	0	0	0	0	0	25
34	assemblage-397-507	0	0	0	0	14	0	0	0	0	0	0	0	0	0	0	0	99	0	0	7	0	0	6	0	0	0	0	0	43	0	0	256	0	0	0	7	0	0	42	0	0	0	0	0	0	0	0	0	0	0	0	0	3	0	0	0	0	0	0	0	0	0	0	0	0	0	0	0	0	0	23
34	assemblage-610-1007	0	0	0	0	0	0	218	0	0	0	0	0	0	0	0	0	0	0	0	0	0	0	0	0	0	0	0	143	0	0	0	0	0	0	54	0	0	0	0	57	0	0	0	0	0	0	0	0	0	0	0	0	0	0	0	0	0	0	0	6	0	0	0	0	0	0	9	0	0	0	13

35	assemblage-393-512	0	0	0	0	179	0	0	0	0	0	0	26	0	0	0	0	83	0	0	20	0	0	0	0	0	0	0	0	0	0	0	57	0	0	0	9	0	0	96	0	0	0	0	0	0	0	0	0	0	0	5	0	0	0	0	0	0	0	0	0	0	0	0	0	0	0	0	0	0	0	25
35	assemblage-386-638	0	0	0	0	6	0	0	0	0	0	0	0	23	0	0	0	200	0	0	0	0	29	0	0	0	0	0	0	129	12	29	0	0	0	0	0	0	0	31	0	0	0	0	0	0	0	0	0	0	0	0	0	0	0	0	0	0	0	0	0	11	0	0	0	0	0	0	0	0	0	30
35	assemblage-610-1007	0	0	0	0	0	0	218	0	0	0	0	0	0	0	0	0	0	0	0	0	0	0	0	0	0	0	0	143	0	0	0	0	0	0	54	0	0	0	0	57	0	0	0	0	0	0	0	0	0	0	0	0	0	0	0	0	0	0	0	6	0	0	0	0	0	0	9	0	0	0	13

36	assemblage-393-512	0	0	0	0	179	0	0	0	0	0	0	26	0	0	0	0	83	0	0	20	0	0	0	0	0	0	0	0	0	0	0	57	0	0	0	9	0	0	96	0	0	0	0	0	0	0	0	0	0	0	5	0	0	0	0	0	0	0	0	0	0	0	0	0	0	0	0	0	0	0	25
36	assemblage-668-723	0	0	0	0	17	0	0	0	0	0	0	0	139	0	0	0	68	0	0	0	0	0	0	0	0	0	34	0	0	0	0	26	0	0	0	16	31	0	5	0	0	0	0	0	0	0	0	0	0	0	0	0	0	122	0	0	0	0	0	0	28	0	0	0	0	0	0	0	0	0	14
36	assemblage-610-1007	0	0	0	0	0	0	218	0	0	0	0	0	0	0	0	0	0	0	0	0	0	0	0	0	0	0	0	143	0	0	0	0	0	0	54	0	0	0	0	57	0	0	0	0	0	0	0	0	0	0	0	0	0	0	0	0	0	0	0	6	0	0	0	0	0	0	9	0	0	0	13

37	assemblage-393-512	0	0	0	0	179	0	0	0	0	0	0	26	0	0	0	0	83	0	0	20	0	0	0	0	0	0	0	0	0	0	0	57	0	0	0	9	0	0	96	0	0	0	0	0	0	0	0	0	0	0	5	0	0	0	0	0	0	0	0	0	0	0	0	0	0	0	0	0	0	0	25
37	assemblage-357-802	7	0	0	0	0	0	0	0	0	0	0	0	0	0	0	0	23	0	0	0	0	0	28	0	0	0	0	0	0	0	0	9	0	0	0	239	0	0	54	0	0	0	0	0	0	0	0	0	0	0	36	0	18	64	0	0	0	0	0	0	0	0	0	0	0	0	0	0	0	0	22
37	assemblage-610-1007	0	0	0	0	0	0	218	0	0	0	0	0	0	0	0	0	0	0	0	0	0	0	0	0	0	0	0	143	0	0	0	0	0	0	54	0	0	0	0	57	0	0	0	0	0	0	0	0	0	0	0	0	0	0	0	0	0	0	0	6	0	0	0	0	0	0	9	0	0	0	13

38	assemblage-393-512	0	0	0	0	179	0	0	0	0	0	0	26	0	0	0	0	83	0	0	20	0	0	0	0	0	0	0	0	0	0	0	57	0	0	0	9	0	0	96	0	0	0	0	0	0	0	0	0	0	0	5	0	0	0	0	0	0	0	0	0	0	0	0	0	0	0	0	0	0	0	25
38	assemblage-835-586	0	0	0	0	94	0	0	0	0	0	0	0	0	0	0	0	110	0	0	0	0	0	0	0	0	0	0	0	164	0	0	13	0	0	0	0	0	0	8	0	0	0	0	0	0	0	0	0	48	0	0	0	0	10	0	0	0	0	0	0	0	34	0	0	0	0	0	0	0	0	19
38	assemblage-610-1007	0	0	0	0	0	0	218	0	0	0	0	0	0	0	0	0	0	0	0	0	0	0	0	0	0	0	0	143	0	0	0	0	0	0	54	0	0	0	0	57	0	0	0	0	0	0	0	0	0	0	0	0	0	0	0	0	0	0	0	6	0	0	0	0	0	0	9	0	0	0	13

39	assemblage-393-512	0	0	0	0	179	0	0	0	0	0	0	26	0	0	0	0	83	0	0	20	0	0	0	0	0	0	0	0	0	0	0	57	0	0	0	9	0	0	96	0	0	0	0	0	0	0	0	0	0	0	5	0	0	0	0	0	0	0	0	0	0	0	0	0	0	0	0	0	0	0	25
39	assemblage-671-734	0	0	0	0	49	8	0	0	0	0	0	0	0	0	0	65	216	0	0	11	0	0	0	11	0	0	15	0	0	0	0	48	0	0	0	0	0	0	0	0	0	0	0	0	0	0	63	0	0	0	0	0	0	0	0	0	0	0	0	0	0	0	0	0	0	0	0	0	0	0	14
39	assemblage-610-1007	0	0	0	0	0	0	218	0	0	0	0	0	0	0	0	0	0	0	0	0	0	0	0	0	0	0	0	143	0	0	0	0	0	0	54	0	0	0	0	57	0	0	0	0	0	0	0	0	0	0	0	0	0	0	0	0	0	0	0	6	0	0	0	0	0	0	9	0	0	0	13

40	assemblage-393-512	0	0	0	0	179	0	0	0	0	0	0	26	0	0	0	0	83	0	0	20	0	0	0	0	0	0	0	0	0	0	0	57	0	0	0	9	0	0	96	0	0	0	0	0	0	0	0	0	0	0	5	0	0	0	0	0	0	0	0	0	0	0	0	0	0	0	0	0	0	0	25
40	assemblage-564-211	0	11	0	0	0	0	0	0	0	0	0	0	84	0	0	12	14	0	0	0	0	77	0	0	0	0	45	0	0	0	0	0	0	0	0	0	0	0	230	0	0	0	0	0	0	0	0	0	0	0	0	0	0	0	0	0	0	0	0	0	0	0	0	0	0	0	0	0	0	0	27
40	assemblage-610-1007	0	0	0	0	0	0	218	0	0	0	0	0	0	0	0	0	0	0	0	0	0	0	0	0	0	0	0	143	0	0	0	0	0	0	54	0	0	0	0	57	0	0	0	0	0	0	0	0	0	0	0	0	0	0	0	0	0	0	0	6	0	0	0	0	0	0	9	0	0	0	13

41	assemblage-538-369	0	0	0	0	0	0	0	0	0	0	0	0	0	0	0	0	54	0	0	0	0	0	0	0	0	2	0	0	0	0	0	163	0	0	0	136	0	0	0	0	0	0	0	0	0	0	0	0	0	0	0	0	0	75	0	0	0	34	0	0	0	0	0	0	0	0	0	0	0	8	28
41	assemblage-397-507	0	0	0	0	14	0	0	0	0	0	0	0	0	0	0	0	99	0	0	7	0	0	6	0	0	0	0	0	43	0	0	256	0	0	0	7	0	0	42	0	0	0	0	0	0	0	0	0	0	0	0	0	3	0	0	0	0	0	0	0	0	0	0	0	0	0	0	0	0	0	23
41	assemblage-610-1007	0	0	0	0	0	0	218	0	0	0	0	0	0	0	0	0	0	0	0	0	0	0	0	0	0	0	0	143	0	0	0	0	0	0	54	0	0	0	0	57	0	0	0	0	0	0	0	0	0	0	0	0	0	0	0	0	0	0	0	6	0	0	0	0	0	0	9	0	0	0	13

42	assemblage-538-369	0	0	0	0	0	0	0	0	0	0	0	0	0	0	0	0	54	0	0	0	0	0	0	0	0	2	0	0	0	0	0	163	0	0	0	136	0	0	0	0	0	0	0	0	0	0	0	0	0	0	0	0	0	75	0	0	0	34	0	0	0	0	0	0	0	0	0	0	0	8	28
42	assemblage-386-638	0	0	0	0	6	0	0	0	0	0	0	0	23	0	0	0	200	0	0	0	0	29	0	0	0	0	0	0	129	12	29	0	0	0	0	0	0	0	31	0	0	0	0	0	0	0	0	0	0	0	0	0	0	0	0	0	0	0	0	0	11	0	0	0	0	0	0	0	0	0	30
42	assemblage-610-1007	0	0	0	0	0	0	218	0	0	0	0	0	0	0	0	0	0	0	0	0	0	0	0	0	0	0	0	143	0	0	0	0	0	0	54	0	0	0	0	57	0	0	0	0	0	0	0	0	0	0	0	0	0	0	0	0	0	0	0	6	0	0	0	0	0	0	9	0	0	0	13

43	assemblage-538-369	0	0	0	0	0	0	0	0	0	0	0	0	0	0	0	0	54	0	0	0	0	0	0	0	0	2	0	0	0	0	0	163	0	0	0	136	0	0	0	0	0	0	0	0	0	0	0	0	0	0	0	0	0	75	0	0	0	34	0	0	0	0	0	0	0	0	0	0	0	8	28
43	assemblage-668-723	0	0	0	0	17	0	0	0	0	0	0	0	139	0	0	0	68	0	0	0	0	0	0	0	0	0	34	0	0	0	0	26	0	0	0	16	31	0	5	0	0	0	0	0	0	0	0	0	0	0	0	0	0	122	0	0	0	0	0	0	28	0	0	0	0	0	0	0	0	0	14
43	assemblage-610-1007	0	0	0	0	0	0	218	0	0	0	0	0	0	0	0	0	0	0	0	0	0	0	0	0	0	0	0	143	0	0	0	0	0	0	54	0	0	0	0	57	0	0	0	0	0	0	0	0	0	0	0	0	0	0	0	0	0	0	0	6	0	0	0	0	0	0	9	0	0	0	13

44	assemblage-538-369	0	0	0	0	0	0	0	0	0	0	0	0	0	0	0	0	54	0	0	0	0	0	0	0	0	2	0	0	0	0	0	163	0	0	0	136	0	0	0	0	0	0	0	0	0	0	0	0	0	0	0	0	0	75	0	0	0	34	0	0	0	0	0	0	0	0	0	0	0	8	28
44	assemblage-357-802	7	0	0	0	0	0	0	0	0	0	0	0	0	0	0	0	23	0	0	0	0	0	28	0	0	0	0	0	0	0	0	9	0	0	0	239	0	0	54	0	0	0	0	0	0	0	0	0	0	0	36	0	18	64	0	0	0	0	0	0	0	0	0	0	0	0	0	0	0	0	22
44	assemblage-610-1007	0	0	0	0	0	0	218	0	0	0	0	0	0	0	0	0	0	0	0	0	0	0	0	0	0	0	0	143	0	0	0	0	0	0	54	0	0	0	0	57	0	0	0	0	0	0	0	0	0	0	0	0	0	0	0	0	0	0	0	6	0	0	0	0	0	0	9	0	0	0	13

45	assemblage-538-369	0	0	0	0	0	0	0	0	0	0	0	0	0	0	0	0	54	0	0	0	0	0	0	0	0	2	0	0	0	0	0	163	0	0	0	136	0	0	0	0	0	0	0	0	0	0	0	0	0	0	0	0	0	75	0	0	0	34	0	0	0	0	0	0	0	0	0	0	0	8	28
45	assemblage-835-586	0	0	0	0	94	0	0	0	0	0	0	0	0	0	0	0	110	0	0	0	0	0	0	0	0	0	0	0	164	0	0	13	0	0	0	0	0	0	8	0	0	0	0	0	0	0	0	0	48	0	0	0	0	10	0	0	0	0	0	0	0	34	0	0	0	0	0	0	0	0	19
45	assemblage-610-1007	0	0	0	0	0	0	218	0	0	0	0	0	0	0	0	0	0	0	0	0	0	0	0	0	0	0	0	143	0	0	0	0	0	0	54	0	0	0	0	57	0	0	0	0	0	0	0	0	0	0	0	0	0	0	0	0	0	0	0	6	0	0	0	0	0	0	9	0	0	0	13

46	assemblage-538-369	0	0	0	0	0	0	0	0	0	0	0	0	0	0	0	0	54	0	0	0	0	0	0	0	0	2	0	0	0	0	0	163	0	0	0	136	0	0	0	0	0	0	0	0	0	0	0	0	0	0	0	0	0	75	0	0	0	34	0	0	0	0	0	0	0	0	0	0	0	8	28
46	assemblage-252-585	0	0	0	0	65	0	0	0	0	0	0	0	0	0	0	0	0	0	0	0	0	0	0	0	0	0	0	0	0	0	0	0	0	22	0	222	0	0	169	0	8	0	0	0	0	0	0	0	0	0	0	0	0	0	0	0	0	0	0	0	0	0	0	0	5	0	0	0	0	0	9
46	assemblage-239-581	0	0	0	0	70	0	0	0	0	0	0	0	0	0	0	0	0	0	0	0	0	0	0	0	0	0	0	0	0	0	0	0	0	23	0	236	0	0	147	0	12	0	0	0	0	0	0	0	0	0	0	0	0	0	0	0	0	0	0	0	0	0	0	0	5	0	0	0	0	0	7

47	assemblage-538-369	0	0	0	0	0	0	0	0	0	0	0	0	0	0	0	0	54	0	0	0	0	0	0	0	0	2	0	0	0	0	0	163	0	0	0	136	0	0	0	0	0	0	0	0	0	0	0	0	0	0	0	0	0	75	0	0	0	34	0	0	0	0	0	0	0	0	0	0	0	8	28
47	assemblage-671-734	0	0	0	0	49	8	0	0	0	0	0	0	0	0	0	65	216	0	0	11	0	0	0	11	0	0	15	0	0	0	0	48	0	0	0	0	0	0	0	0	0	0	0	0	0	0	63	0	0	0	0	0	0	0	0	0	0	0	0	0	0	0	0	0	0	0	0	0	0	0	14
47	assemblage-610-1007	0	0	0	0	0	0	218	0	0	0	0	0	0	0	0	0	0	0	0	0	0	0	0	0	0	0	0	143	0	0	0	0	0	0	54	0	0	0	0	57	0	0	0	0	0	0	0	0	0	0	0	0	0	0	0	0	0	0	0	6	0	0	0	0	0	0	9	0	0	0	13

48	assemblage-538-369	0	0	0	0	0	0	0	0	0	0	0	0	0	0	0	0	54	0	0	0	0	0	0	0	0	2	0	0	0	0	0	163	0	0	0	136	0	0	0	0	0	0	0	0	0	0	0	0	0	0	0	0	0	75	0	0	0	34	0	0	0	0	0	0	0	0	0	0	0	8	28
48	assemblage-564-211	0	11	0	0	0	0	0	0	0	0	0	0	84	0	0	12	14	0	0	0	0	77	0	0	0	0	45	0	0	0	0	0	0	0	0	0	0	0	230	0	0	0	0	0	0	0	0	0	0	0	0	0	0	0	0	0	0	0	0	0	0	0	0	0	0	0	0	0	0	0	27
48	assemblage-610-1007	0	0	0	0	0	0	218	0	0	0	0	0	0	0	0	0	0	0	0	0	0	0	0	0	0	0	0	143	0	0	0	0	0	0	54	0	0	0	0	57	0	0	0	0	0	0	0	0	0	0	0	0	0	0	0	0	0	0	0	6	0	0	0	0	0	0	9	0	0	0	13

49	assemblage-538-369	0	0	0	0	0	0	0	0	0	0	0	0	0	0	0	0	54	0	0	0	0	0	0	0	0	2	0	0	0	0	0	163	0	0	0	136	0	0	0	0	0	0	0	0	0	0	0	0	0	0	0	0	0	75	0	0	0	34	0	0	0	0	0	0	0	0	0	0	0	8	28
49	assemblage-393-512	0	0	0	0	179	0	0	0	0	0	0	26	0	0	0	0	83	0	0	20	0	0	0	0	0	0	0	0	0	0	0	57	0	0	0	9	0	0	96	0	0	0	0	0	0	0	0	0	0	0	5	0	0	0	0	0	0	0	0	0	0	0	0	0	0	0	0	0	0	0	25
49	assemblage-610-1007	0	0	0	0	0	0	218	0	0	0	0	0	0	0	0	0	0	0	0	0	0	0	0	0	0	0	0	143	0	0	0	0	0	0	54	0	0	0	0	57	0	0	0	0	0	0	0	0	0	0	0	0	0	0	0	0	0	0	0	6	0	0	0	0	0	0	9	0	0	0	13

50	assemblage-538-369	0	0	0	0	0	0	0	0	0	0	0	0	0	0	0	0	54	0	0	0	0	0	0	0	0	2	0	0	0	0	0	163	0	0	0	136	0	0	0	0	0	0	0	0	0	0	0	0	0	0	0	0	0	75	0	0	0	34	0	0	0	0	0	0	0	0	0	0	0	8	28
50	assemblage-393-512	0	0	0	0	179	0	0	0	0	0	0	26	0	0	0	0	83	0	0	20	0	0	0	0	0	0	0	0	0	0	0	57	0	0	0	9	0	0	96	0	0	0	0	0	0	0	0	0	0	0	5	0	0	0	0	0	0	0	0	0	0	0	0	0	0	0	0	0	0	0	25
50	assemblage-671-734	0	0	0	0	49	8	0	0	0	0	0	0	0	0	0	65	216	0	0	11	0	0	0	11	0	0	15	0	0	0	0	48	0	0	0	0	0	0	0	0	0	0	0	0	0	0	63	0	0	0	0	0	0	0	0	0	0	0	0	0	0	0	0	0	0	0	0	0	0	0	14

51	assemblage-105-525	0	0	0	0	14	0	0	0	0	0	0	0	0	0	0	0	120	0	0	6	0	0	0	0	0	0	0	0	43	0	0	239	0	0	0	9	0	0	36	0	0	0	0	0	0	0	0	0	0	0	0	0	5	0	0	0	0	0	0	0	0	0	0	0	0	0	0	0	0	0	28
51	assemblage-397-507	0	0	0	0	14	0	0	0	0	0	0	0	0	0	0	0	99	0	0	7	0	0	6	0	0	0	0	0	43	0	0	256	0	0	0	7	0	0	42	0	0	0	0	0	0	0	0	0	0	0	0	0	3	0	0	0	0	0	0	0	0	0	0	0	0	0	0	0	0	0	23
51	assemblage-610-1007	0	0	0	0	0	0	218	0	0	0	0	0	0	0	0	0	0	0	0	0	0	0	0	0	0	0	0	143	0	0	0	0	0	0	54	0	0	0	0	57	0	0	0	0	0	0	0	0	0	0	0	0	0	0	0	0	0	0	0	6	0	0	0	0	0	0	9	0	0	0	13

52	assemblage-105-525	0	0	0	0	14	0	0	0	0	0	0	0	0	0	0	0	120	0	0	6	0	0	0	0	0	0	0	0	43	0	0	239	0	0	0	9	0	0	36	0	0	0	0	0	0	0	0	0	0	0	0	0	5	0	0	0	0	0	0	0	0	0	0	0	0	0	0	0	0	0	28
52	assemblage-386-638	0	0	0	0	6	0	0	0	0	0	0	0	23	0	0	0	200	0	0	0	0	29	0	0	0	0	0	0	129	12	29	0	0	0	0	0	0	0	31	0	0	0	0	0	0	0	0	0	0	0	0	0	0	0	0	0	0	0	0	0	11	0	0	0	0	0	0	0	0	0	30
52	assemblage-610-1007	0	0	0	0	0	0	218	0	0	0	0	0	0	0	0	0	0	0	0	0	0	0	0	0	0	0	0	143	0	0	0	0	0	0	54	0	0	0	0	57	0	0	0	0	0	0	0	0	0	0	0	0	0	0	0	0	0	0	0	6	0	0	0	0	0	0	9	0	0	0	13

53	assemblage-105-525	0	0	0	0	14	0	0	0	0	0	0	0	0	0	0	0	120	0	0	6	0	0	0	0	0	0	0	0	43	0	0	239	0	0	0	9	0	0	36	0	0	0	0	0	0	0	0	0	0	0	0	0	5	0	0	0	0	0	0	0	0	0	0	0	0	0	0	0	0	0	28
53	assemblage-668-723	0	0	0	0	17	0	0	0	0	0	0	0	139	0	0	0	68	0	0	0	0	0	0	0	0	0	34	0	0	0	0	26	0	0	0	16	31	0	5	0	0	0	0	0	0	0	0	0	0	0	0	0	0	122	0	0	0	0	0	0	28	0	0	0	0	0	0	0	0	0	14
53	assemblage-610-1007	0	0	0	0	0	0	218	0	0	0	0	0	0	0	0	0	0	0	0	0	0	0	0	0	0	0	0	143	0	0	0	0	0	0	54	0	0	0	0	57	0	0	0	0	0	0	0	0	0	0	0	0	0	0	0	0	0	0	0	6	0	0	0	0	0	0	9	0	0	0	13

54	assemblage-105-525	0	0	0	0	14	0	0	0	0	0	0	0	0	0	0	0	120	0	0	6	0	0	0	0	0	0	0	0	43	0	0	239	0	0	0	9	0	0	36	0	0	0	0	0	0	0	0	0	0	0	0	0	5	0	0	0	0	0	0	0	0	0	0	0	0	0	0	0	0	0	28
54	assemblage-357-802	7	0	0	0	0	0	0	0	0	0	0	0	0	0	0	0	23	0	0	0	0	0	28	0	0	0	0	0	0	0	0	9	0	0	0	239	0	0	54	0	0	0	0	0	0	0	0	0	0	0	36	0	18	64	0	0	0	0	0	0	0	0	0	0	0	0	0	0	0	0	22
54	assemblage-610-1007	0	0	0	0	0	0	218	0	0	0	0	0	0	0	0	0	0	0	0	0	0	0	0	0	0	0	0	143	0	0	0	0	0	0	54	0	0	0	0	57	0	0	0	0	0	0	0	0	0	0	0	0	0	0	0	0	0	0	0	6	0	0	0	0	0	0	9	0	0	0	13

55	assemblage-105-525	0	0	0	0	14	0	0	0	0	0	0	0	0	0	0	0	120	0	0	6	0	0	0	0	0	0	0	0	43	0	0	239	0	0	0	9	0	0	36	0	0	0	0	0	0	0	0	0	0	0	0	0	5	0	0	0	0	0	0	0	0	0	0	0	0	0	0	0	0	0	28
55	assemblage-835-586	0	0	0	0	94	0	0	0	0	0	0	0	0	0	0	0	110	0	0	0	0	0	0	0	0	0	0	0	164	0	0	13	0	0	0	0	0	0	8	0	0	0	0	0	0	0	0	0	48	0	0	0	0	10	0	0	0	0	0	0	0	34	0	0	0	0	0	0	0	0	19
55	assemblage-610-1007	0	0	0	0	0	0	218	0	0	0	0	0	0	0	0	0	0	0	0	0	0	0	0	0	0	0	0	143	0	0	0	0	0	0	54	0	0	0	0	57	0	0	0	0	0	0	0	0	0	0	0	0	0	0	0	0	0	0	0	6	0	0	0	0	0	0	9	0	0	0	13

56	assemblage-105-525	0	0	0	0	14	0	0	0	0	0	0	0	0	0	0	0	120	0	0	6	0	0	0	0	0	0	0	0	43	0	0	239	0	0	0	9	0	0	36	0	0	0	0	0	0	0	0	0	0	0	0	0	5	0	0	0	0	0	0	0	0	0	0	0	0	0	0	0	0	0	28
56	assemblage-252-585	0	0	0	0	65	0	0	0	0	0	0	0	0	0	0	0	0	0	0	0	0	0	0	0	0	0	0	0	0	0	0	0	0	22	0	222	0	0	169	0	8	0	0	0	0	0	0	0	0	0	0	0	0	0	0	0	0	0	0	0	0	0	0	0	5	0	0	0	0	0	9
56	assemblage-239-581	0	0	0	0	70	0	0	0	0	0	0	0	0	0	0	0	0	0	0	0	0	0	0	0	0	0	0	0	0	0	0	0	0	23	0	236	0	0	147	0	12	0	0	0	0	0	0	0	0	0	0	0	0	0	0	0	0	0	0	0	0	0	0	0	5	0	0	0	0	0	7

57	assemblage-105-525	0	0	0	0	14	0	0	0	0	0	0	0	0	0	0	0	120	0	0	6	0	0	0	0	0	0	0	0	43	0	0	239	0	0	0	9	0	0	36	0	0	0	0	0	0	0	0	0	0	0	0	0	5	0	0	0	0	0	0	0	0	0	0	0	0	0	0	0	0	0	28
57	assemblage-671-734	0	0	0	0	49	8	0	0	0	0	0	0	0	0	0	65	216	0	0	11	0	0	0	11	0	0	15	0	0	0	0	48	0	0	0	0	0	0	0	0	0	0	0	0	0	0	63	0	0	0	0	0	0	0	0	0	0	0	0	0	0	0	0	0	0	0	0	0	0	0	14
57	assemblage-610-1007	0	0	0	0	0	0	218	0	0	0	0	0	0	0	0	0	0	0	0	0	0	0	0	0	0	0	0	143	0	0	0	0	0	0	54	0	0	0	0	57	0	0	0	0	0	0	0	0	0	0	0	0	0	0	0	0	0	0	0	6	0	0	0	0	0	0	9	0	0	0	13

58	assemblage-105-525	0	0	0	0	14	0	0	0	0	0	0	0	0	0	0	0	120	0	0	6	0	0	0	0	0	0	0	0	43	0	0	239	0	0	0	9	0	0	36	0	0	0	0	0	0	0	0	0	0	0	0	0	5	0	0	0	0	0	0	0	0	0	0	0	0	0	0	0	0	0	28
58	assemblage-564-211	0	11	0	0	0	0	0	0	0	0	0	0	84	0	0	12	14	0	0	0	0	77	0	0	0	0	45	0	0	0	0	0	0	0	0	0	0	0	230	0	0	0	0	0	0	0	0	0	0	0	0	0	0	0	0	0	0	0	0	0	0	0	0	0	0	0	0	0	0	0	27
58	assemblage-610-1007	0	0	0	0	0	0	218	0	0	0	0	0	0	0	0	0	0	0	0	0	0	0	0	0	0	0	0	143	0	0	0	0	0	0	54	0	0	0	0	57	0	0	0	0	0	0	0	0	0	0	0	0	0	0	0	0	0	0	0	6	0	0	0	0	0	0	9	0	0	0	13

59	assemblage-105-525	0	0	0	0	14	0	0	0	0	0	0	0	0	0	0	0	120	0	0	6	0	0	0	0	0	0	0	0	43	0	0	239	0	0	0	9	0	0	36	0	0	0	0	0	0	0	0	0	0	0	0	0	5	0	0	0	0	0	0	0	0	0	0	0	0	0	0	0	0	0	28
59	assemblage-393-512	0	0	0	0	179	0	0	0	0	0	0	26	0	0	0	0	83	0	0	20	0	0	0	0	0	0	0	0	0	0	0	57	0	0	0	9	0	0	96	0	0	0	0	0	0	0	0	0	0	0	5	0	0	0	0	0	0	0	0	0	0	0	0	0	0	0	0	0	0	0	25
59	assemblage-610-1007	0	0	0	0	0	0	218	0	0	0	0	0	0	0	0	0	0	0	0	0	0	0	0	0	0	0	0	143	0	0	0	0	0	0	54	0	0	0	0	57	0	0	0	0	0	0	0	0	0	0	0	0	0	0	0	0	0	0	0	6	0	0	0	0	0	0	9	0	0	0	13

60	assemblage-105-525	0	0	0	0	14	0	0	0	0	0	0	0	0	0	0	0	120	0	0	6	0	0	0	0	0	0	0	0	43	0	0	239	0	0	0	9	0	0	36	0	0	0	0	0	0	0	0	0	0	0	0	0	5	0	0	0	0	0	0	0	0	0	0	0	0	0	0	0	0	0	28
60	assemblage-393-512	0	0	0	0	179	0	0	0	0	0	0	26	0	0	0	0	83	0	0	20	0	0	0	0	0	0	0	0	0	0	0	57	0	0	0	9	0	0	96	0	0	0	0	0	0	0	0	0	0	0	5	0	0	0	0	0	0	0	0	0	0	0	0	0	0	0	0	0	0	0	25
60	assemblage-668-723	0	0	0	0	17	0	0	0	0	0	0	0	139	0	0	0	68	0	0	0	0	0	0	0	0	0	34	0	0	0	0	26	0	0	0	16	31	0	5	0	0	0	0	0	0	0	0	0	0	0	0	0	0	122	0	0	0	0	0	0	28	0	0	0	0	0	0	0	0	0	14

61	assemblage-105-525	0	0	0	0	14	0	0	0	0	0	0	0	0	0	0	0	120	0	0	6	0	0	0	0	0	0	0	0	43	0	0	239	0	0	0	9	0	0	36	0	0	0	0	0	0	0	0	0	0	0	0	0	5	0	0	0	0	0	0	0	0	0	0	0	0	0	0	0	0	0	28
61	assemblage-393-512	0	0	0	0	179	0	0	0	0	0	0	26	0	0	0	0	83	0	0	20	0	0	0	0	0	0	0	0	0	0	0	57	0	0	0	9	0	0	96	0	0	0	0	0	0	0	0	0	0	0	5	0	0	0	0	0	0	0	0	0	0	0	0	0	0	0	0	0	0	0	25
61	assemblage-239-581	0	0	0	0	70	0	0	0	0	0	0	0	0	0	0	0	0	0	0	0	0	0	0	0	0	0	0	0	0	0	0	0	0	23	0	236	0	0	147	0	12	0	0	0	0	0	0	0	0	0	0	0	0	0	0	0	0	0	0	0	0	0	0	0	5	0	0	0	0	0	7

62	assemblage-105-525	0	0	0	0	14	0	0	0	0	0	0	0	0	0	0	0	120	0	0	6	0	0	0	0	0	0	0	0	43	0	0	239	0	0	0	9	0	0	36	0	0	0	0	0	0	0	0	0	0	0	0	0	5	0	0	0	0	0	0	0	0	0	0	0	0	0	0	0	0	0	28
62	assemblage-393-512	0	0	0	0	179	0	0	0	0	0	0	26	0	0	0	0	83	0	0	20	0	0	0	0	0	0	0	0	0	0	0	57	0	0	0	9	0	0	96	0	0	0	0	0	0	0	0	0	0	0	5	0	0	0	0	0	0	0	0	0	0	0	0	0	0	0	0	0	0	0	25
62	assemblage-252-585	0	0	0	0	65	0	0	0	0	0	0	0	0	0	0	0	0	0	0	0	0	0	0	0	0	0	0	0	0	0	0	0	0	22	0	222	0	0	169	0	8	0	0	0	0	0	0	0	0	0	0	0	0	0	0	0	0	0	0	0	0	0	0	0	5	0	0	0	0	0	9

63	assemblage-105-525	0	0	0	0	14	0	0	0	0	0	0	0	0	0	0	0	120	0	0	6	0	0	0	0	0	0	0	0	43	0	0	239	0	0	0	9	0	0	36	0	0	0	0	0	0	0	0	0	0	0	0	0	5	0	0	0	0	0	0	0	0	0	0	0	0	0	0	0	0	0	28
63	assemblage-538-369	0	0	0	0	0	0	0	0	0	0	0	0	0	0	0	0	54	0	0	0	0	0	0	0	0	2	0	0	0	0	0	163	0	0	0	136	0	0	0	0	0	0	0	0	0	0	0	0	0	0	0	0	0	75	0	0	0	34	0	0	0	0	0	0	0	0	0	0	0	8	28
63	assemblage-610-1007	0	0	0	0	0	0	218	0	0	0	0	0	0	0	0	0	0	0	0	0	0	0	0	0	0	0	0	143	0	0	0	0	0	0	54	0	0	0	0	57	0	0	0	0	0	0	0	0	0	0	0	0	0	0	0	0	0	0	0	6	0	0	0	0	0	0	9	0	0	0	13

64	assemblage-820-776	0	0	0	0	0	0	0	0	0	20	0	0	0	0	0	0	0	0	0	0	0	0	0	0	0	0	0	0	0	0	0	363	0	0	0	0	0	0	0	0	0	0	0	0	0	0	0	8	0	0	0	0	0	0	0	0	0	0	0	0	0	0	63	13	0	12	0	0	0	0	21
64	assemblage-397-507	0	0	0	0	14	0	0	0	0	0	0	0	0	0	0	0	99	0	0	7	0	0	6	0	0	0	0	0	43	0	0	256	0	0	0	7	0	0	42	0	0	0	0	0	0	0	0	0	0	0	0	0	3	0	0	0	0	0	0	0	0	0	0	0	0	0	0	0	0	0	23
64	assemblage-610-1007	0	0	0	0	0	0	218	0	0	0	0	0	0	0	0	0	0	0	0	0	0	0	0	0	0	0	0	143	0	0	0	0	0	0	54	0	0	0	0	57	0	0	0	0	0	0	0	0	0	0	0	0	0	0	0	0	0	0	0	6	0	0	0	0	0	0	9	0	0	0	13

65	assemblage-820-776	0	0	0	0	0	0	0	0	0	20	0	0	0	0	0	0	0	0	0	0	0	0	0	0	0	0	0	0	0	0	0	363	0	0	0	0	0	0	0	0	0	0	0	0	0	0	0	8	0	0	0	0	0	0	0	0	0	0	0	0	0	0	63	13	0	12	0	0	0	0	21
65	assemblage-386-638	0	0	0	0	6	0	0	0	0	0	0	0	23	0	0	0	200	0	0	0	0	29	0	0	0	0	0	0	129	12	29	0	0	0	0	0	0	0	31	0	0	0	0	0	0	0	0	0	0	0	0	0	0	0	0	0	0	0	0	0	11	0	0	0	0	0	0	0	0	0	30
65	assemblage-610-1007	0	0	0	0	0	0	218	0	0	0	0	0	0	0	0	0	0	0	0	0	0	0	0	0	0	0	0	143	0	0	0	0	0	0	54	0	0	0	0	57	0	0	0	0	0	0	0	0	0	0	0	0	0	0	0	0	0	0	0	6	0	0	0	0	0	0	9	0	0	0	13

66	assemblage-820-776	0	0	0	0	0	0	0	0	0	20	0	0	0	0	0	0	0	0	0	0	0	0	0	0	0	0	0	0	0	0	0	363	0	0	0	0	0	0	0	0	0	0	0	0	0	0	0	8	0	0	0	0	0	0	0	0	0	0	0	0	0	0	63	13	0	12	0	0	0	0	21
66	assemblage-668-723	0	0	0	0	17	0	0	0	0	0	0	0	139	0	0	0	68	0	0	0	0	0	0	0	0	0	34	0	0	0	0	26	0	0	0	16	31	0	5	0	0	0	0	0	0	0	0	0	0	0	0	0	0	122	0	0	0	0	0	0	28	0	0	0	0	0	0	0	0	0	14
66	assemblage-610-1007	0	0	0	0	0	0	218	0	0	0	0	0	0	0	0	0	0	0	0	0	0	0	0	0	0	0	0	143	0	0	0	0	0	0	54	0	0	0	0	57	0	0	0	0	0	0	0	0	0	0	0	0	0	0	0	0	0	0	0	6	0	0	0	0	0	0	9	0	0	0	13

67	assemblage-820-776	0	0	0	0	0	0	0	0	0	20	0	0	0	0	0	0	0	0	0	0	0	0	0	0	0	0	0	0	0	0	0	363	0	0	0	0	0	0	0	0	0	0	0	0	0	0	0	8	0	0	0	0	0	0	0	0	0	0	0	0	0	0	63	13	0	12	0	0	0	0	21
67	assemblage-357-802	7	0	0	0	0	0	0	0	0	0	0	0	0	0	0	0	23	0	0	0	0	0	28	0	0	0	0	0	0	0	0	9	0	0	0	239	0	0	54	0	0	0	0	0	0	0	0	0	0	0	36	0	18	64	0	0	0	0	0	0	0	0	0	0	0	0	0	0	0	0	22
67	assemblage-610-1007	0	0	0	0	0	0	218	0	0	0	0	0	0	0	0	0	0	0	0	0	0	0	0	0	0	0	0	143	0	0	0	0	0	0	54	0	0	0	0	57	0	0	0	0	0	0	0	0	0	0	0	0	0	0	0	0	0	0	0	6	0	0	0	0	0	0	9	0	0	0	13

68	assemblage-820-776	0	0	0	0	0	0	0	0	0	20	0	0	0	0	0	0	0	0	0	0	0	0	0	0	0	0	0	0	0	0	0	363	0	0	0	0	0	0	0	0	0	0	0	0	0	0	0	8	0	0	0	0	0	0	0	0	0	0	0	0	0	0	63	13	0	12	0	0	0	0	21
68	assemblage-357-802	7	0	0	0	0	0	0	0	0	0	0	0	0	0	0	0	23	0	0	0	0	0	28	0	0	0	0	0	0	0	0	9	0	0	0	239	0	0	54	0	0	0	0	0	0	0	0	0	0	0	36	0	18	64	0	0	0	0	0	0	0	0	0	0	0	0	0	0	0	0	22
68	assemblage-386-638	0	0	0	0	6	0	0	0	0	0	0	0	23	0	0	0	200	0	0	0	0	29	0	0	0	0	0	0	129	12	29	0	0	0	0	0	0	0	31	0	0	0	0	0	0	0	0	0	0	0	0	0	0	0	0	0	0	0	0	0	11	0	0	0	0	0	0	0	0	0	30

69	assemblage-820-776	0	0	0	0	0	0	0	0	0	20	0	0	0	0	0	0	0	0	0	0	0	0	0	0	0	0	0	0	0	0	0	363	0	0	0	0	0	0	0	0	0	0	0	0	0	0	0	8	0	0	0	0	0	0	0	0	0	0	0	0	0	0	63	13	0	12	0	0	0	0	21
69	assemblage-835-586	0	0	0	0	94	0	0	0	0	0	0	0	0	0	0	0	110	0	0	0	0	0	0	0	0	0	0	0	164	0	0	13	0	0	0	0	0	0	8	0	0	0	0	0	0	0	0	0	48	0	0	0	0	10	0	0	0	0	0	0	0	34	0	0	0	0	0	0	0	0	19
69	assemblage-610-1007	0	0	0	0	0	0	218	0	0	0	0	0	0	0	0	0	0	0	0	0	0	0	0	0	0	0	0	143	0	0	0	0	0	0	54	0	0	0	0	57	0	0	0	0	0	0	0	0	0	0	0	0	0	0	0	0	0	0	0	6	0	0	0	0	0	0	9	0	0	0	13

70	assemblage-820-776	0	0	0	0	0	0	0	0	0	20	0	0	0	0	0	0	0	0	0	0	0	0	0	0	0	0	0	0	0	0	0	363	0	0	0	0	0	0	0	0	0	0	0	0	0	0	0	8	0	0	0	0	0	0	0	0	0	0	0	0	0	0	63	13	0	12	0	0	0	0	21
70	assemblage-252-585	0	0	0	0	65	0	0	0	0	0	0	0	0	0	0	0	0	0	0	0	0	0	0	0	0	0	0	0	0	0	0	0	0	22	0	222	0	0	169	0	8	0	0	0	0	0	0	0	0	0	0	0	0	0	0	0	0	0	0	0	0	0	0	0	5	0	0	0	0	0	9
70	assemblage-239-581	0	0	0	0	70	0	0	0	0	0	0	0	0	0	0	0	0	0	0	0	0	0	0	0	0	0	0	0	0	0	0	0	0	23	0	236	0	0	147	0	12	0	0	0	0	0	0	0	0	0	0	0	0	0	0	0	0	0	0	0	0	0	0	0	5	0	0	0	0	0	7

71	assemblage-820-776	0	0	0	0	0	0	0	0	0	20	0	0	0	0	0	0	0	0	0	0	0	0	0	0	0	0	0	0	0	0	0	363	0	0	0	0	0	0	0	0	0	0	0	0	0	0	0	8	0	0	0	0	0	0	0	0	0	0	0	0	0	0	63	13	0	12	0	0	0	0	21
71	assemblage-671-734	0	0	0	0	49	8	0	0	0	0	0	0	0	0	0	65	216	0	0	11	0	0	0	11	0	0	15	0	0	0	0	48	0	0	0	0	0	0	0	0	0	0	0	0	0	0	63	0	0	0	0	0	0	0	0	0	0	0	0	0	0	0	0	0	0	0	0	0	0	0	14
71	assemblage-610-1007	0	0	0	0	0	0	218	0	0	0	0	0	0	0	0	0	0	0	0	0	0	0	0	0	0	0	0	143	0	0	0	0	0	0	54	0	0	0	0	57	0	0	0	0	0	0	0	0	0	0	0	0	0	0	0	0	0	0	0	6	0	0	0	0	0	0	9	0	0	0	13

72	assemblage-820-776	0	0	0	0	0	0	0	0	0	20	0	0	0	0	0	0	0	0	0	0	0	0	0	0	0	0	0	0	0	0	0	363	0	0	0	0	0	0	0	0	0	0	0	0	0	0	0	8	0	0	0	0	0	0	0	0	0	0	0	0	0	0	63	13	0	12	0	0	0	0	21
72	assemblage-671-734	0	0	0	0	49	8	0	0	0	0	0	0	0	0	0	65	216	0	0	11	0	0	0	11	0	0	15	0	0	0	0	48	0	0	0	0	0	0	0	0	0	0	0	0	0	0	63	0	0	0	0	0	0	0	0	0	0	0	0	0	0	0	0	0	0	0	0	0	0	0	14
72	assemblage-668-723	0	0	0	0	17	0	0	0	0	0	0	0	139	0	0	0	68	0	0	0	0	0	0	0	0	0	34	0	0	0	0	26	0	0	0	16	31	0	5	0	0	0	0	0	0	0	0	0	0	0	0	0	0	122	0	0	0	0	0	0	28	0	0	0	0	0	0	0	0	0	14

73	assemblage-820-776	0	0	0	0	0	0	0	0	0	20	0	0	0	0	0	0	0	0	0	0	0	0	0	0	0	0	0	0	0	0	0	363	0	0	0	0	0	0	0	0	0	0	0	0	0	0	0	8	0	0	0	0	0	0	0	0	0	0	0	0	0	0	63	13	0	12	0	0	0	0	21
73	assemblage-671-734	0	0	0	0	49	8	0	0	0	0	0	0	0	0	0	65	216	0	0	11	0	0	0	11	0	0	15	0	0	0	0	48	0	0	0	0	0	0	0	0	0	0	0	0	0	0	63	0	0	0	0	0	0	0	0	0	0	0	0	0	0	0	0	0	0	0	0	0	0	0	14
73	assemblage-239-581	0	0	0	0	70	0	0	0	0	0	0	0	0	0	0	0	0	0	0	0	0	0	0	0	0	0	0	0	0	0	0	0	0	23	0	236	0	0	147	0	12	0	0	0	0	0	0	0	0	0	0	0	0	0	0	0	0	0	0	0	0	0	0	0	5	0	0	0	0	0	7

74	assemblage-820-776	0	0	0	0	0	0	0	0	0	20	0	0	0	0	0	0	0	0	0	0	0	0	0	0	0	0	0	0	0	0	0	363	0	0	0	0	0	0	0	0	0	0	0	0	0	0	0	8	0	0	0	0	0	0	0	0	0	0	0	0	0	0	63	13	0	12	0	0	0	0	21
74	assemblage-671-734	0	0	0	0	49	8	0	0	0	0	0	0	0	0	0	65	216	0	0	11	0	0	0	11	0	0	15	0	0	0	0	48	0	0	0	0	0	0	0	0	0	0	0	0	0	0	63	0	0	0	0	0	0	0	0	0	0	0	0	0	0	0	0	0	0	0	0	0	0	0	14
74	assemblage-252-585	0	0	0	0	65	0	0	0	0	0	0	0	0	0	0	0	0	0	0	0	0	0	0	0	0	0	0	0	0	0	0	0	0	22	0	222	0	0	169	0	8	0	0	0	0	0	0	0	0	0	0	0	0	0	0	0	0	0	0	0	0	0	0	0	5	0	0	0	0	0	9

75	assemblage-820-776	0	0	0	0	0	0	0	0	0	20	0	0	0	0	0	0	0	0	0	0	0	0	0	0	0	0	0	0	0	0	0	363	0	0	0	0	0	0	0	0	0	0	0	0	0	0	0	8	0	0	0	0	0	0	0	0	0	0	0	0	0	0	63	13	0	12	0	0	0	0	21
75	assemblage-564-211	0	11	0	0	0	0	0	0	0	0	0	0	84	0	0	12	14	0	0	0	0	77	0	0	0	0	45	0	0	0	0	0	0	0	0	0	0	0	230	0	0	0	0	0	0	0	0	0	0	0	0	0	0	0	0	0	0	0	0	0	0	0	0	0	0	0	0	0	0	0	27
75	assemblage-610-1007	0	0	0	0	0	0	218	0	0	0	0	0	0	0	0	0	0	0	0	0	0	0	0	0	0	0	0	143	0	0	0	0	0	0	54	0	0	0	0	57	0	0	0	0	0	0	0	0	0	0	0	0	0	0	0	0	0	0	0	6	0	0	0	0	0	0	9	0	0	0	13

76	assemblage-820-776	0	0	0	0	0	0	0	0	0	20	0	0	0	0	0	0	0	0	0	0	0	0	0	0	0	0	0	0	0	0	0	363	0	0	0	0	0	0	0	0	0	0	0	0	0	0	0	8	0	0	0	0	0	0	0	0	0	0	0	0	0	0	63	13	0	12	0	0	0	0	21
76	assemblage-564-211	0	11	0	0	0	0	0	0	0	0	0	0	84	0	0	12	14	0	0	0	0	77	0	0	0	0	45	0	0	0	0	0	0	0	0	0	0	0	230	0	0	0	0	0	0	0	0	0	0	0	0	0	0	0	0	0	0	0	0	0	0	0	0	0	0	0	0	0	0	0	27
76	assemblage-239-581	0	0	0	0	70	0	0	0	0	0	0	0	0	0	0	0	0	0	0	0	0	0	0	0	0	0	0	0	0	0	0	0	0	23	0	236	0	0	147	0	12	0	0	0	0	0	0	0	0	0	0	0	0	0	0	0	0	0	0	0	0	0	0	0	5	0	0	0	0	0	7

77	assemblage-820-776	0	0	0	0	0	0	0	0	0	20	0	0	0	0	0	0	0	0	0	0	0	0	0	0	0	0	0	0	0	0	0	363	0	0	0	0	0	0	0	0	0	0	0	0	0	0	0	8	0	0	0	0	0	0	0	0	0	0	0	0	0	0	63	13	0	12	0	0	0	0	21
77	assemblage-564-211	0	11	0	0	0	0	0	0	0	0	0	0	84	0	0	12	14	0	0	0	0	77	0	0	0	0	45	0	0	0	0	0	0	0	0	0	0	0	230	0	0	0	0	0	0	0	0	0	0	0	0	0	0	0	0	0	0	0	0	0	0	0	0	0	0	0	0	0	0	0	27
77	assemblage-252-585	0	0	0	0	65	0	0	0	0	0	0	0	0	0	0	0	0	0	0	0	0	0	0	0	0	0	0	0	0	0	0	0	0	22	0	222	0	0	169	0	8	0	0	0	0	0	0	0	0	0	0	0	0	0	0	0	0	0	0	0	0	0	0	0	5	0	0	0	0	0	9

78	assemblage-820-776	0	0	0	0	0	0	0	0	0	20	0	0	0	0	0	0	0	0	0	0	0	0	0	0	0	0	0	0	0	0	0	363	0	0	0	0	0	0	0	0	0	0	0	0	0	0	0	8	0	0	0	0	0	0	0	0	0	0	0	0	0	0	63	13	0	12	0	0	0	0	21
78	assemblage-393-512	0	0	0	0	179	0	0	0	0	0	0	26	0	0	0	0	83	0	0	20	0	0	0	0	0	0	0	0	0	0	0	57	0	0	0	9	0	0	96	0	0	0	0	0	0	0	0	0	0	0	5	0	0	0	0	0	0	0	0	0	0	0	0	0	0	0	0	0	0	0	25
78	assemblage-610-1007	0	0	0	0	0	0	218	0	0	0	0	0	0	0	0	0	0	0	0	0	0	0	0	0	0	0	0	143	0	0	0	0	0	0	54	0	0	0	0	57	0	0	0	0	0	0	0	0	0	0	0	0	0	0	0	0	0	0	0	6	0	0	0	0	0	0	9	0	0	0	13

79	assemblage-820-776	0	0	0	0	0	0	0	0	0	20	0	0	0	0	0	0	0	0	0	0	0	0	0	0	0	0	0	0	0	0	0	363	0	0	0	0	0	0	0	0	0	0	0	0	0	0	0	8	0	0	0	0	0	0	0	0	0	0	0	0	0	0	63	13	0	12	0	0	0	0	21
79	assemblage-393-512	0	0	0	0	179	0	0	0	0	0	0	26	0	0	0	0	83	0	0	20	0	0	0	0	0	0	0	0	0	0	0	57	0	0	0	9	0	0	96	0	0	0	0	0	0	0	0	0	0	0	5	0	0	0	0	0	0	0	0	0	0	0	0	0	0	0	0	0	0	0	25
79	assemblage-668-723	0	0	0	0	17	0	0	0	0	0	0	0	139	0	0	0	68	0	0	0	0	0	0	0	0	0	34	0	0	0	0	26	0	0	0	16	31	0	5	0	0	0	0	0	0	0	0	0	0	0	0	0	0	122	0	0	0	0	0	0	28	0	0	0	0	0	0	0	0	0	14

80	assemblage-820-776	0	0	0	0	0	0	0	0	0	20	0	0	0	0	0	0	0	0	0	0	0	0	0	0	0	0	0	0	0	0	0	363	0	0	0	0	0	0	0	0	0	0	0	0	0	0	0	8	0	0	0	0	0	0	0	0	0	0	0	0	0	0	63	13	0	12	0	0	0	0	21
80	assemblage-393-512	0	0	0	0	179	0	0	0	0	0	0	26	0	0	0	0	83	0	0	20	0	0	0	0	0	0	0	0	0	0	0	57	0	0	0	9	0	0	96	0	0	0	0	0	0	0	0	0	0	0	5	0	0	0	0	0	0	0	0	0	0	0	0	0	0	0	0	0	0	0	25
80	assemblage-357-802	7	0	0	0	0	0	0	0	0	0	0	0	0	0	0	0	23	0	0	0	0	0	28	0	0	0	0	0	0	0	0	9	0	0	0	239	0	0	54	0	0	0	0	0	0	0	0	0	0	0	36	0	18	64	0	0	0	0	0	0	0	0	0	0	0	0	0	0	0	0	22

81	assemblage-820-776	0	0	0	0	0	0	0	0	0	20	0	0	0	0	0	0	0	0	0	0	0	0	0	0	0	0	0	0	0	0	0	363	0	0	0	0	0	0	0	0	0	0	0	0	0	0	0	8	0	0	0	0	0	0	0	0	0	0	0	0	0	0	63	13	0	12	0	0	0	0	21
81	assemblage-393-512	0	0	0	0	179	0	0	0	0	0	0	26	0	0	0	0	83	0	0	20	0	0	0	0	0	0	0	0	0	0	0	57	0	0	0	9	0	0	96	0	0	0	0	0	0	0	0	0	0	0	5	0	0	0	0	0	0	0	0	0	0	0	0	0	0	0	0	0	0	0	25
81	assemblage-835-586	0	0	0	0	94	0	0	0	0	0	0	0	0	0	0	0	110	0	0	0	0	0	0	0	0	0	0	0	164	0	0	13	0	0	0	0	0	0	8	0	0	0	0	0	0	0	0	0	48	0	0	0	0	10	0	0	0	0	0	0	0	34	0	0	0	0	0	0	0	0	19

82	assemblage-820-776	0	0	0	0	0	0	0	0	0	20	0	0	0	0	0	0	0	0	0	0	0	0	0	0	0	0	0	0	0	0	0	363	0	0	0	0	0	0	0	0	0	0	0	0	0	0	0	8	0	0	0	0	0	0	0	0	0	0	0	0	0	0	63	13	0	12	0	0	0	0	21
82	assemblage-393-512	0	0	0	0	179	0	0	0	0	0	0	26	0	0	0	0	83	0	0	20	0	0	0	0	0	0	0	0	0	0	0	57	0	0	0	9	0	0	96	0	0	0	0	0	0	0	0	0	0	0	5	0	0	0	0	0	0	0	0	0	0	0	0	0	0	0	0	0	0	0	25
82	assemblage-239-581	0	0	0	0	70	0	0	0	0	0	0	0	0	0	0	0	0	0	0	0	0	0	0	0	0	0	0	0	0	0	0	0	0	23	0	236	0	0	147	0	12	0	0	0	0	0	0	0	0	0	0	0	0	0	0	0	0	0	0	0	0	0	0	0	5	0	0	0	0	0	7

83	assemblage-820-776	0	0	0	0	0	0	0	0	0	20	0	0	0	0	0	0	0	0	0	0	0	0	0	0	0	0	0	0	0	0	0	363	0	0	0	0	0	0	0	0	0	0	0	0	0	0	0	8	0	0	0	0	0	0	0	0	0	0	0	0	0	0	63	13	0	12	0	0	0	0	21
83	assemblage-393-512	0	0	0	0	179	0	0	0	0	0	0	26	0	0	0	0	83	0	0	20	0	0	0	0	0	0	0	0	0	0	0	57	0	0	0	9	0	0	96	0	0	0	0	0	0	0	0	0	0	0	5	0	0	0	0	0	0	0	0	0	0	0	0	0	0	0	0	0	0	0	25
83	assemblage-252-585	0	0	0	0	65	0	0	0	0	0	0	0	0	0	0	0	0	0	0	0	0	0	0	0	0	0	0	0	0	0	0	0	0	22	0	222	0	0	169	0	8	0	0	0	0	0	0	0	0	0	0	0	0	0	0	0	0	0	0	0	0	0	0	0	5	0	0	0	0	0	9

84	assemblage-820-776	0	0	0	0	0	0	0	0	0	20	0	0	0	0	0	0	0	0	0	0	0	0	0	0	0	0	0	0	0	0	0	363	0	0	0	0	0	0	0	0	0	0	0	0	0	0	0	8	0	0	0	0	0	0	0	0	0	0	0	0	0	0	63	13	0	12	0	0	0	0	21
84	assemblage-393-512	0	0	0	0	179	0	0	0	0	0	0	26	0	0	0	0	83	0	0	20	0	0	0	0	0	0	0	0	0	0	0	57	0	0	0	9	0	0	96	0	0	0	0	0	0	0	0	0	0	0	5	0	0	0	0	0	0	0	0	0	0	0	0	0	0	0	0	0	0	0	25
84	assemblage-671-734	0	0	0	0	49	8	0	0	0	0	0	0	0	0	0	65	216	0	0	11	0	0	0	11	0	0	15	0	0	0	0	48	0	0	0	0	0	0	0	0	0	0	0	0	0	0	63	0	0	0	0	0	0	0	0	0	0	0	0	0	0	0	0	0	0	0	0	0	0	0	14

85	assemblage-820-776	0	0	0	0	0	0	0	0	0	20	0	0	0	0	0	0	0	0	0	0	0	0	0	0	0	0	0	0	0	0	0	363	0	0	0	0	0	0	0	0	0	0	0	0	0	0	0	8	0	0	0	0	0	0	0	0	0	0	0	0	0	0	63	13	0	12	0	0	0	0	21
85	assemblage-538-369	0	0	0	0	0	0	0	0	0	0	0	0	0	0	0	0	54	0	0	0	0	0	0	0	0	2	0	0	0	0	0	163	0	0	0	136	0	0	0	0	0	0	0	0	0	0	0	0	0	0	0	0	0	75	0	0	0	34	0	0	0	0	0	0	0	0	0	0	0	8	28
85	assemblage-610-1007	0	0	0	0	0	0	218	0	0	0	0	0	0	0	0	0	0	0	0	0	0	0	0	0	0	0	0	143	0	0	0	0	0	0	54	0	0	0	0	57	0	0	0	0	0	0	0	0	0	0	0	0	0	0	0	0	0	0	0	6	0	0	0	0	0	0	9	0	0	0	13

86	assemblage-820-776	0	0	0	0	0	0	0	0	0	20	0	0	0	0	0	0	0	0	0	0	0	0	0	0	0	0	0	0	0	0	0	363	0	0	0	0	0	0	0	0	0	0	0	0	0	0	0	8	0	0	0	0	0	0	0	0	0	0	0	0	0	0	63	13	0	12	0	0	0	0	21
86	assemblage-538-369	0	0	0	0	0	0	0	0	0	0	0	0	0	0	0	0	54	0	0	0	0	0	0	0	0	2	0	0	0	0	0	163	0	0	0	136	0	0	0	0	0	0	0	0	0	0	0	0	0	0	0	0	0	75	0	0	0	34	0	0	0	0	0	0	0	0	0	0	0	8	28
86	assemblage-668-723	0	0	0	0	17	0	0	0	0	0	0	0	139	0	0	0	68	0	0	0	0	0	0	0	0	0	34	0	0	0	0	26	0	0	0	16	31	0	5	0	0	0	0	0	0	0	0	0	0	0	0	0	0	122	0	0	0	0	0	0	28	0	0	0	0	0	0	0	0	0	14

87	assemblage-820-776	0	0	0	0	0	0	0	0	0	20	0	0	0	0	0	0	0	0	0	0	0	0	0	0	0	0	0	0	0	0	0	363	0	0	0	0	0	0	0	0	0	0	0	0	0	0	0	8	0	0	0	0	0	0	0	0	0	0	0	0	0	0	63	13	0	12	0	0	0	0	21
87	assemblage-538-369	0	0	0	0	0	0	0	0	0	0	0	0	0	0	0	0	54	0	0	0	0	0	0	0	0	2	0	0	0	0	0	163	0	0	0	136	0	0	0	0	0	0	0	0	0	0	0	0	0	0	0	0	0	75	0	0	0	34	0	0	0	0	0	0	0	0	0	0	0	8	28
87	assemblage-357-802	7	0	0	0	0	0	0	0	0	0	0	0	0	0	0	0	23	0	0	0	0	0	28	0	0	0	0	0	0	0	0	9	0	0	0	239	0	0	54	0	0	0	0	0	0	0	0	0	0	0	36	0	18	64	0	0	0	0	0	0	0	0	0	0	0	0	0	0	0	0	22

88	assemblage-820-776	0	0	0	0	0	0	0	0	0	20	0	0	0	0	0	0	0	0	0	0	0	0	0	0	0	0	0	0	0	0	0	363	0	0	0	0	0	0	0	0	0	0	0	0	0	0	0	8	0	0	0	0	0	0	0	0	0	0	0	0	0	0	63	13	0	12	0	0	0	0	21
88	assemblage-538-369	0	0	0	0	0	0	0	0	0	0	0	0	0	0	0	0	54	0	0	0	0	0	0	0	0	2	0	0	0	0	0	163	0	0	0	136	0	0	0	0	0	0	0	0	0	0	0	0	0	0	0	0	0	75	0	0	0	34	0	0	0	0	0	0	0	0	0	0	0	8	28
88	assemblage-835-586	0	0	0	0	94	0	0	0	0	0	0	0	0	0	0	0	110	0	0	0	0	0	0	0	0	0	0	0	164	0	0	13	0	0	0	0	0	0	8	0	0	0	0	0	0	0	0	0	48	0	0	0	0	10	0	0	0	0	0	0	0	34	0	0	0	0	0	0	0	0	19

89	assemblage-820-776	0	0	0	0	0	0	0	0	0	20	0	0	0	0	0	0	0	0	0	0	0	0	0	0	0	0	0	0	0	0	0	363	0	0	0	0	0	0	0	0	0	0	0	0	0	0	0	8	0	0	0	0	0	0	0	0	0	0	0	0	0	0	63	13	0	12	0	0	0	0	21
89	assemblage-538-369	0	0	0	0	0	0	0	0	0	0	0	0	0	0	0	0	54	0	0	0	0	0	0	0	0	2	0	0	0	0	0	163	0	0	0	136	0	0	0	0	0	0	0	0	0	0	0	0	0	0	0	0	0	75	0	0	0	34	0	0	0	0	0	0	0	0	0	0	0	8	28
89	assemblage-239-581	0	0	0	0	70	0	0	0	0	0	0	0	0	0	0	0	0	0	0	0	0	0	0	0	0	0	0	0	0	0	0	0	0	23	0	236	0	0	147	0	12	0	0	0	0	0	0	0	0	0	0	0	0	0	0	0	0	0	0	0	0	0	0	0	5	0	0	0	0	0	7

90	assemblage-820-776	0	0	0	0	0	0	0	0	0	20	0	0	0	0	0	0	0	0	0	0	0	0	0	0	0	0	0	0	0	0	0	363	0	0	0	0	0	0	0	0	0	0	0	0	0	0	0	8	0	0	0	0	0	0	0	0	0	0	0	0	0	0	63	13	0	12	0	0	0	0	21
90	assemblage-538-369	0	0	0	0	0	0	0	0	0	0	0	0	0	0	0	0	54	0	0	0	0	0	0	0	0	2	0	0	0	0	0	163	0	0	0	136	0	0	0	0	0	0	0	0	0	0	0	0	0	0	0	0	0	75	0	0	0	34	0	0	0	0	0	0	0	0	0	0	0	8	28
90	assemblage-252-585	0	0	0	0	65	0	0	0	0	0	0	0	0	0	0	0	0	0	0	0	0	0	0	0	0	0	0	0	0	0	0	0	0	22	0	222	0	0	169	0	8	0	0	0	0	0	0	0	0	0	0	0	0	0	0	0	0	0	0	0	0	0	0	0	5	0	0	0	0	0	9

91	assemblage-820-776	0	0	0	0	0	0	0	0	0	20	0	0	0	0	0	0	0	0	0	0	0	0	0	0	0	0	0	0	0	0	0	363	0	0	0	0	0	0	0	0	0	0	0	0	0	0	0	8	0	0	0	0	0	0	0	0	0	0	0	0	0	0	63	13	0	12	0	0	0	0	21
91	assemblage-538-369	0	0	0	0	0	0	0	0	0	0	0	0	0	0	0	0	54	0	0	0	0	0	0	0	0	2	0	0	0	0	0	163	0	0	0	136	0	0	0	0	0	0	0	0	0	0	0	0	0	0	0	0	0	75	0	0	0	34	0	0	0	0	0	0	0	0	0	0	0	8	28
91	assemblage-671-734	0	0	0	0	49	8	0	0	0	0	0	0	0	0	0	65	216	0	0	11	0	0	0	11	0	0	15	0	0	0	0	48	0	0	0	0	0	0	0	0	0	0	0	0	0	0	63	0	0	0	0	0	0	0	0	0	0	0	0	0	0	0	0	0	0	0	0	0	0	0	14

92	assemblage-820-776	0	0	0	0	0	0	0	0	0	20	0	0	0	0	0	0	0	0	0	0	0	0	0	0	0	0	0	0	0	0	0	363	0	0	0	0	0	0	0	0	0	0	0	0	0	0	0	8	0	0	0	0	0	0	0	0	0	0	0	0	0	0	63	13	0	12	0	0	0	0	21
92	assemblage-538-369	0	0	0	0	0	0	0	0	0	0	0	0	0	0	0	0	54	0	0	0	0	0	0	0	0	2	0	0	0	0	0	163	0	0	0	136	0	0	0	0	0	0	0	0	0	0	0	0	0	0	0	0	0	75	0	0	0	34	0	0	0	0	0	0	0	0	0	0	0	8	28
92	assemblage-564-211	0	11	0	0	0	0	0	0	0	0	0	0	84	0	0	12	14	0	0	0	0	77	0	0	0	0	45	0	0	0	0	0	0	0	0	0	0	0	230	0	0	0	0	0	0	0	0	0	0	0	0	0	0	0	0	0	0	0	0	0	0	0	0	0	0	0	0	0	0	0	27

93	assemblage-820-776	0	0	0	0	0	0	0	0	0	20	0	0	0	0	0	0	0	0	0	0	0	0	0	0	0	0	0	0	0	0	0	363	0	0	0	0	0	0	0	0	0	0	0	0	0	0	0	8	0	0	0	0	0	0	0	0	0	0	0	0	0	0	63	13	0	12	0	0	0	0	21
93	assemblage-538-369	0	0	0	0	0	0	0	0	0	0	0	0	0	0	0	0	54	0	0	0	0	0	0	0	0	2	0	0	0	0	0	163	0	0	0	136	0	0	0	0	0	0	0	0	0	0	0	0	0	0	0	0	0	75	0	0	0	34	0	0	0	0	0	0	0	0	0	0	0	8	28
93	assemblage-393-512	0	0	0	0	179	0	0	0	0	0	0	26	0	0	0	0	83	0	0	20	0	0	0	0	0	0	0	0	0	0	0	57	0	0	0	9	0	0	96	0	0	0	0	0	0	0	0	0	0	0	5	0	0	0	0	0	0	0	0	0	0	0	0	0	0	0	0	0	0	0	25

94	assemblage-820-776	0	0	0	0	0	0	0	0	0	20	0	0	0	0	0	0	0	0	0	0	0	0	0	0	0	0	0	0	0	0	0	363	0	0	0	0	0	0	0	0	0	0	0	0	0	0	0	8	0	0	0	0	0	0	0	0	0	0	0	0	0	0	63	13	0	12	0	0	0	0	21
94	assemblage-105-525	0	0	0	0	14	0	0	0	0	0	0	0	0	0	0	0	120	0	0	6	0	0	0	0	0	0	0	0	43	0	0	239	0	0	0	9	0	0	36	0	0	0	0	0	0	0	0	0	0	0	0	0	5	0	0	0	0	0	0	0	0	0	0	0	0	0	0	0	0	0	28
94	assemblage-610-1007	0	0	0	0	0	0	218	0	0	0	0	0	0	0	0	0	0	0	0	0	0	0	0	0	0	0	0	143	0	0	0	0	0	0	54	0	0	0	0	57	0	0	0	0	0	0	0	0	0	0	0	0	0	0	0	0	0	0	0	6	0	0	0	0	0	0	9	0	0	0	13

95	assemblage-820-776	0	0	0	0	0	0	0	0	0	20	0	0	0	0	0	0	0	0	0	0	0	0	0	0	0	0	0	0	0	0	0	363	0	0	0	0	0	0	0	0	0	0	0	0	0	0	0	8	0	0	0	0	0	0	0	0	0	0	0	0	0	0	63	13	0	12	0	0	0	0	21
95	assemblage-105-525	0	0	0	0	14	0	0	0	0	0	0	0	0	0	0	0	120	0	0	6	0	0	0	0	0	0	0	0	43	0	0	239	0	0	0	9	0	0	36	0	0	0	0	0	0	0	0	0	0	0	0	0	5	0	0	0	0	0	0	0	0	0	0	0	0	0	0	0	0	0	28
95	assemblage-386-638	0	0	0	0	6	0	0	0	0	0	0	0	23	0	0	0	200	0	0	0	0	29	0	0	0	0	0	0	129	12	29	0	0	0	0	0	0	0	31	0	0	0	0	0	0	0	0	0	0	0	0	0	0	0	0	0	0	0	0	0	11	0	0	0	0	0	0	0	0	0	30

96	assemblage-820-776	0	0	0	0	0	0	0	0	0	20	0	0	0	0	0	0	0	0	0	0	0	0	0	0	0	0	0	0	0	0	0	363	0	0	0	0	0	0	0	0	0	0	0	0	0	0	0	8	0	0	0	0	0	0	0	0	0	0	0	0	0	0	63	13	0	12	0	0	0	0	21
96	assemblage-105-525	0	0	0	0	14	0	0	0	0	0	0	0	0	0	0	0	120	0	0	6	0	0	0	0	0	0	0	0	43	0	0	239	0	0	0	9	0	0	36	0	0	0	0	0	0	0	0	0	0	0	0	0	5	0	0	0	0	0	0	0	0	0	0	0	0	0	0	0	0	0	28
96	assemblage-668-723	0	0	0	0	17	0	0	0	0	0	0	0	139	0	0	0	68	0	0	0	0	0	0	0	0	0	34	0	0	0	0	26	0	0	0	16	31	0	5	0	0	0	0	0	0	0	0	0	0	0	0	0	0	122	0	0	0	0	0	0	28	0	0	0	0	0	0	0	0	0	14

97	assemblage-820-776	0	0	0	0	0	0	0	0	0	20	0	0	0	0	0	0	0	0	0	0	0	0	0	0	0	0	0	0	0	0	0	363	0	0	0	0	0	0	0	0	0	0	0	0	0	0	0	8	0	0	0	0	0	0	0	0	0	0	0	0	0	0	63	13	0	12	0	0	0	0	21
97	assemblage-105-525	0	0	0	0	14	0	0	0	0	0	0	0	0	0	0	0	120	0	0	6	0	0	0	0	0	0	0	0	43	0	0	239	0	0	0	9	0	0	36	0	0	0	0	0	0	0	0	0	0	0	0	0	5	0	0	0	0	0	0	0	0	0	0	0	0	0	0	0	0	0	28
97	assemblage-357-802	7	0	0	0	0	0	0	0	0	0	0	0	0	0	0	0	23	0	0	0	0	0	28	0	0	0	0	0	0	0	0	9	0	0	0	239	0	0	54	0	0	0	0	0	0	0	0	0	0	0	36	0	18	64	0	0	0	0	0	0	0	0	0	0	0	0	0	0	0	0	22

98	assemblage-820-776	0	0	0	0	0	0	0	0	0	20	0	0	0	0	0	0	0	0	0	0	0	0	0	0	0	0	0	0	0	0	0	363	0	0	0	0	0	0	0	0	0	0	0	0	0	0	0	8	0	0	0	0	0	0	0	0	0	0	0	0	0	0	63	13	0	12	0	0	0	0	21
98	assemblage-105-525	0	0	0	0	14	0	0	0	0	0	0	0	0	0	0	0	120	0	0	6	0	0	0	0	0	0	0	0	43	0	0	239	0	0	0	9	0	0	36	0	0	0	0	0	0	0	0	0	0	0	0	0	5	0	0	0	0	0	0	0	0	0	0	0	0	0	0	0	0	0	28
98	assemblage-835-586	0	0	0	0	94	0	0	0	0	0	0	0	0	0	0	0	110	0	0	0	0	0	0	0	0	0	0	0	164	0	0	13	0	0	0	0	0	0	8	0	0	0	0	0	0	0	0	0	48	0	0	0	0	10	0	0	0	0	0	0	0	34	0	0	0	0	0	0	0	0	19

99	assemblage-820-776	0	0	0	0	0	0	0	0	0	20	0	0	0	0	0	0	0	0	0	0	0	0	0	0	0	0	0	0	0	0	0	363	0	0	0	0	0	0	0	0	0	0	0	0	0	0	0	8	0	0	0	0	0	0	0	0	0	0	0	0	0	0	63	13	0	12	0	0	0	0	21
99	assemblage-105-525	0	0	0	0	14	0	0	0	0	0	0	0	0	0	0	0	120	0	0	6	0	0	0	0	0	0	0	0	43	0	0	239	0	0	0	9	0	0	36	0	0	0	0	0	0	0	0	0	0	0	0	0	5	0	0	0	0	0	0	0	0	0	0	0	0	0	0	0	0	0	28
99	assemblage-239-581	0	0	0	0	70	0	0	0	0	0	0	0	0	0	0	0	0	0	0	0	0	0	0	0	0	0	0	0	0	0	0	0	0	23	0	236	0	0	147	0	12	0	0	0	0	0	0	0	0	0	0	0	0	0	0	0	0	0	0	0	0	0	0	0	5	0	0	0	0	0	7

100	assemblage-820-776	0	0	0	0	0	0	0	0	0	20	0	0	0	0	0	0	0	0	0	0	0	0	0	0	0	0	0	0	0	0	0	363	0	0	0	0	0	0	0	0	0	0	0	0	0	0	0	8	0	0	0	0	0	0	0	0	0	0	0	0	0	0	63	13	0	12	0	0	0	0	21
100	assemblage-105-525	0	0	0	0	14	0	0	0	0	0	0	0	0	0	0	0	120	0	0	6	0	0	0	0	0	0	0	0	43	0	0	239	0	0	0	9	0	0	36	0	0	0	0	0	0	0	0	0	0	0	0	0	5	0	0	0	0	0	0	0	0	0	0	0	0	0	0	0	0	0	28
100	assemblage-252-585	0	0	0	0	65	0	0	0	0	0	0	0	0	0	0	0	0	0	0	0	0	0	0	0	0	0	0	0	0	0	0	0	0	22	0	222	0	0	169	0	8	0	0	0	0	0	0	0	0	0	0	0	0	0	0	0	0	0	0	0	0	0	0	0	5	0	0	0	0	0	9

101	assemblage-820-776	0	0	0	0	0	0	0	0	0	20	0	0	0	0	0	0	0	0	0	0	0	0	0	0	0	0	0	0	0	0	0	363	0	0	0	0	0	0	0	0	0	0	0	0	0	0	0	8	0	0	0	0	0	0	0	0	0	0	0	0	0	0	63	13	0	12	0	0	0	0	21
101	assemblage-105-525	0	0	0	0	14	0	0	0	0	0	0	0	0	0	0	0	120	0	0	6	0	0	0	0	0	0	0	0	43	0	0	239	0	0	0	9	0	0	36	0	0	0	0	0	0	0	0	0	0	0	0	0	5	0	0	0	0	0	0	0	0	0	0	0	0	0	0	0	0	0	28
101	assemblage-671-734	0	0	0	0	49	8	0	0	0	0	0	0	0	0	0	65	216	0	0	11	0	0	0	11	0	0	15	0	0	0	0	48	0	0	0	0	0	0	0	0	0	0	0	0	0	0	63	0	0	0	0	0	0	0	0	0	0	0	0	0	0	0	0	0	0	0	0	0	0	0	14

102	assemblage-820-776	0	0	0	0	0	0	0	0	0	20	0	0	0	0	0	0	0	0	0	0	0	0	0	0	0	0	0	0	0	0	0	363	0	0	0	0	0	0	0	0	0	0	0	0	0	0	0	8	0	0	0	0	0	0	0	0	0	0	0	0	0	0	63	13	0	12	0	0	0	0	21
102	assemblage-105-525	0	0	0	0	14	0	0	0	0	0	0	0	0	0	0	0	120	0	0	6	0	0	0	0	0	0	0	0	43	0	0	239	0	0	0	9	0	0	36	0	0	0	0	0	0	0	0	0	0	0	0	0	5	0	0	0	0	0	0	0	0	0	0	0	0	0	0	0	0	0	28
102	assemblage-564-211	0	11	0	0	0	0	0	0	0	0	0	0	84	0	0	12	14	0	0	0	0	77	0	0	0	0	45	0	0	0	0	0	0	0	0	0	0	0	230	0	0	0	0	0	0	0	0	0	0	0	0	0	0	0	0	0	0	0	0	0	0	0	0	0	0	0	0	0	0	0	27

103	assemblage-820-776	0	0	0	0	0	0	0	0	0	20	0	0	0	0	0	0	0	0	0	0	0	0	0	0	0	0	0	0	0	0	0	363	0	0	0	0	0	0	0	0	0	0	0	0	0	0	0	8	0	0	0	0	0	0	0	0	0	0	0	0	0	0	63	13	0	12	0	0	0	0	21
103	assemblage-105-525	0	0	0	0	14	0	0	0	0	0	0	0	0	0	0	0	120	0	0	6	0	0	0	0	0	0	0	0	43	0	0	239	0	0	0	9	0	0	36	0	0	0	0	0	0	0	0	0	0	0	0	0	5	0	0	0	0	0	0	0	0	0	0	0	0	0	0	0	0	0	28
103	assemblage-393-512	0	0	0	0	179	0	0	0	0	0	0	26	0	0	0	0	83	0	0	20	0	0	0	0	0	0	0	0	0	0	0	57	0	0	0	9	0	0	96	0	0	0	0	0	0	0	0	0	0	0	5	0	0	0	0	0	0	0	0	0	0	0	0	0	0	0	0	0	0	0	25

104	assemblage-820-776	0	0	0	0	0	0	0	0	0	20	0	0	0	0	0	0	0	0	0	0	0	0	0	0	0	0	0	0	0	0	0	363	0	0	0	0	0	0	0	0	0	0	0	0	0	0	0	8	0	0	0	0	0	0	0	0	0	0	0	0	0	0	63	13	0	12	0	0	0	0	21
104	assemblage-105-525	0	0	0	0	14	0	0	0	0	0	0	0	0	0	0	0	120	0	0	6	0	0	0	0	0	0	0	0	43	0	0	239	0	0	0	9	0	0	36	0	0	0	0	0	0	0	0	0	0	0	0	0	5	0	0	0	0	0	0	0	0	0	0	0	0	0	0	0	0	0	28
104	assemblage-538-369	0	0	0	0	0	0	0	0	0	0	0	0	0	0	0	0	54	0	0	0	0	0	0	0	0	2	0	0	0	0	0	163	0	0	0	136	0	0	0	0	0	0	0	0	0	0	0	0	0	0	0	0	0	75	0	0	0	34	0	0	0	0	0	0	0	0	0	0	0	8	28

105	assemblage-389-507	0	0	0	0	315	0	0	0	0	0	0	0	0	0	0	0	15	0	0	0	0	0	0	0	0	0	0	0	0	0	0	4	0	0	0	86	0	0	23	3	0	0	0	0	0	0	0	0	0	0	0	0	0	0	0	0	0	26	0	0	0	0	0	0	0	0	0	0	0	0	28
105	assemblage-393-512	0	0	0	0	179	0	0	0	0	0	0	26	0	0	0	0	83	0	0	20	0	0	0	0	0	0	0	0	0	0	0	57	0	0	0	9	0	0	96	0	0	0	0	0	0	0	0	0	0	0	5	0	0	0	0	0	0	0	0	0	0	0	0	0	0	0	0	0	0	0	25
105	assemblage-397-507	0	0	0	0	14	0	0	0	0	0	0	0	0	0	0	0	99	0	0	7	0	0	6	0	0	0	0	0	43	0	0	256	0	0	0	7	0	0	42	0	0	0	0	0	0	0	0	0	0	0	0	0	3	0	0	0	0	0	0	0	0	0	0	0	0	0	0	0	0	0	23

106	assemblage-389-507	0	0	0	0	315	0	0	0	0	0	0	0	0	0	0	0	15	0	0	0	0	0	0	0	0	0	0	0	0	0	0	4	0	0	0	86	0	0	23	3	0	0	0	0	0	0	0	0	0	0	0	0	0	0	0	0	0	26	0	0	0	0	0	0	0	0	0	0	0	0	28
106	assemblage-393-512	0	0	0	0	179	0	0	0	0	0	0	26	0	0	0	0	83	0	0	20	0	0	0	0	0	0	0	0	0	0	0	57	0	0	0	9	0	0	96	0	0	0	0	0	0	0	0	0	0	0	5	0	0	0	0	0	0	0	0	0	0	0	0	0	0	0	0	0	0	0	25
106	assemblage-835-586	0	0	0	0	94	0	0	0	0	0	0	0	0	0	0	0	110	0	0	0	0	0	0	0	0	0	0	0	164	0	0	13	0	0	0	0	0	0	8	0	0	0	0	0	0	0	0	0	48	0	0	0	0	10	0	0	0	0	0	0	0	34	0	0	0	0	0	0	0	0	19

107	assemblage-389-507	0	0	0	0	315	0	0	0	0	0	0	0	0	0	0	0	15	0	0	0	0	0	0	0	0	0	0	0	0	0	0	4	0	0	0	86	0	0	23	3	0	0	0	0	0	0	0	0	0	0	0	0	0	0	0	0	0	26	0	0	0	0	0	0	0	0	0	0	0	0	28
107	assemblage-393-512	0	0	0	0	179	0	0	0	0	0	0	26	0	0	0	0	83	0	0	20	0	0	0	0	0	0	0	0	0	0	0	57	0	0	0	9	0	0	96	0	0	0	0	0	0	0	0	0	0	0	5	0	0	0	0	0	0	0	0	0	0	0	0	0	0	0	0	0	0	0	25
107	assemblage-671-734	0	0	0	0	49	8	0	0	0	0	0	0	0	0	0	65	216	0	0	11	0	0	0	11	0	0	15	0	0	0	0	48	0	0	0	0	0	0	0	0	0	0	0	0	0	0	63	0	0	0	0	0	0	0	0	0	0	0	0	0	0	0	0	0	0	0	0	0	0	0	14

108	assemblage-389-507	0	0	0	0	315	0	0	0	0	0	0	0	0	0	0	0	15	0	0	0	0	0	0	0	0	0	0	0	0	0	0	4	0	0	0	86	0	0	23	3	0	0	0	0	0	0	0	0	0	0	0	0	0	0	0	0	0	26	0	0	0	0	0	0	0	0	0	0	0	0	28
108	assemblage-105-525	0	0	0	0	14	0	0	0	0	0	0	0	0	0	0	0	120	0	0	6	0	0	0	0	0	0	0	0	43	0	0	239	0	0	0	9	0	0	36	0	0	0	0	0	0	0	0	0	0	0	0	0	5	0	0	0	0	0	0	0	0	0	0	0	0	0	0	0	0	0	28
108	assemblage-397-507	0	0	0	0	14	0	0	0	0	0	0	0	0	0	0	0	99	0	0	7	0	0	6	0	0	0	0	0	43	0	0	256	0	0	0	7	0	0	42	0	0	0	0	0	0	0	0	0	0	0	0	0	3	0	0	0	0	0	0	0	0	0	0	0	0	0	0	0	0	0	23

109	assemblage-389-507	0	0	0	0	315	0	0	0	0	0	0	0	0	0	0	0	15	0	0	0	0	0	0	0	0	0	0	0	0	0	0	4	0	0	0	86	0	0	23	3	0	0	0	0	0	0	0	0	0	0	0	0	0	0	0	0	0	26	0	0	0	0	0	0	0	0	0	0	0	0	28
109	assemblage-105-525	0	0	0	0	14	0	0	0	0	0	0	0	0	0	0	0	120	0	0	6	0	0	0	0	0	0	0	0	43	0	0	239	0	0	0	9	0	0	36	0	0	0	0	0	0	0	0	0	0	0	0	0	5	0	0	0	0	0	0	0	0	0	0	0	0	0	0	0	0	0	28
109	assemblage-386-638	0	0	0	0	6	0	0	0	0	0	0	0	23	0	0	0	200	0	0	0	0	29	0	0	0	0	0	0	129	12	29	0	0	0	0	0	0	0	31	0	0	0	0	0	0	0	0	0	0	0	0	0	0	0	0	0	0	0	0	0	11	0	0	0	0	0	0	0	0	0	30

110	assemblage-389-507	0	0	0	0	315	0	0	0	0	0	0	0	0	0	0	0	15	0	0	0	0	0	0	0	0	0	0	0	0	0	0	4	0	0	0	86	0	0	23	3	0	0	0	0	0	0	0	0	0	0	0	0	0	0	0	0	0	26	0	0	0	0	0	0	0	0	0	0	0	0	28
110	assemblage-105-525	0	0	0	0	14	0	0	0	0	0	0	0	0	0	0	0	120	0	0	6	0	0	0	0	0	0	0	0	43	0	0	239	0	0	0	9	0	0	36	0	0	0	0	0	0	0	0	0	0	0	0	0	5	0	0	0	0	0	0	0	0	0	0	0	0	0	0	0	0	0	28
110	assemblage-564-211	0	11	0	0	0	0	0	0	0	0	0	0	84	0	0	12	14	0	0	0	0	77	0	0	0	0	45	0	0	0	0	0	0	0	0	0	0	0	230	0	0	0	0	0	0	0	0	0	0	0	0	0	0	0	0	0	0	0	0	0	0	0	0	0	0	0	0	0	0	0	27

111	assemblage-462-472	0	0	0	0	11	0	33	0	0	0	0	38	0	0	0	0	8	0	0	0	13	0	0	0	0	0	0	103	0	0	0	90	0	0	11	89	0	0	80	5	0	0	0	0	6	0	0	0	0	0	0	0	0	0	0	0	0	0	0	0	0	0	0	0	0	0	0	0	0	0	13
111	assemblage-252-585	0	0	0	0	65	0	0	0	0	0	0	0	0	0	0	0	0	0	0	0	0	0	0	0	0	0	0	0	0	0	0	0	0	22	0	222	0	0	169	0	8	0	0	0	0	0	0	0	0	0	0	0	0	0	0	0	0	0	0	0	0	0	0	0	5	0	0	0	0	0	9
111	assemblage-239-581	0	0	0	0	70	0	0	0	0	0	0	0	0	0	0	0	0	0	0	0	0	0	0	0	0	0	0	0	0	0	0	0	0	23	0	236	0	0	147	0	12	0	0	0	0	0	0	0	0	0	0	0	0	0	0	0	0	0	0	0	0	0	0	0	5	0	0	0	0	0	7

112	assemblage-462-472	0	0	0	0	11	0	33	0	0	0	0	38	0	0	0	0	8	0	0	0	13	0	0	0	0	0	0	103	0	0	0	90	0	0	11	89	0	0	80	5	0	0	0	0	6	0	0	0	0	0	0	0	0	0	0	0	0	0	0	0	0	0	0	0	0	0	0	0	0	0	13
112	assemblage-393-512	0	0	0	0	179	0	0	0	0	0	0	26	0	0	0	0	83	0	0	20	0	0	0	0	0	0	0	0	0	0	0	57	0	0	0	9	0	0	96	0	0	0	0	0	0	0	0	0	0	0	5	0	0	0	0	0	0	0	0	0	0	0	0	0	0	0	0	0	0	0	25
112	assemblage-835-586	0	0	0	0	94	0	0	0	0	0	0	0	0	0	0	0	110	0	0	0	0	0	0	0	0	0	0	0	164	0	0	13	0	0	0	0	0	0	8	0	0	0	0	0	0	0	0	0	48	0	0	0	0	10	0	0	0	0	0	0	0	34	0	0	0	0	0	0	0	0	19

113	assemblage-462-472	0	0	0	0	11	0	33	0	0	0	0	38	0	0	0	0	8	0	0	0	13	0	0	0	0	0	0	103	0	0	0	90	0	0	11	89	0	0	80	5	0	0	0	0	6	0	0	0	0	0	0	0	0	0	0	0	0	0	0	0	0	0	0	0	0	0	0	0	0	0	13
113	assemblage-393-512	0	0	0	0	179	0	0	0	0	0	0	26	0	0	0	0	83	0	0	20	0	0	0	0	0	0	0	0	0	0	0	57	0	0	0	9	0	0	96	0	0	0	0	0	0	0	0	0	0	0	5	0	0	0	0	0	0	0	0	0	0	0	0	0	0	0	0	0	0	0	25
113	assemblage-671-734	0	0	0	0	49	8	0	0	0	0	0	0	0	0	0	65	216	0	0	11	0	0	0	11	0	0	15	0	0	0	0	48	0	0	0	0	0	0	0	0	0	0	0	0	0	0	63	0	0	0	0	0	0	0	0	0	0	0	0	0	0	0	0	0	0	0	0	0	0	0	14

114	assemblage-462-472	0	0	0	0	11	0	33	0	0	0	0	38	0	0	0	0	8	0	0	0	13	0	0	0	0	0	0	103	0	0	0	90	0	0	11	89	0	0	80	5	0	0	0	0	6	0	0	0	0	0	0	0	0	0	0	0	0	0	0	0	0	0	0	0	0	0	0	0	0	0	13
114	assemblage-105-525	0	0	0	0	14	0	0	0	0	0	0	0	0	0	0	0	120	0	0	6	0	0	0	0	0	0	0	0	43	0	0	239	0	0	0	9	0	0	36	0	0	0	0	0	0	0	0	0	0	0	0	0	5	0	0	0	0	0	0	0	0	0	0	0	0	0	0	0	0	0	28
114	assemblage-386-638	0	0	0	0	6	0	0	0	0	0	0	0	23	0	0	0	200	0	0	0	0	29	0	0	0	0	0	0	129	12	29	0	0	0	0	0	0	0	31	0	0	0	0	0	0	0	0	0	0	0	0	0	0	0	0	0	0	0	0	0	11	0	0	0	0	0	0	0	0	0	30

115	assemblage-462-472	0	0	0	0	11	0	33	0	0	0	0	38	0	0	0	0	8	0	0	0	13	0	0	0	0	0	0	103	0	0	0	90	0	0	11	89	0	0	80	5	0	0	0	0	6	0	0	0	0	0	0	0	0	0	0	0	0	0	0	0	0	0	0	0	0	0	0	0	0	0	13
115	assemblage-105-525	0	0	0	0	14	0	0	0	0	0	0	0	0	0	0	0	120	0	0	6	0	0	0	0	0	0	0	0	43	0	0	239	0	0	0	9	0	0	36	0	0	0	0	0	0	0	0	0	0	0	0	0	5	0	0	0	0	0	0	0	0	0	0	0	0	0	0	0	0	0	28
115	assemblage-835-586	0	0	0	0	94	0	0	0	0	0	0	0	0	0	0	0	110	0	0	0	0	0	0	0	0	0	0	0	164	0	0	13	0	0	0	0	0	0	8	0	0	0	0	0	0	0	0	0	48	0	0	0	0	10	0	0	0	0	0	0	0	34	0	0	0	0	0	0	0	0	19

116	assemblage-462-472	0	0	0	0	11	0	33	0	0	0	0	38	0	0	0	0	8	0	0	0	13	0	0	0	0	0	0	103	0	0	0	90	0	0	11	89	0	0	80	5	0	0	0	0	6	0	0	0	0	0	0	0	0	0	0	0	0	0	0	0	0	0	0	0	0	0	0	0	0	0	13
116	assemblage-105-525	0	0	0	0	14	0	0	0	0	0	0	0	0	0	0	0	120	0	0	6	0	0	0	0	0	0	0	0	43	0	0	239	0	0	0	9	0	0	36	0	0	0	0	0	0	0	0	0	0	0	0	0	5	0	0	0	0	0	0	0	0	0	0	0	0	0	0	0	0	0	28
116	assemblage-671-734	0	0	0	0	49	8	0	0	0	0	0	0	0	0	0	65	216	0	0	11	0	0	0	11	0	0	15	0	0	0	0	48	0	0	0	0	0	0	0	0	0	0	0	0	0	0	63	0	0	0	0	0	0	0	0	0	0	0	0	0	0	0	0	0	0	0	0	0	0	0	14

117	assemblage-403-489	0	0	0	0	14	0	27	0	0	0	0	34	0	0	0	0	7	0	0	0	11	0	0	0	0	0	0	113	0	0	0	81	0	0	21	89	0	0	71	9	0	0	0	0	4	0	0	0	0	0	0	0	0	0	0	0	0	0	0	0	0	0	0	0	0	0	0	0	0	0	19
117	assemblage-252-585	0	0	0	0	65	0	0	0	0	0	0	0	0	0	0	0	0	0	0	0	0	0	0	0	0	0	0	0	0	0	0	0	0	22	0	222	0	0	169	0	8	0	0	0	0	0	0	0	0	0	0	0	0	0	0	0	0	0	0	0	0	0	0	0	5	0	0	0	0	0	9
117	assemblage-239-581	0	0	0	0	70	0	0	0	0	0	0	0	0	0	0	0	0	0	0	0	0	0	0	0	0	0	0	0	0	0	0	0	0	23	0	236	0	0	147	0	12	0	0	0	0	0	0	0	0	0	0	0	0	0	0	0	0	0	0	0	0	0	0	0	5	0	0	0	0	0	7

118	assemblage-403-489	0	0	0	0	14	0	27	0	0	0	0	34	0	0	0	0	7	0	0	0	11	0	0	0	0	0	0	113	0	0	0	81	0	0	21	89	0	0	71	9	0	0	0	0	4	0	0	0	0	0	0	0	0	0	0	0	0	0	0	0	0	0	0	0	0	0	0	0	0	0	19
118	assemblage-393-512	0	0	0	0	179	0	0	0	0	0	0	26	0	0	0	0	83	0	0	20	0	0	0	0	0	0	0	0	0	0	0	57	0	0	0	9	0	0	96	0	0	0	0	0	0	0	0	0	0	0	5	0	0	0	0	0	0	0	0	0	0	0	0	0	0	0	0	0	0	0	25
118	assemblage-835-586	0	0	0	0	94	0	0	0	0	0	0	0	0	0	0	0	110	0	0	0	0	0	0	0	0	0	0	0	164	0	0	13	0	0	0	0	0	0	8	0	0	0	0	0	0	0	0	0	48	0	0	0	0	10	0	0	0	0	0	0	0	34	0	0	0	0	0	0	0	0	19

119	assemblage-403-489	0	0	0	0	14	0	27	0	0	0	0	34	0	0	0	0	7	0	0	0	11	0	0	0	0	0	0	113	0	0	0	81	0	0	21	89	0	0	71	9	0	0	0	0	4	0	0	0	0	0	0	0	0	0	0	0	0	0	0	0	0	0	0	0	0	0	0	0	0	0	19
119	assemblage-393-512	0	0	0	0	179	0	0	0	0	0	0	26	0	0	0	0	83	0	0	20	0	0	0	0	0	0	0	0	0	0	0	57	0	0	0	9	0	0	96	0	0	0	0	0	0	0	0	0	0	0	5	0	0	0	0	0	0	0	0	0	0	0	0	0	0	0	0	0	0	0	25
119	assemblage-671-734	0	0	0	0	49	8	0	0	0	0	0	0	0	0	0	65	216	0	0	11	0	0	0	11	0	0	15	0	0	0	0	48	0	0	0	0	0	0	0	0	0	0	0	0	0	0	63	0	0	0	0	0	0	0	0	0	0	0	0	0	0	0	0	0	0	0	0	0	0	0	14

120	assemblage-403-489	0	0	0	0	14	0	27	0	0	0	0	34	0	0	0	0	7	0	0	0	11	0	0	0	0	0	0	113	0	0	0	81	0	0	21	89	0	0	71	9	0	0	0	0	4	0	0	0	0	0	0	0	0	0	0	0	0	0	0	0	0	0	0	0	0	0	0	0	0	0	19
120	assemblage-105-525	0	0	0	0	14	0	0	0	0	0	0	0	0	0	0	0	120	0	0	6	0	0	0	0	0	0	0	0	43	0	0	239	0	0	0	9	0	0	36	0	0	0	0	0	0	0	0	0	0	0	0	0	5	0	0	0	0	0	0	0	0	0	0	0	0	0	0	0	0	0	28
120	assemblage-386-638	0	0	0	0	6	0	0	0	0	0	0	0	23	0	0	0	200	0	0	0	0	29	0	0	0	0	0	0	129	12	29	0	0	0	0	0	0	0	31	0	0	0	0	0	0	0	0	0	0	0	0	0	0	0	0	0	0	0	0	0	11	0	0	0	0	0	0	0	0	0	30

121	assemblage-403-489	0	0	0	0	14	0	27	0	0	0	0	34	0	0	0	0	7	0	0	0	11	0	0	0	0	0	0	113	0	0	0	81	0	0	21	89	0	0	71	9	0	0	0	0	4	0	0	0	0	0	0	0	0	0	0	0	0	0	0	0	0	0	0	0	0	0	0	0	0	0	19
121	assemblage-105-525	0	0	0	0	14	0	0	0	0	0	0	0	0	0	0	0	120	0	0	6	0	0	0	0	0	0	0	0	43	0	0	239	0	0	0	9	0	0	36	0	0	0	0	0	0	0	0	0	0	0	0	0	5	0	0	0	0	0	0	0	0	0	0	0	0	0	0	0	0	0	28
121	assemblage-835-586	0	0	0	0	94	0	0	0	0	0	0	0	0	0	0	0	110	0	0	0	0	0	0	0	0	0	0	0	164	0	0	13	0	0	0	0	0	0	8	0	0	0	0	0	0	0	0	0	48	0	0	0	0	10	0	0	0	0	0	0	0	34	0	0	0	0	0	0	0	0	19

122	assemblage-403-489	0	0	0	0	14	0	27	0	0	0	0	34	0	0	0	0	7	0	0	0	11	0	0	0	0	0	0	113	0	0	0	81	0	0	21	89	0	0	71	9	0	0	0	0	4	0	0	0	0	0	0	0	0	0	0	0	0	0	0	0	0	0	0	0	0	0	0	0	0	0	19
122	assemblage-105-525	0	0	0	0	14	0	0	0	0	0	0	0	0	0	0	0	120	0	0	6	0	0	0	0	0	0	0	0	43	0	0	239	0	0	0	9	0	0	36	0	0	0	0	0	0	0	0	0	0	0	0	0	5	0	0	0	0	0	0	0	0	0	0	0	0	0	0	0	0	0	28
122	assemblage-671-734	0	0	0	0	49	8	0	0	0	0	0	0	0	0	0	65	216	0	0	11	0	0	0	11	0	0	15	0	0	0	0	48	0	0	0	0	0	0	0	0	0	0	0	0	0	0	63	0	0	0	0	0	0	0	0	0	0	0	0	0	0	0	0	0	0	0	0	0	0	0	14

123	assemblage-168-128	0	0	18	0	131	0	0	0	0	0	0	0	29	0	0	0	67	12	0	0	0	182	0	0	0	0	0	0	0	0	0	0	0	0	0	0	0	0	31	0	0	0	0	0	0	12	0	0	0	0	0	0	0	0	0	0	0	0	0	0	0	0	0	0	0	0	0	0	0	0	18
123	assemblage-397-507	0	0	0	0	14	0	0	0	0	0	0	0	0	0	0	0	99	0	0	7	0	0	6	0	0	0	0	0	43	0	0	256	0	0	0	7	0	0	42	0	0	0	0	0	0	0	0	0	0	0	0	0	3	0	0	0	0	0	0	0	0	0	0	0	0	0	0	0	0	0	23
123	assemblage-610-1007	0	0	0	0	0	0	218	0	0	0	0	0	0	0	0	0	0	0	0	0	0	0	0	0	0	0	0	143	0	0	0	0	0	0	54	0	0	0	0	57	0	0	0	0	0	0	0	0	0	0	0	0	0	0	0	0	0	0	0	6	0	0	0	0	0	0	9	0	0	0	13

124	assemblage-168-128	0	0	18	0	131	0	0	0	0	0	0	0	29	0	0	0	67	12	0	0	0	182	0	0	0	0	0	0	0	0	0	0	0	0	0	0	0	0	31	0	0	0	0	0	0	12	0	0	0	0	0	0	0	0	0	0	0	0	0	0	0	0	0	0	0	0	0	0	0	0	18
124	assemblage-386-638	0	0	0	0	6	0	0	0	0	0	0	0	23	0	0	0	200	0	0	0	0	29	0	0	0	0	0	0	129	12	29	0	0	0	0	0	0	0	31	0	0	0	0	0	0	0	0	0	0	0	0	0	0	0	0	0	0	0	0	0	11	0	0	0	0	0	0	0	0	0	30
124	assemblage-610-1007	0	0	0	0	0	0	218	0	0	0	0	0	0	0	0	0	0	0	0	0	0	0	0	0	0	0	0	143	0	0	0	0	0	0	54	0	0	0	0	57	0	0	0	0	0	0	0	0	0	0	0	0	0	0	0	0	0	0	0	6	0	0	0	0	0	0	9	0	0	0	13

125	assemblage-168-128	0	0	18	0	131	0	0	0	0	0	0	0	29	0	0	0	67	12	0	0	0	182	0	0	0	0	0	0	0	0	0	0	0	0	0	0	0	0	31	0	0	0	0	0	0	12	0	0	0	0	0	0	0	0	0	0	0	0	0	0	0	0	0	0	0	0	0	0	0	0	18
125	assemblage-668-723	0	0	0	0	17	0	0	0	0	0	0	0	139	0	0	0	68	0	0	0	0	0	0	0	0	0	34	0	0	0	0	26	0	0	0	16	31	0	5	0	0	0	0	0	0	0	0	0	0	0	0	0	0	122	0	0	0	0	0	0	28	0	0	0	0	0	0	0	0	0	14
125	assemblage-610-1007	0	0	0	0	0	0	218	0	0	0	0	0	0	0	0	0	0	0	0	0	0	0	0	0	0	0	0	143	0	0	0	0	0	0	54	0	0	0	0	57	0	0	0	0	0	0	0	0	0	0	0	0	0	0	0	0	0	0	0	6	0	0	0	0	0	0	9	0	0	0	13

126	assemblage-168-128	0	0	18	0	131	0	0	0	0	0	0	0	29	0	0	0	67	12	0	0	0	182	0	0	0	0	0	0	0	0	0	0	0	0	0	0	0	0	31	0	0	0	0	0	0	12	0	0	0	0	0	0	0	0	0	0	0	0	0	0	0	0	0	0	0	0	0	0	0	0	18
126	assemblage-357-802	7	0	0	0	0	0	0	0	0	0	0	0	0	0	0	0	23	0	0	0	0	0	28	0	0	0	0	0	0	0	0	9	0	0	0	239	0	0	54	0	0	0	0	0	0	0	0	0	0	0	36	0	18	64	0	0	0	0	0	0	0	0	0	0	0	0	0	0	0	0	22
126	assemblage-610-1007	0	0	0	0	0	0	218	0	0	0	0	0	0	0	0	0	0	0	0	0	0	0	0	0	0	0	0	143	0	0	0	0	0	0	54	0	0	0	0	57	0	0	0	0	0	0	0	0	0	0	0	0	0	0	0	0	0	0	0	6	0	0	0	0	0	0	9	0	0	0	13

127	assemblage-168-128	0	0	18	0	131	0	0	0	0	0	0	0	29	0	0	0	67	12	0	0	0	182	0	0	0	0	0	0	0	0	0	0	0	0	0	0	0	0	31	0	0	0	0	0	0	12	0	0	0	0	0	0	0	0	0	0	0	0	0	0	0	0	0	0	0	0	0	0	0	0	18
127	assemblage-835-586	0	0	0	0	94	0	0	0	0	0	0	0	0	0	0	0	110	0	0	0	0	0	0	0	0	0	0	0	164	0	0	13	0	0	0	0	0	0	8	0	0	0	0	0	0	0	0	0	48	0	0	0	0	10	0	0	0	0	0	0	0	34	0	0	0	0	0	0	0	0	19
127	assemblage-610-1007	0	0	0	0	0	0	218	0	0	0	0	0	0	0	0	0	0	0	0	0	0	0	0	0	0	0	0	143	0	0	0	0	0	0	54	0	0	0	0	57	0	0	0	0	0	0	0	0	0	0	0	0	0	0	0	0	0	0	0	6	0	0	0	0	0	0	9	0	0	0	13

128	assemblage-168-128	0	0	18	0	131	0	0	0	0	0	0	0	29	0	0	0	67	12	0	0	0	182	0	0	0	0	0	0	0	0	0	0	0	0	0	0	0	0	31	0	0	0	0	0	0	12	0	0	0	0	0	0	0	0	0	0	0	0	0	0	0	0	0	0	0	0	0	0	0	0	18
128	assemblage-671-734	0	0	0	0	49	8	0	0	0	0	0	0	0	0	0	65	216	0	0	11	0	0	0	11	0	0	15	0	0	0	0	48	0	0	0	0	0	0	0	0	0	0	0	0	0	0	63	0	0	0	0	0	0	0	0	0	0	0	0	0	0	0	0	0	0	0	0	0	0	0	14
128	assemblage-610-1007	0	0	0	0	0	0	218	0	0	0	0	0	0	0	0	0	0	0	0	0	0	0	0	0	0	0	0	143	0	0	0	0	0	0	54	0	0	0	0	57	0	0	0	0	0	0	0	0	0	0	0	0	0	0	0	0	0	0	0	6	0	0	0	0	0	0	9	0	0	0	13

129	assemblage-168-128	0	0	18	0	131	0	0	0	0	0	0	0	29	0	0	0	67	12	0	0	0	182	0	0	0	0	0	0	0	0	0	0	0	0	0	0	0	0	31	0	0	0	0	0	0	12	0	0	0	0	0	0	0	0	0	0	0	0	0	0	0	0	0	0	0	0	0	0	0	0	18
129	assemblage-564-211	0	11	0	0	0	0	0	0	0	0	0	0	84	0	0	12	14	0	0	0	0	77	0	0	0	0	45	0	0	0	0	0	0	0	0	0	0	0	230	0	0	0	0	0	0	0	0	0	0	0	0	0	0	0	0	0	0	0	0	0	0	0	0	0	0	0	0	0	0	0	27
129	assemblage-610-1007	0	0	0	0	0	0	218	0	0	0	0	0	0	0	0	0	0	0	0	0	0	0	0	0	0	0	0	143	0	0	0	0	0	0	54	0	0	0	0	57	0	0	0	0	0	0	0	0	0	0	0	0	0	0	0	0	0	0	0	6	0	0	0	0	0	0	9	0	0	0	13

130	assemblage-168-128	0	0	18	0	131	0	0	0	0	0	0	0	29	0	0	0	67	12	0	0	0	182	0	0	0	0	0	0	0	0	0	0	0	0	0	0	0	0	31	0	0	0	0	0	0	12	0	0	0	0	0	0	0	0	0	0	0	0	0	0	0	0	0	0	0	0	0	0	0	0	18
130	assemblage-393-512	0	0	0	0	179	0	0	0	0	0	0	26	0	0	0	0	83	0	0	20	0	0	0	0	0	0	0	0	0	0	0	57	0	0	0	9	0	0	96	0	0	0	0	0	0	0	0	0	0	0	5	0	0	0	0	0	0	0	0	0	0	0	0	0	0	0	0	0	0	0	25
130	assemblage-610-1007	0	0	0	0	0	0	218	0	0	0	0	0	0	0	0	0	0	0	0	0	0	0	0	0	0	0	0	143	0	0	0	0	0	0	54	0	0	0	0	57	0	0	0	0	0	0	0	0	0	0	0	0	0	0	0	0	0	0	0	6	0	0	0	0	0	0	9	0	0	0	13

131	assemblage-168-128	0	0	18	0	131	0	0	0	0	0	0	0	29	0	0	0	67	12	0	0	0	182	0	0	0	0	0	0	0	0	0	0	0	0	0	0	0	0	31	0	0	0	0	0	0	12	0	0	0	0	0	0	0	0	0	0	0	0	0	0	0	0	0	0	0	0	0	0	0	0	18
131	assemblage-393-512	0	0	0	0	179	0	0	0	0	0	0	26	0	0	0	0	83	0	0	20	0	0	0	0	0	0	0	0	0	0	0	57	0	0	0	9	0	0	96	0	0	0	0	0	0	0	0	0	0	0	5	0	0	0	0	0	0	0	0	0	0	0	0	0	0	0	0	0	0	0	25
131	assemblage-397-507	0	0	0	0	14	0	0	0	0	0	0	0	0	0	0	0	99	0	0	7	0	0	6	0	0	0	0	0	43	0	0	256	0	0	0	7	0	0	42	0	0	0	0	0	0	0	0	0	0	0	0	0	3	0	0	0	0	0	0	0	0	0	0	0	0	0	0	0	0	0	23

132	assemblage-168-128	0	0	18	0	131	0	0	0	0	0	0	0	29	0	0	0	67	12	0	0	0	182	0	0	0	0	0	0	0	0	0	0	0	0	0	0	0	0	31	0	0	0	0	0	0	12	0	0	0	0	0	0	0	0	0	0	0	0	0	0	0	0	0	0	0	0	0	0	0	0	18
132	assemblage-393-512	0	0	0	0	179	0	0	0	0	0	0	26	0	0	0	0	83	0	0	20	0	0	0	0	0	0	0	0	0	0	0	57	0	0	0	9	0	0	96	0	0	0	0	0	0	0	0	0	0	0	5	0	0	0	0	0	0	0	0	0	0	0	0	0	0	0	0	0	0	0	25
132	assemblage-357-802	7	0	0	0	0	0	0	0	0	0	0	0	0	0	0	0	23	0	0	0	0	0	28	0	0	0	0	0	0	0	0	9	0	0	0	239	0	0	54	0	0	0	0	0	0	0	0	0	0	0	36	0	18	64	0	0	0	0	0	0	0	0	0	0	0	0	0	0	0	0	22

133	assemblage-168-128	0	0	18	0	131	0	0	0	0	0	0	0	29	0	0	0	67	12	0	0	0	182	0	0	0	0	0	0	0	0	0	0	0	0	0	0	0	0	31	0	0	0	0	0	0	12	0	0	0	0	0	0	0	0	0	0	0	0	0	0	0	0	0	0	0	0	0	0	0	0	18
133	assemblage-393-512	0	0	0	0	179	0	0	0	0	0	0	26	0	0	0	0	83	0	0	20	0	0	0	0	0	0	0	0	0	0	0	57	0	0	0	9	0	0	96	0	0	0	0	0	0	0	0	0	0	0	5	0	0	0	0	0	0	0	0	0	0	0	0	0	0	0	0	0	0	0	25
133	assemblage-835-586	0	0	0	0	94	0	0	0	0	0	0	0	0	0	0	0	110	0	0	0	0	0	0	0	0	0	0	0	164	0	0	13	0	0	0	0	0	0	8	0	0	0	0	0	0	0	0	0	48	0	0	0	0	10	0	0	0	0	0	0	0	34	0	0	0	0	0	0	0	0	19

134	assemblage-168-128	0	0	18	0	131	0	0	0	0	0	0	0	29	0	0	0	67	12	0	0	0	182	0	0	0	0	0	0	0	0	0	0	0	0	0	0	0	0	31	0	0	0	0	0	0	12	0	0	0	0	0	0	0	0	0	0	0	0	0	0	0	0	0	0	0	0	0	0	0	0	18
134	assemblage-393-512	0	0	0	0	179	0	0	0	0	0	0	26	0	0	0	0	83	0	0	20	0	0	0	0	0	0	0	0	0	0	0	57	0	0	0	9	0	0	96	0	0	0	0	0	0	0	0	0	0	0	5	0	0	0	0	0	0	0	0	0	0	0	0	0	0	0	0	0	0	0	25
134	assemblage-239-581	0	0	0	0	70	0	0	0	0	0	0	0	0	0	0	0	0	0	0	0	0	0	0	0	0	0	0	0	0	0	0	0	0	23	0	236	0	0	147	0	12	0	0	0	0	0	0	0	0	0	0	0	0	0	0	0	0	0	0	0	0	0	0	0	5	0	0	0	0	0	7

135	assemblage-168-128	0	0	18	0	131	0	0	0	0	0	0	0	29	0	0	0	67	12	0	0	0	182	0	0	0	0	0	0	0	0	0	0	0	0	0	0	0	0	31	0	0	0	0	0	0	12	0	0	0	0	0	0	0	0	0	0	0	0	0	0	0	0	0	0	0	0	0	0	0	0	18
135	assemblage-393-512	0	0	0	0	179	0	0	0	0	0	0	26	0	0	0	0	83	0	0	20	0	0	0	0	0	0	0	0	0	0	0	57	0	0	0	9	0	0	96	0	0	0	0	0	0	0	0	0	0	0	5	0	0	0	0	0	0	0	0	0	0	0	0	0	0	0	0	0	0	0	25
135	assemblage-252-585	0	0	0	0	65	0	0	0	0	0	0	0	0	0	0	0	0	0	0	0	0	0	0	0	0	0	0	0	0	0	0	0	0	22	0	222	0	0	169	0	8	0	0	0	0	0	0	0	0	0	0	0	0	0	0	0	0	0	0	0	0	0	0	0	5	0	0	0	0	0	9

136	assemblage-168-128	0	0	18	0	131	0	0	0	0	0	0	0	29	0	0	0	67	12	0	0	0	182	0	0	0	0	0	0	0	0	0	0	0	0	0	0	0	0	31	0	0	0	0	0	0	12	0	0	0	0	0	0	0	0	0	0	0	0	0	0	0	0	0	0	0	0	0	0	0	0	18
136	assemblage-393-512	0	0	0	0	179	0	0	0	0	0	0	26	0	0	0	0	83	0	0	20	0	0	0	0	0	0	0	0	0	0	0	57	0	0	0	9	0	0	96	0	0	0	0	0	0	0	0	0	0	0	5	0	0	0	0	0	0	0	0	0	0	0	0	0	0	0	0	0	0	0	25
136	assemblage-671-734	0	0	0	0	49	8	0	0	0	0	0	0	0	0	0	65	216	0	0	11	0	0	0	11	0	0	15	0	0	0	0	48	0	0	0	0	0	0	0	0	0	0	0	0	0	0	63	0	0	0	0	0	0	0	0	0	0	0	0	0	0	0	0	0	0	0	0	0	0	0	14

137	assemblage-168-128	0	0	18	0	131	0	0	0	0	0	0	0	29	0	0	0	67	12	0	0	0	182	0	0	0	0	0	0	0	0	0	0	0	0	0	0	0	0	31	0	0	0	0	0	0	12	0	0	0	0	0	0	0	0	0	0	0	0	0	0	0	0	0	0	0	0	0	0	0	0	18
137	assemblage-538-369	0	0	0	0	0	0	0	0	0	0	0	0	0	0	0	0	54	0	0	0	0	0	0	0	0	2	0	0	0	0	0	163	0	0	0	136	0	0	0	0	0	0	0	0	0	0	0	0	0	0	0	0	0	75	0	0	0	34	0	0	0	0	0	0	0	0	0	0	0	8	28
137	assemblage-610-1007	0	0	0	0	0	0	218	0	0	0	0	0	0	0	0	0	0	0	0	0	0	0	0	0	0	0	0	143	0	0	0	0	0	0	54	0	0	0	0	57	0	0	0	0	0	0	0	0	0	0	0	0	0	0	0	0	0	0	0	6	0	0	0	0	0	0	9	0	0	0	13

138	assemblage-168-128	0	0	18	0	131	0	0	0	0	0	0	0	29	0	0	0	67	12	0	0	0	182	0	0	0	0	0	0	0	0	0	0	0	0	0	0	0	0	31	0	0	0	0	0	0	12	0	0	0	0	0	0	0	0	0	0	0	0	0	0	0	0	0	0	0	0	0	0	0	0	18
138	assemblage-105-525	0	0	0	0	14	0	0	0	0	0	0	0	0	0	0	0	120	0	0	6	0	0	0	0	0	0	0	0	43	0	0	239	0	0	0	9	0	0	36	0	0	0	0	0	0	0	0	0	0	0	0	0	5	0	0	0	0	0	0	0	0	0	0	0	0	0	0	0	0	0	28
138	assemblage-610-1007	0	0	0	0	0	0	218	0	0	0	0	0	0	0	0	0	0	0	0	0	0	0	0	0	0	0	0	143	0	0	0	0	0	0	54	0	0	0	0	57	0	0	0	0	0	0	0	0	0	0	0	0	0	0	0	0	0	0	0	6	0	0	0	0	0	0	9	0	0	0	13

139	assemblage-168-128	0	0	18	0	131	0	0	0	0	0	0	0	29	0	0	0	67	12	0	0	0	182	0	0	0	0	0	0	0	0	0	0	0	0	0	0	0	0	31	0	0	0	0	0	0	12	0	0	0	0	0	0	0	0	0	0	0	0	0	0	0	0	0	0	0	0	0	0	0	0	18
139	assemblage-105-525	0	0	0	0	14	0	0	0	0	0	0	0	0	0	0	0	120	0	0	6	0	0	0	0	0	0	0	0	43	0	0	239	0	0	0	9	0	0	36	0	0	0	0	0	0	0	0	0	0	0	0	0	5	0	0	0	0	0	0	0	0	0	0	0	0	0	0	0	0	0	28
139	assemblage-397-507	0	0	0	0	14	0	0	0	0	0	0	0	0	0	0	0	99	0	0	7	0	0	6	0	0	0	0	0	43	0	0	256	0	0	0	7	0	0	42	0	0	0	0	0	0	0	0	0	0	0	0	0	3	0	0	0	0	0	0	0	0	0	0	0	0	0	0	0	0	0	23

140	assemblage-168-128	0	0	18	0	131	0	0	0	0	0	0	0	29	0	0	0	67	12	0	0	0	182	0	0	0	0	0	0	0	0	0	0	0	0	0	0	0	0	31	0	0	0	0	0	0	12	0	0	0	0	0	0	0	0	0	0	0	0	0	0	0	0	0	0	0	0	0	0	0	0	18
140	assemblage-105-525	0	0	0	0	14	0	0	0	0	0	0	0	0	0	0	0	120	0	0	6	0	0	0	0	0	0	0	0	43	0	0	239	0	0	0	9	0	0	36	0	0	0	0	0	0	0	0	0	0	0	0	0	5	0	0	0	0	0	0	0	0	0	0	0	0	0	0	0	0	0	28
140	assemblage-357-802	7	0	0	0	0	0	0	0	0	0	0	0	0	0	0	0	23	0	0	0	0	0	28	0	0	0	0	0	0	0	0	9	0	0	0	239	0	0	54	0	0	0	0	0	0	0	0	0	0	0	36	0	18	64	0	0	0	0	0	0	0	0	0	0	0	0	0	0	0	0	22

141	assemblage-168-128	0	0	18	0	131	0	0	0	0	0	0	0	29	0	0	0	67	12	0	0	0	182	0	0	0	0	0	0	0	0	0	0	0	0	0	0	0	0	31	0	0	0	0	0	0	12	0	0	0	0	0	0	0	0	0	0	0	0	0	0	0	0	0	0	0	0	0	0	0	0	18
141	assemblage-105-525	0	0	0	0	14	0	0	0	0	0	0	0	0	0	0	0	120	0	0	6	0	0	0	0	0	0	0	0	43	0	0	239	0	0	0	9	0	0	36	0	0	0	0	0	0	0	0	0	0	0	0	0	5	0	0	0	0	0	0	0	0	0	0	0	0	0	0	0	0	0	28
141	assemblage-538-369	0	0	0	0	0	0	0	0	0	0	0	0	0	0	0	0	54	0	0	0	0	0	0	0	0	2	0	0	0	0	0	163	0	0	0	136	0	0	0	0	0	0	0	0	0	0	0	0	0	0	0	0	0	75	0	0	0	34	0	0	0	0	0	0	0	0	0	0	0	8	28

142	assemblage-168-128	0	0	18	0	131	0	0	0	0	0	0	0	29	0	0	0	67	12	0	0	0	182	0	0	0	0	0	0	0	0	0	0	0	0	0	0	0	0	31	0	0	0	0	0	0	12	0	0	0	0	0	0	0	0	0	0	0	0	0	0	0	0	0	0	0	0	0	0	0	0	18
142	assemblage-820-776	0	0	0	0	0	0	0	0	0	20	0	0	0	0	0	0	0	0	0	0	0	0	0	0	0	0	0	0	0	0	0	363	0	0	0	0	0	0	0	0	0	0	0	0	0	0	0	8	0	0	0	0	0	0	0	0	0	0	0	0	0	0	63	13	0	12	0	0	0	0	21
142	assemblage-610-1007	0	0	0	0	0	0	218	0	0	0	0	0	0	0	0	0	0	0	0	0	0	0	0	0	0	0	0	143	0	0	0	0	0	0	54	0	0	0	0	57	0	0	0	0	0	0	0	0	0	0	0	0	0	0	0	0	0	0	0	6	0	0	0	0	0	0	9	0	0	0	13

143	assemblage-168-128	0	0	18	0	131	0	0	0	0	0	0	0	29	0	0	0	67	12	0	0	0	182	0	0	0	0	0	0	0	0	0	0	0	0	0	0	0	0	31	0	0	0	0	0	0	12	0	0	0	0	0	0	0	0	0	0	0	0	0	0	0	0	0	0	0	0	0	0	0	0	18
143	assemblage-389-507	0	0	0	0	315	0	0	0	0	0	0	0	0	0	0	0	15	0	0	0	0	0	0	0	0	0	0	0	0	0	0	4	0	0	0	86	0	0	23	3	0	0	0	0	0	0	0	0	0	0	0	0	0	0	0	0	0	26	0	0	0	0	0	0	0	0	0	0	0	0	28
143	assemblage-610-1007	0	0	0	0	0	0	218	0	0	0	0	0	0	0	0	0	0	0	0	0	0	0	0	0	0	0	0	143	0	0	0	0	0	0	54	0	0	0	0	57	0	0	0	0	0	0	0	0	0	0	0	0	0	0	0	0	0	0	0	6	0	0	0	0	0	0	9	0	0	0	13

144	assemblage-168-128	0	0	18	0	131	0	0	0	0	0	0	0	29	0	0	0	67	12	0	0	0	182	0	0	0	0	0	0	0	0	0	0	0	0	0	0	0	0	31	0	0	0	0	0	0	12	0	0	0	0	0	0	0	0	0	0	0	0	0	0	0	0	0	0	0	0	0	0	0	0	18
144	assemblage-389-507	0	0	0	0	315	0	0	0	0	0	0	0	0	0	0	0	15	0	0	0	0	0	0	0	0	0	0	0	0	0	0	4	0	0	0	86	0	0	23	3	0	0	0	0	0	0	0	0	0	0	0	0	0	0	0	0	0	26	0	0	0	0	0	0	0	0	0	0	0	0	28
144	assemblage-820-776	0	0	0	0	0	0	0	0	0	20	0	0	0	0	0	0	0	0	0	0	0	0	0	0	0	0	0	0	0	0	0	363	0	0	0	0	0	0	0	0	0	0	0	0	0	0	0	8	0	0	0	0	0	0	0	0	0	0	0	0	0	0	63	13	0	12	0	0	0	0	21

145	assemblage-168-128	0	0	18	0	131	0	0	0	0	0	0	0	29	0	0	0	67	12	0	0	0	182	0	0	0	0	0	0	0	0	0	0	0	0	0	0	0	0	31	0	0	0	0	0	0	12	0	0	0	0	0	0	0	0	0	0	0	0	0	0	0	0	0	0	0	0	0	0	0	0	18
145	assemblage-462-472	0	0	0	0	11	0	33	0	0	0	0	38	0	0	0	0	8	0	0	0	13	0	0	0	0	0	0	103	0	0	0	90	0	0	11	89	0	0	80	5	0	0	0	0	6	0	0	0	0	0	0	0	0	0	0	0	0	0	0	0	0	0	0	0	0	0	0	0	0	0	13
145	assemblage-610-1007	0	0	0	0	0	0	218	0	0	0	0	0	0	0	0	0	0	0	0	0	0	0	0	0	0	0	0	143	0	0	0	0	0	0	54	0	0	0	0	57	0	0	0	0	0	0	0	0	0	0	0	0	0	0	0	0	0	0	0	6	0	0	0	0	0	0	9	0	0	0	13

146	assemblage-168-128	0	0	18	0	131	0	0	0	0	0	0	0	29	0	0	0	67	12	0	0	0	182	0	0	0	0	0	0	0	0	0	0	0	0	0	0	0	0	31	0	0	0	0	0	0	12	0	0	0	0	0	0	0	0	0	0	0	0	0	0	0	0	0	0	0	0	0	0	0	0	18
146	assemblage-403-489	0	0	0	0	14	0	27	0	0	0	0	34	0	0	0	0	7	0	0	0	11	0	0	0	0	0	0	113	0	0	0	81	0	0	21	89	0	0	71	9	0	0	0	0	4	0	0	0	0	0	0	0	0	0	0	0	0	0	0	0	0	0	0	0	0	0	0	0	0	0	19
146	assemblage-610-1007	0	0	0	0	0	0	218	0	0	0	0	0	0	0	0	0	0	0	0	0	0	0	0	0	0	0	0	143	0	0	0	0	0	0	54	0	0	0	0	57	0	0	0	0	0	0	0	0	0	0	0	0	0	0	0	0	0	0	0	6	0	0	0	0	0	0	9	0	0	0	13

147	assemblage-168-128	0	0	18	0	131	0	0	0	0	0	0	0	29	0	0	0	67	12	0	0	0	182	0	0	0	0	0	0	0	0	0	0	0	0	0	0	0	0	31	0	0	0	0	0	0	12	0	0	0	0	0	0	0	0	0	0	0	0	0	0	0	0	0	0	0	0	0	0	0	0	18
147	assemblage-403-489	0	0	0	0	14	0	27	0	0	0	0	34	0	0	0	0	7	0	0	0	11	0	0	0	0	0	0	113	0	0	0	81	0	0	21	89	0	0	71	9	0	0	0	0	4	0	0	0	0	0	0	0	0	0	0	0	0	0	0	0	0	0	0	0	0	0	0	0	0	0	19
147	assemblage-820-776	0	0	0	0	0	0	0	0	0	20	0	0	0	0	0	0	0	0	0	0	0	0	0	0	0	0	0	0	0	0	0	363	0	0	0	0	0	0	0	0	0	0	0	0	0	0	0	8	0	0	0	0	0	0	0	0	0	0	0	0	0	0	63	13	0	12	0	0	0	0	21

148	assemblage-337-810	0	0	0	0	5	0	0	0	0	0	0	0	0	0	0	0	122	0	0	8	0	0	0	0	0	0	0	0	54	0	0	212	0	0	0	12	0	0	50	0	0	0	0	0	0	0	0	0	0	0	0	0	9	0	0	0	0	0	0	0	0	0	0	0	0	0	0	0	0	0	28
148	assemblage-397-507	0	0	0	0	14	0	0	0	0	0	0	0	0	0	0	0	99	0	0	7	0	0	6	0	0	0	0	0	43	0	0	256	0	0	0	7	0	0	42	0	0	0	0	0	0	0	0	0	0	0	0	0	3	0	0	0	0	0	0	0	0	0	0	0	0	0	0	0	0	0	23
148	assemblage-610-1007	0	0	0	0	0	0	218	0	0	0	0	0	0	0	0	0	0	0	0	0	0	0	0	0	0	0	0	143	0	0	0	0	0	0	54	0	0	0	0	57	0	0	0	0	0	0	0	0	0	0	0	0	0	0	0	0	0	0	0	6	0	0	0	0	0	0	9	0	0	0	13

149	assemblage-337-810	0	0	0	0	5	0	0	0	0	0	0	0	0	0	0	0	122	0	0	8	0	0	0	0	0	0	0	0	54	0	0	212	0	0	0	12	0	0	50	0	0	0	0	0	0	0	0	0	0	0	0	0	9	0	0	0	0	0	0	0	0	0	0	0	0	0	0	0	0	0	28
149	assemblage-386-638	0	0	0	0	6	0	0	0	0	0	0	0	23	0	0	0	200	0	0	0	0	29	0	0	0	0	0	0	129	12	29	0	0	0	0	0	0	0	31	0	0	0	0	0	0	0	0	0	0	0	0	0	0	0	0	0	0	0	0	0	11	0	0	0	0	0	0	0	0	0	30
149	assemblage-610-1007	0	0	0	0	0	0	218	0	0	0	0	0	0	0	0	0	0	0	0	0	0	0	0	0	0	0	0	143	0	0	0	0	0	0	54	0	0	0	0	57	0	0	0	0	0	0	0	0	0	0	0	0	0	0	0	0	0	0	0	6	0	0	0	0	0	0	9	0	0	0	13

150	assemblage-337-810	0	0	0	0	5	0	0	0	0	0	0	0	0	0	0	0	122	0	0	8	0	0	0	0	0	0	0	0	54	0	0	212	0	0	0	12	0	0	50	0	0	0	0	0	0	0	0	0	0	0	0	0	9	0	0	0	0	0	0	0	0	0	0	0	0	0	0	0	0	0	28
150	assemblage-668-723	0	0	0	0	17	0	0	0	0	0	0	0	139	0	0	0	68	0	0	0	0	0	0	0	0	0	34	0	0	0	0	26	0	0	0	16	31	0	5	0	0	0	0	0	0	0	0	0	0	0	0	0	0	122	0	0	0	0	0	0	28	0	0	0	0	0	0	0	0	0	14
150	assemblage-610-1007	0	0	0	0	0	0	218	0	0	0	0	0	0	0	0	0	0	0	0	0	0	0	0	0	0	0	0	143	0	0	0	0	0	0	54	0	0	0	0	57	0	0	0	0	0	0	0	0	0	0	0	0	0	0	0	0	0	0	0	6	0	0	0	0	0	0	9	0	0	0	13

151	assemblage-337-810	0	0	0	0	5	0	0	0	0	0	0	0	0	0	0	0	122	0	0	8	0	0	0	0	0	0	0	0	54	0	0	212	0	0	0	12	0	0	50	0	0	0	0	0	0	0	0	0	0	0	0	0	9	0	0	0	0	0	0	0	0	0	0	0	0	0	0	0	0	0	28
151	assemblage-357-802	7	0	0	0	0	0	0	0	0	0	0	0	0	0	0	0	23	0	0	0	0	0	28	0	0	0	0	0	0	0	0	9	0	0	0	239	0	0	54	0	0	0	0	0	0	0	0	0	0	0	36	0	18	64	0	0	0	0	0	0	0	0	0	0	0	0	0	0	0	0	22
151	assemblage-610-1007	0	0	0	0	0	0	218	0	0	0	0	0	0	0	0	0	0	0	0	0	0	0	0	0	0	0	0	143	0	0	0	0	0	0	54	0	0	0	0	57	0	0	0	0	0	0	0	0	0	0	0	0	0	0	0	0	0	0	0	6	0	0	0	0	0	0	9	0	0	0	13

152	assemblage-337-810	0	0	0	0	5	0	0	0	0	0	0	0	0	0	0	0	122	0	0	8	0	0	0	0	0	0	0	0	54	0	0	212	0	0	0	12	0	0	50	0	0	0	0	0	0	0	0	0	0	0	0	0	9	0	0	0	0	0	0	0	0	0	0	0	0	0	0	0	0	0	28
152	assemblage-835-586	0	0	0	0	94	0	0	0	0	0	0	0	0	0	0	0	110	0	0	0	0	0	0	0	0	0	0	0	164	0	0	13	0	0	0	0	0	0	8	0	0	0	0	0	0	0	0	0	48	0	0	0	0	10	0	0	0	0	0	0	0	34	0	0	0	0	0	0	0	0	19
152	assemblage-610-1007	0	0	0	0	0	0	218	0	0	0	0	0	0	0	0	0	0	0	0	0	0	0	0	0	0	0	0	143	0	0	0	0	0	0	54	0	0	0	0	57	0	0	0	0	0	0	0	0	0	0	0	0	0	0	0	0	0	0	0	6	0	0	0	0	0	0	9	0	0	0	13

153	assemblage-337-810	0	0	0	0	5	0	0	0	0	0	0	0	0	0	0	0	122	0	0	8	0	0	0	0	0	0	0	0	54	0	0	212	0	0	0	12	0	0	50	0	0	0	0	0	0	0	0	0	0	0	0	0	9	0	0	0	0	0	0	0	0	0	0	0	0	0	0	0	0	0	28
153	assemblage-252-585	0	0	0	0	65	0	0	0	0	0	0	0	0	0	0	0	0	0	0	0	0	0	0	0	0	0	0	0	0	0	0	0	0	22	0	222	0	0	169	0	8	0	0	0	0	0	0	0	0	0	0	0	0	0	0	0	0	0	0	0	0	0	0	0	5	0	0	0	0	0	9
153	assemblage-239-581	0	0	0	0	70	0	0	0	0	0	0	0	0	0	0	0	0	0	0	0	0	0	0	0	0	0	0	0	0	0	0	0	0	23	0	236	0	0	147	0	12	0	0	0	0	0	0	0	0	0	0	0	0	0	0	0	0	0	0	0	0	0	0	0	5	0	0	0	0	0	7

154	assemblage-337-810	0	0	0	0	5	0	0	0	0	0	0	0	0	0	0	0	122	0	0	8	0	0	0	0	0	0	0	0	54	0	0	212	0	0	0	12	0	0	50	0	0	0	0	0	0	0	0	0	0	0	0	0	9	0	0	0	0	0	0	0	0	0	0	0	0	0	0	0	0	0	28
154	assemblage-671-734	0	0	0	0	49	8	0	0	0	0	0	0	0	0	0	65	216	0	0	11	0	0	0	11	0	0	15	0	0	0	0	48	0	0	0	0	0	0	0	0	0	0	0	0	0	0	63	0	0	0	0	0	0	0	0	0	0	0	0	0	0	0	0	0	0	0	0	0	0	0	14
154	assemblage-610-1007	0	0	0	0	0	0	218	0	0	0	0	0	0	0	0	0	0	0	0	0	0	0	0	0	0	0	0	143	0	0	0	0	0	0	54	0	0	0	0	57	0	0	0	0	0	0	0	0	0	0	0	0	0	0	0	0	0	0	0	6	0	0	0	0	0	0	9	0	0	0	13

155	assemblage-337-810	0	0	0	0	5	0	0	0	0	0	0	0	0	0	0	0	122	0	0	8	0	0	0	0	0	0	0	0	54	0	0	212	0	0	0	12	0	0	50	0	0	0	0	0	0	0	0	0	0	0	0	0	9	0	0	0	0	0	0	0	0	0	0	0	0	0	0	0	0	0	28
155	assemblage-564-211	0	11	0	0	0	0	0	0	0	0	0	0	84	0	0	12	14	0	0	0	0	77	0	0	0	0	45	0	0	0	0	0	0	0	0	0	0	0	230	0	0	0	0	0	0	0	0	0	0	0	0	0	0	0	0	0	0	0	0	0	0	0	0	0	0	0	0	0	0	0	27
155	assemblage-610-1007	0	0	0	0	0	0	218	0	0	0	0	0	0	0	0	0	0	0	0	0	0	0	0	0	0	0	0	143	0	0	0	0	0	0	54	0	0	0	0	57	0	0	0	0	0	0	0	0	0	0	0	0	0	0	0	0	0	0	0	6	0	0	0	0	0	0	9	0	0	0	13

156	assemblage-337-810	0	0	0	0	5	0	0	0	0	0	0	0	0	0	0	0	122	0	0	8	0	0	0	0	0	0	0	0	54	0	0	212	0	0	0	12	0	0	50	0	0	0	0	0	0	0	0	0	0	0	0	0	9	0	0	0	0	0	0	0	0	0	0	0	0	0	0	0	0	0	28
156	assemblage-393-512	0	0	0	0	179	0	0	0	0	0	0	26	0	0	0	0	83	0	0	20	0	0	0	0	0	0	0	0	0	0	0	57	0	0	0	9	0	0	96	0	0	0	0	0	0	0	0	0	0	0	5	0	0	0	0	0	0	0	0	0	0	0	0	0	0	0	0	0	0	0	25
156	assemblage-610-1007	0	0	0	0	0	0	218	0	0	0	0	0	0	0	0	0	0	0	0	0	0	0	0	0	0	0	0	143	0	0	0	0	0	0	54	0	0	0	0	57	0	0	0	0	0	0	0	0	0	0	0	0	0	0	0	0	0	0	0	6	0	0	0	0	0	0	9	0	0	0	13

157	assemblage-337-810	0	0	0	0	5	0	0	0	0	0	0	0	0	0	0	0	122	0	0	8	0	0	0	0	0	0	0	0	54	0	0	212	0	0	0	12	0	0	50	0	0	0	0	0	0	0	0	0	0	0	0	0	9	0	0	0	0	0	0	0	0	0	0	0	0	0	0	0	0	0	28
157	assemblage-538-369	0	0	0	0	0	0	0	0	0	0	0	0	0	0	0	0	54	0	0	0	0	0	0	0	0	2	0	0	0	0	0	163	0	0	0	136	0	0	0	0	0	0	0	0	0	0	0	0	0	0	0	0	0	75	0	0	0	34	0	0	0	0	0	0	0	0	0	0	0	8	28
157	assemblage-610-1007	0	0	0	0	0	0	218	0	0	0	0	0	0	0	0	0	0	0	0	0	0	0	0	0	0	0	0	143	0	0	0	0	0	0	54	0	0	0	0	57	0	0	0	0	0	0	0	0	0	0	0	0	0	0	0	0	0	0	0	6	0	0	0	0	0	0	9	0	0	0	13

158	assemblage-337-810	0	0	0	0	5	0	0	0	0	0	0	0	0	0	0	0	122	0	0	8	0	0	0	0	0	0	0	0	54	0	0	212	0	0	0	12	0	0	50	0	0	0	0	0	0	0	0	0	0	0	0	0	9	0	0	0	0	0	0	0	0	0	0	0	0	0	0	0	0	0	28
158	assemblage-105-525	0	0	0	0	14	0	0	0	0	0	0	0	0	0	0	0	120	0	0	6	0	0	0	0	0	0	0	0	43	0	0	239	0	0	0	9	0	0	36	0	0	0	0	0	0	0	0	0	0	0	0	0	5	0	0	0	0	0	0	0	0	0	0	0	0	0	0	0	0	0	28
158	assemblage-610-1007	0	0	0	0	0	0	218	0	0	0	0	0	0	0	0	0	0	0	0	0	0	0	0	0	0	0	0	143	0	0	0	0	0	0	54	0	0	0	0	57	0	0	0	0	0	0	0	0	0	0	0	0	0	0	0	0	0	0	0	6	0	0	0	0	0	0	9	0	0	0	13

159	assemblage-337-810	0	0	0	0	5	0	0	0	0	0	0	0	0	0	0	0	122	0	0	8	0	0	0	0	0	0	0	0	54	0	0	212	0	0	0	12	0	0	50	0	0	0	0	0	0	0	0	0	0	0	0	0	9	0	0	0	0	0	0	0	0	0	0	0	0	0	0	0	0	0	28
159	assemblage-820-776	0	0	0	0	0	0	0	0	0	20	0	0	0	0	0	0	0	0	0	0	0	0	0	0	0	0	0	0	0	0	0	363	0	0	0	0	0	0	0	0	0	0	0	0	0	0	0	8	0	0	0	0	0	0	0	0	0	0	0	0	0	0	63	13	0	12	0	0	0	0	21
159	assemblage-610-1007	0	0	0	0	0	0	218	0	0	0	0	0	0	0	0	0	0	0	0	0	0	0	0	0	0	0	0	143	0	0	0	0	0	0	54	0	0	0	0	57	0	0	0	0	0	0	0	0	0	0	0	0	0	0	0	0	0	0	0	6	0	0	0	0	0	0	9	0	0	0	13

160	assemblage-337-810	0	0	0	0	5	0	0	0	0	0	0	0	0	0	0	0	122	0	0	8	0	0	0	0	0	0	0	0	54	0	0	212	0	0	0	12	0	0	50	0	0	0	0	0	0	0	0	0	0	0	0	0	9	0	0	0	0	0	0	0	0	0	0	0	0	0	0	0	0	0	28
160	assemblage-389-507	0	0	0	0	315	0	0	0	0	0	0	0	0	0	0	0	15	0	0	0	0	0	0	0	0	0	0	0	0	0	0	4	0	0	0	86	0	0	23	3	0	0	0	0	0	0	0	0	0	0	0	0	0	0	0	0	0	26	0	0	0	0	0	0	0	0	0	0	0	0	28
160	assemblage-610-1007	0	0	0	0	0	0	218	0	0	0	0	0	0	0	0	0	0	0	0	0	0	0	0	0	0	0	0	143	0	0	0	0	0	0	54	0	0	0	0	57	0	0	0	0	0	0	0	0	0	0	0	0	0	0	0	0	0	0	0	6	0	0	0	0	0	0	9	0	0	0	13

161	assemblage-337-810	0	0	0	0	5	0	0	0	0	0	0	0	0	0	0	0	122	0	0	8	0	0	0	0	0	0	0	0	54	0	0	212	0	0	0	12	0	0	50	0	0	0	0	0	0	0	0	0	0	0	0	0	9	0	0	0	0	0	0	0	0	0	0	0	0	0	0	0	0	0	28
161	assemblage-462-472	0	0	0	0	11	0	33	0	0	0	0	38	0	0	0	0	8	0	0	0	13	0	0	0	0	0	0	103	0	0	0	90	0	0	11	89	0	0	80	5	0	0	0	0	6	0	0	0	0	0	0	0	0	0	0	0	0	0	0	0	0	0	0	0	0	0	0	0	0	0	13
161	assemblage-610-1007	0	0	0	0	0	0	218	0	0	0	0	0	0	0	0	0	0	0	0	0	0	0	0	0	0	0	0	143	0	0	0	0	0	0	54	0	0	0	0	57	0	0	0	0	0	0	0	0	0	0	0	0	0	0	0	0	0	0	0	6	0	0	0	0	0	0	9	0	0	0	13

162	assemblage-337-810	0	0	0	0	5	0	0	0	0	0	0	0	0	0	0	0	122	0	0	8	0	0	0	0	0	0	0	0	54	0	0	212	0	0	0	12	0	0	50	0	0	0	0	0	0	0	0	0	0	0	0	0	9	0	0	0	0	0	0	0	0	0	0	0	0	0	0	0	0	0	28
162	assemblage-462-472	0	0	0	0	11	0	33	0	0	0	0	38	0	0	0	0	8	0	0	0	13	0	0	0	0	0	0	103	0	0	0	90	0	0	11	89	0	0	80	5	0	0	0	0	6	0	0	0	0	0	0	0	0	0	0	0	0	0	0	0	0	0	0	0	0	0	0	0	0	0	13
162	assemblage-239-581	0	0	0	0	70	0	0	0	0	0	0	0	0	0	0	0	0	0	0	0	0	0	0	0	0	0	0	0	0	0	0	0	0	23	0	236	0	0	147	0	12	0	0	0	0	0	0	0	0	0	0	0	0	0	0	0	0	0	0	0	0	0	0	0	5	0	0	0	0	0	7

163	assemblage-337-810	0	0	0	0	5	0	0	0	0	0	0	0	0	0	0	0	122	0	0	8	0	0	0	0	0	0	0	0	54	0	0	212	0	0	0	12	0	0	50	0	0	0	0	0	0	0	0	0	0	0	0	0	9	0	0	0	0	0	0	0	0	0	0	0	0	0	0	0	0	0	28
163	assemblage-462-472	0	0	0	0	11	0	33	0	0	0	0	38	0	0	0	0	8	0	0	0	13	0	0	0	0	0	0	103	0	0	0	90	0	0	11	89	0	0	80	5	0	0	0	0	6	0	0	0	0	0	0	0	0	0	0	0	0	0	0	0	0	0	0	0	0	0	0	0	0	0	13
163	assemblage-252-585	0	0	0	0	65	0	0	0	0	0	0	0	0	0	0	0	0	0	0	0	0	0	0	0	0	0	0	0	0	0	0	0	0	22	0	222	0	0	169	0	8	0	0	0	0	0	0	0	0	0	0	0	0	0	0	0	0	0	0	0	0	0	0	0	5	0	0	0	0	0	9

164	assemblage-337-810	0	0	0	0	5	0	0	0	0	0	0	0	0	0	0	0	122	0	0	8	0	0	0	0	0	0	0	0	54	0	0	212	0	0	0	12	0	0	50	0	0	0	0	0	0	0	0	0	0	0	0	0	9	0	0	0	0	0	0	0	0	0	0	0	0	0	0	0	0	0	28
164	assemblage-403-489	0	0	0	0	14	0	27	0	0	0	0	34	0	0	0	0	7	0	0	0	11	0	0	0	0	0	0	113	0	0	0	81	0	0	21	89	0	0	71	9	0	0	0	0	4	0	0	0	0	0	0	0	0	0	0	0	0	0	0	0	0	0	0	0	0	0	0	0	0	0	19
164	assemblage-610-1007	0	0	0	0	0	0	218	0	0	0	0	0	0	0	0	0	0	0	0	0	0	0	0	0	0	0	0	143	0	0	0	0	0	0	54	0	0	0	0	57	0	0	0	0	0	0	0	0	0	0	0	0	0	0	0	0	0	0	0	6	0	0	0	0	0	0	9	0	0	0	13

165	assemblage-337-810	0	0	0	0	5	0	0	0	0	0	0	0	0	0	0	0	122	0	0	8	0	0	0	0	0	0	0	0	54	0	0	212	0	0	0	12	0	0	50	0	0	0	0	0	0	0	0	0	0	0	0	0	9	0	0	0	0	0	0	0	0	0	0	0	0	0	0	0	0	0	28
165	assemblage-403-489	0	0	0	0	14	0	27	0	0	0	0	34	0	0	0	0	7	0	0	0	11	0	0	0	0	0	0	113	0	0	0	81	0	0	21	89	0	0	71	9	0	0	0	0	4	0	0	0	0	0	0	0	0	0	0	0	0	0	0	0	0	0	0	0	0	0	0	0	0	0	19
165	assemblage-239-581	0	0	0	0	70	0	0	0	0	0	0	0	0	0	0	0	0	0	0	0	0	0	0	0	0	0	0	0	0	0	0	0	0	23	0	236	0	0	147	0	12	0	0	0	0	0	0	0	0	0	0	0	0	0	0	0	0	0	0	0	0	0	0	0	5	0	0	0	0	0	7

166	assemblage-337-810	0	0	0	0	5	0	0	0	0	0	0	0	0	0	0	0	122	0	0	8	0	0	0	0	0	0	0	0	54	0	0	212	0	0	0	12	0	0	50	0	0	0	0	0	0	0	0	0	0	0	0	0	9	0	0	0	0	0	0	0	0	0	0	0	0	0	0	0	0	0	28
166	assemblage-403-489	0	0	0	0	14	0	27	0	0	0	0	34	0	0	0	0	7	0	0	0	11	0	0	0	0	0	0	113	0	0	0	81	0	0	21	89	0	0	71	9	0	0	0	0	4	0	0	0	0	0	0	0	0	0	0	0	0	0	0	0	0	0	0	0	0	0	0	0	0	0	19
166	assemblage-252-585	0	0	0	0	65	0	0	0	0	0	0	0	0	0	0	0	0	0	0	0	0	0	0	0	0	0	0	0	0	0	0	0	0	22	0	222	0	0	169	0	8	0	0	0	0	0	0	0	0	0	0	0	0	0	0	0	0	0	0	0	0	0	0	0	5	0	0	0	0	0	9

167	assemblage-337-810	0	0	0	0	5	0	0	0	0	0	0	0	0	0	0	0	122	0	0	8	0	0	0	0	0	0	0	0	54	0	0	212	0	0	0	12	0	0	50	0	0	0	0	0	0	0	0	0	0	0	0	0	9	0	0	0	0	0	0	0	0	0	0	0	0	0	0	0	0	0	28
167	assemblage-168-128	0	0	18	0	131	0	0	0	0	0	0	0	29	0	0	0	67	12	0	0	0	182	0	0	0	0	0	0	0	0	0	0	0	0	0	0	0	0	31	0	0	0	0	0	0	12	0	0	0	0	0	0	0	0	0	0	0	0	0	0	0	0	0	0	0	0	0	0	0	0	18
167	assemblage-610-1007	0	0	0	0	0	0	218	0	0	0	0	0	0	0	0	0	0	0	0	0	0	0	0	0	0	0	0	143	0	0	0	0	0	0	54	0	0	0	0	57	0	0	0	0	0	0	0	0	0	0	0	0	0	0	0	0	0	0	0	6	0	0	0	0	0	0	9	0	0	0	13

